5 0.818954 0.495169 0.330842 0.181159
4 0.093071 0.320048 0.091033 0.094203
6 0.435392 0.242010 0.002961 0.006503
7 0.464395 0.220643 0.010800 0.028800
7 0.577446 0.347764 0.011148 0.043974
2 0.157731 0.322990 0.008187 0.042735
8 0.540952 0.222346 0.008187 0.029729
8 0.005435 0.904589 0.010870 0.077295
8 0.358016 0.984903 0.020380 0.030193
0 0.313371 0.324074 0.009755 0.040567
0 0.316332 0.364641 0.015329 0.045522
0 0.375819 0.279016 0.011322 0.036542
0 0.422154 0.321906 0.015503 0.039948
0 0.475282 0.372693 0.010277 0.043045
0 0.443405 0.238294 0.010277 0.030038
0 0.501934 0.261830 0.008884 0.033135
0 0.543740 0.247120 0.013064 0.032206
0 0.646230 0.263017 0.008492 0.034219
0 0.775211 0.412473 0.012455 0.048645
1 0.795026 0.303610 0.008303 0.042271
1 0.673970 0.308474 0.008114 0.041264
1 0.540742 0.345209 0.012266 0.046967
1 0.498188 0.449544 0.018871 0.046967
1 0.353261 0.307300 0.010945 0.038916
1 0.449030 0.233159 0.006605 0.026838
1 0.529797 0.249262 0.009247 0.036903
1 0.623868 0.275455 0.012019 0.039329
1 0.840040 0.482008 0.010974 0.055432
1 0.838559 0.402422 0.009755 0.050477