5 0.547215 0.413647 0.353940 0.182367
6 0.057135 0.226217 0.004529 0.008361
7 0.357006 0.156850 0.010626 0.034374
7 0.667764 0.200979 0.009929 0.043974
2 0.037096 0.198640 0.010905 0.046402
8 0.921515 0.160735 0.007593 0.035877
8 0.934203 0.162511 0.005395 0.039429
0 0.502108 0.286758 0.010974 0.052645
0 0.542956 0.253314 0.011148 0.047070
0 0.352738 0.243094 0.013935 0.046451
0 0.372683 0.182398 0.008187 0.042116
0 0.189956 0.374861 0.018290 0.056670
0 0.248659 0.501363 0.016200 0.066890
0 0.662713 0.173263 0.005052 0.020748
0 0.690496 0.229623 0.010452 0.038709
0 0.713925 0.365725 0.012716 0.055741
0 0.739444 0.255326 0.012193 0.048000
1 0.331226 0.355971 0.011671 0.057909
1 0.425376 0.216307 0.009406 0.042425
1 0.559678 0.238139 0.012193 0.048929
1 0.691890 0.492847 0.016374 0.069677
1 0.606361 0.295274 0.012890 0.054812
1 0.688319 0.255481 0.009929 0.047070
1 0.659142 0.188592 0.011497 0.040877
1 0.737267 0.234423 0.008535 0.034684
1 0.759737 0.299455 0.011671 0.052025
1 0.782992 0.369751 0.013239 0.059457