5 0.469090 0.415459 0.356658 0.185990
7 0.605316 0.192308 0.012890 0.040877
7 0.338455 0.162579 0.009406 0.035922
8 0.839343 0.152669 0.007490 0.034684
8 0.852059 0.153598 0.008535 0.037780
0 0.233591 0.354112 0.013587 0.057290
0 0.229585 0.462808 0.015677 0.070296
0 0.288113 0.262759 0.010103 0.053574
0 0.367370 0.201133 0.008361 0.044283
0 0.451331 0.286603 0.011497 0.052335
0 0.488347 0.239223 0.007839 0.044903
0 0.649213 0.189830 0.012890 0.039638
0 0.663932 0.222656 0.010974 0.043354
0 0.708525 0.261984 0.017245 0.047070
0 0.676735 0.334138 0.014980 0.052645
1 0.322429 0.352719 0.017768 0.058219
1 0.403341 0.226836 0.012019 0.038709
1 0.555759 0.229469 0.012716 0.046451
1 0.567343 0.282887 0.011845 0.053574
1 0.671422 0.473182 0.012716 0.066890
1 0.640416 0.241391 0.009929 0.046141
1 0.674035 0.193237 0.011322 0.042735
1 0.700686 0.240617 0.011322 0.039019
1 0.737876 0.293571 0.014980 0.050787
1 0.760173 0.361854 0.014632 0.058528