5 0.306046 0.395531 0.250679 0.134058
4 0.935802 0.310386 0.079484 0.091787
6 0.359793 0.357829 0.004006 0.008361
7 0.527888 0.330422 0.013064 0.038400
7 0.965980 0.719064 0.019335 0.060696
3 0.874965 0.322526 0.010103 0.039948
8 0.326766 0.900362 0.019022 0.092995
8 0.396060 0.920894 0.012228 0.030193
8 0.503397 0.940217 0.013587 0.054348
8 0.269022 0.974034 0.020380 0.049517
8 0.236413 0.978261 0.019022 0.038647
8 0.222486 0.983092 0.011549 0.026570
8 0.211277 0.980676 0.016304 0.038647
8 0.189538 0.981280 0.016304 0.037440
8 0.549227 0.194011 0.005574 0.023226
8 0.557065 0.194011 0.004877 0.024464
0 0.444450 0.444847 0.012368 0.044903
0 0.448544 0.480769 0.017768 0.046761
0 0.357093 0.385544 0.011148 0.036542
0 0.308232 0.294500 0.010626 0.031587
0 0.253362 0.480460 0.012716 0.052335
0 0.222007 0.382603 0.010277 0.044283
0 0.653567 0.261520 0.010103 0.030658
0 0.721938 0.346990 0.013761 0.039329
0 0.745279 0.462963 0.012716 0.050787
0 0.850927 0.645980 0.014284 0.060077
1 0.425899 0.382757 0.012193 0.041496
1 0.349516 0.383067 0.007839 0.029729
1 0.502892 0.354267 0.008710 0.042116
1 0.540865 0.435092 0.014980 0.048309
1 0.583978 0.394060 0.012019 0.043664
1 0.609671 0.283197 0.011148 0.036851
1 0.637803 0.333055 0.015851 0.043045
1 0.666022 0.382293 0.011671 0.046761
1 0.675690 0.503066 0.017071 0.048619
1 0.710702 0.400564 0.017768 0.043664