5 0.435802 0.376812 0.258832 0.140097
6 0.660040 0.252829 0.003933 0.008581
7 0.548356 0.368357 0.014284 0.043045
7 0.356745 0.194630 0.007664 0.022606
8 0.420856 0.922705 0.018342 0.079710
8 0.622283 0.972222 0.020380 0.055556
0 0.325303 0.290474 0.009232 0.037161
0 0.442795 0.329958 0.008361 0.041187
0 0.268691 0.366345 0.013064 0.045832
0 0.304313 0.429054 0.009755 0.049858
0 0.538340 0.463737 0.012716 0.056051
0 0.311490 0.572529 0.020013 0.060713
0 0.609758 0.245572 0.010626 0.032825
0 0.654438 0.239223 0.009755 0.028180
0 0.859898 0.462653 0.011322 0.054503
0 0.814172 0.466524 0.012890 0.050477
1 0.123241 0.375945 0.014110 0.042116
1 0.241430 0.499195 0.020206 0.050787
8 0.288549 0.974266 0.017593 0.051468
8 0.307971 0.975040 0.013239 0.049919
8 0.323561 0.978911 0.014458 0.042178
8 0.335929 0.976712 0.014458 0.042116
8 0.352651 0.976434 0.013761 0.047132
8 0.369896 0.975814 0.015503 0.048371
8 0.394806 0.940171 0.015851 0.046451
1 0.523359 0.354422 0.015851 0.044283
1 0.646774 0.524278 0.012890 0.059457
1 0.695983 0.301623 0.013761 0.037161
1 0.738138 0.277313 0.008884 0.034374
1 0.736221 0.409080 0.013413 0.050167
1 0.844220 0.429518 0.011671 0.052025
1 0.776808 0.562833 0.012368 0.059148
1 0.791266 0.530782 0.016200 0.056980