3 1 672 134 176 585 -1 -1 -1 -1 
3 2 772 342 24 54 -1 -1 -1 -1 
3 3 856 178 15 36 -1 -1 -1 -1 
3 4 962 261 18 43 -1 -1 -1 -1 
3 5 693 204 15 40 -1 -1 -1 -1 
3 6 563 151 11 30 -1 -1 -1 -1 
3 7 657 161 13 34 -1 -1 -1 -1 
3 8 346 251 17 42 -1 -1 -1 -1 
3 9 943 201 14 37 -1 -1 -1 -1 
3 10 794 125 12 30 -1 -1 -1 -1 
3 11 913 157 13 34 -1 -1 -1 -1 
4 1 672 134 176 585 -1 -1 -1 -1 
4 2 773 342 23 53 -1 -1 -1 -1 
4 3 856 177 15 36 -1 -1 -1 -1 
4 4 962 261 19 42 -1 -1 -1 -1 
4 5 694 204 14 40 -1 -1 -1 -1 
4 6 562 151 12 30 -1 -1 -1 -1 
4 7 656 161 14 34 -1 -1 -1 -1 
4 8 346 251 18 42 -1 -1 -1 -1 
4 9 943 201 14 37 -1 -1 -1 -1 
4 10 794 125 11 30 -1 -1 -1 -1 
4 11 912 158 14 33 -1 -1 -1 -1 
5 1 672 134 176 585 -1 -1 -1 -1 
5 2 774 342 25 53 -1 -1 -1 -1 
5 3 857 176 14 37 -1 -1 -1 -1 
5 4 962 260 19 42 -1 -1 -1 -1 
5 5 694 204 15 40 -1 -1 -1 -1 
5 6 563 151 11 30 -1 -1 -1 -1 
5 7 657 160 14 36 -1 -1 -1 -1 
5 8 346 251 20 42 -1 -1 -1 -1 
5 9 943 200 15 38 -1 -1 -1 -1 
5 10 793 124 11 30 -1 -1 -1 -1 
5 11 912 158 13 34 -1 -1 -1 -1 
6 1 671 134 176 585 -1 -1 -1 -1 
6 2 775 343 25 52 -1 -1 -1 -1 
6 3 857 176 14 37 -1 -1 -1 -1 
6 4 962 260 18 42 -1 -1 -1 -1 
6 5 695 205 16 40 -1 -1 -1 -1 
6 6 563 151 11 30 -1 -1 -1 -1 
6 7 657 160 14 36 -1 -1 -1 -1 
6 8 346 251 20 42 -1 -1 -1 -1 
6 9 944 200 15 37 -1 -1 -1 -1 
6 10 793 124 11 30 -1 -1 -1 -1 
6 11 912 158 12 34 -1 -1 -1 -1 
7 1 669 134 178 585 -1 -1 -1 -1 
7 2 777 343 24 53 -1 -1 -1 -1 
7 3 857 176 13 37 -1 -1 -1 -1 
7 4 962 260 18 42 -1 -1 -1 -1 
7 5 696 206 16 39 -1 -1 -1 -1 
7 6 563 151 13 30 -1 -1 -1 -1 
7 7 657 160 14 36 -1 -1 -1 -1 
7 8 346 251 20 42 -1 -1 -1 -1 
7 9 943 199 16 39 -1 -1 -1 -1 
7 10 794 123 11 30 -1 -1 -1 -1 
7 11 912 157 12 35 -1 -1 -1 -1 
8 1 668 134 177 585 -1 -1 -1 -1 
8 2 778 344 25 52 -1 -1 -1 -1 
8 3 857 176 13 36 -1 -1 -1 -1 
8 4 963 259 17 42 -1 -1 -1 -1 
8 5 698 206 14 40 -1 -1 -1 -1 
8 6 563 151 15 30 -1 -1 -1 -1 
8 7 657 160 13 36 -1 -1 -1 -1 
8 8 346 252 20 41 -1 -1 -1 -1 
8 9 943 199 16 39 -1 -1 -1 -1 
8 10 794 122 12 30 -1 -1 -1 -1 
8 11 912 157 12 35 -1 -1 -1 -1 
9 1 667 134 177 585 -1 -1 -1 -1 
9 2 778 344 25 52 -1 -1 -1 -1 
9 3 857 176 13 36 -1 -1 -1 -1 
9 4 963 259 16 42 -1 -1 -1 -1 
9 5 698 207 14 39 -1 -1 -1 -1 
9 6 563 151 15 30 -1 -1 -1 -1 
9 7 657 160 13 36 -1 -1 -1 -1 
9 8 347 252 19 41 -1 -1 -1 -1 
9 9 943 199 16 39 -1 -1 -1 -1 
9 10 794 122 12 30 -1 -1 -1 -1 
9 11 912 157 12 35 -1 -1 -1 -1 
10 1 667 134 177 585 -1 -1 -1 -1 
10 2 779 344 24 52 -1 -1 -1 -1 
10 3 857 176 13 36 -1 -1 -1 -1 
10 4 963 259 16 42 -1 -1 -1 -1 
10 5 699 207 14 39 -1 -1 -1 -1 
10 6 563 151 15 30 -1 -1 -1 -1 
10 7 657 160 13 36 -1 -1 -1 -1 
10 8 347 252 18 41 -1 -1 -1 -1 
10 9 943 199 16 39 -1 -1 -1 -1 
10 10 795 122 12 30 -1 -1 -1 -1 
10 11 913 157 11 34 -1 -1 -1 -1 
11 1 666 133 176 586 -1 -1 -1 -1 
11 2 779 344 24 52 -1 -1 -1 -1 
11 3 857 176 13 36 -1 -1 -1 -1 
11 4 962 258 17 43 -1 -1 -1 -1 
11 5 699 207 16 38 -1 -1 -1 -1 
11 6 563 151 15 30 -1 -1 -1 -1 
11 7 656 160 14 36 -1 -1 -1 -1 
11 8 348 251 17 42 -1 -1 -1 -1 
11 9 942 199 16 39 -1 -1 -1 -1 
11 10 795 122 11 30 -1 -1 -1 -1 
11 11 912 157 12 34 -1 -1 -1 -1 
12 1 665 133 175 586 -1 -1 -1 -1 
12 2 780 344 23 52 -1 -1 -1 -1 
12 3 858 176 12 36 -1 -1 -1 -1 
12 4 962 257 18 43 -1 -1 -1 -1 
12 5 700 206 15 39 -1 -1 -1 -1 
12 6 563 151 15 31 -1 -1 -1 -1 
12 7 656 160 14 35 -1 -1 -1 -1 
12 8 350 251 15 42 -1 -1 -1 -1 
12 9 942 199 16 39 -1 -1 -1 -1 
12 10 794 122 13 30 -1 -1 -1 -1 
12 11 912 156 13 35 -1 -1 -1 -1 
13 1 663 132 176 587 -1 -1 -1 -1 
13 2 781 343 21 52 -1 -1 -1 -1 
13 3 858 176 12 36 -1 -1 -1 -1 
13 4 961 256 19 43 -1 -1 -1 -1 
13 5 701 205 15 40 -1 -1 -1 -1 
13 6 563 151 15 31 -1 -1 -1 -1 
13 7 656 160 14 35 -1 -1 -1 -1 
13 8 350 251 16 42 -1 -1 -1 -1 
13 9 942 199 15 39 -1 -1 -1 -1 
13 10 794 122 14 30 -1 -1 -1 -1 
13 11 911 157 14 34 -1 -1 -1 -1 
14 1 662 132 175 587 -1 -1 -1 -1 
14 2 783 343 19 52 -1 -1 -1 -1 
14 3 856 175 15 37 -1 -1 -1 -1 
14 4 961 256 19 43 -1 -1 -1 -1 
14 5 700 205 18 39 -1 -1 -1 -1 
14 6 563 151 15 31 -1 -1 -1 -1 
14 7 656 160 14 35 -1 -1 -1 -1 
14 8 351 251 16 43 -1 -1 -1 -1 
14 9 942 199 15 39 -1 -1 -1 -1 
14 10 795 123 12 29 -1 -1 -1 -1 
14 11 911 157 14 34 -1 -1 -1 -1 
15 1 661 132 175 587 -1 -1 -1 -1 
15 2 784 343 19 52 -1 -1 -1 -1 
15 3 857 175 14 37 -1 -1 -1 -1 
15 4 961 255 19 44 -1 -1 -1 -1 
15 5 701 205 17 39 -1 -1 -1 -1 
15 6 564 151 14 31 -1 -1 -1 -1 
15 7 656 160 14 35 -1 -1 -1 -1 
15 8 352 251 16 43 -1 -1 -1 -1 
15 9 941 199 15 39 -1 -1 -1 -1 
15 10 795 123 12 29 -1 -1 -1 -1 
15 11 911 157 13 34 -1 -1 -1 -1 
16 1 660 132 175 586 -1 -1 -1 -1 
16 2 785 342 18 52 -1 -1 -1 -1 
16 3 857 175 14 37 -1 -1 -1 -1 
16 4 960 255 21 44 -1 -1 -1 -1 
16 5 701 204 18 39 -1 -1 -1 -1 
16 6 564 151 13 31 -1 -1 -1 -1 
16 7 657 160 13 35 -1 -1 -1 -1 
16 8 351 251 18 43 -1 -1 -1 -1 
16 9 942 199 14 39 -1 -1 -1 -1 
16 10 795 123 11 29 -1 -1 -1 -1 
16 11 910 157 15 34 -1 -1 -1 -1 
17 1 660 132 174 586 -1 -1 -1 -1 
17 2 785 342 18 52 -1 -1 -1 -1 
17 3 855 175 16 36 -1 -1 -1 -1 
17 4 961 255 19 43 -1 -1 -1 -1 
17 5 701 204 18 39 -1 -1 -1 -1 
17 6 565 151 12 30 -1 -1 -1 -1 
17 7 657 160 13 35 -1 -1 -1 -1 
17 8 352 251 19 43 -1 -1 -1 -1 
17 9 942 199 14 38 -1 -1 -1 -1 
17 10 795 123 12 29 -1 -1 -1 -1 
17 11 910 157 14 34 -1 -1 -1 -1 
18 1 660 132 173 587 -1 -1 -1 -1 
18 2 786 341 18 53 -1 -1 -1 -1 
18 3 856 175 15 36 -1 -1 -1 -1 
18 4 959 255 23 43 -1 -1 -1 -1 
18 5 702 205 18 39 -1 -1 -1 -1 
18 6 565 150 12 31 -1 -1 -1 -1 
18 7 657 161 14 34 -1 -1 -1 -1 
18 8 352 251 21 43 -1 -1 -1 -1 
18 9 943 199 13 38 -1 -1 -1 -1 
18 10 794 123 13 29 -1 -1 -1 -1 
18 11 910 157 14 33 -1 -1 -1 -1 
19 1 659 131 174 588 -1 -1 -1 -1 
19 2 786 341 20 53 -1 -1 -1 -1 
19 3 855 175 16 36 -1 -1 -1 -1 
19 4 959 255 22 42 -1 -1 -1 -1 
19 5 702 205 18 39 -1 -1 -1 -1 
19 6 565 150 11 30 -1 -1 -1 -1 
19 7 657 161 14 34 -1 -1 -1 -1 
19 8 353 252 21 42 -1 -1 -1 -1 
19 9 942 199 15 38 -1 -1 -1 -1 
19 10 795 123 11 29 -1 -1 -1 -1 
19 11 911 157 13 33 -1 -1 -1 -1 
20 1 658 131 177 588 -1 -1 -1 -1 
20 2 788 342 20 52 -1 -1 -1 -1 
20 3 856 175 15 36 -1 -1 -1 -1 
20 4 960 255 23 43 -1 -1 -1 -1 
20 5 703 205 17 39 -1 -1 -1 -1 
20 6 565 150 12 30 -1 -1 -1 -1 
20 7 658 161 14 35 -1 -1 -1 -1 
20 8 352 252 21 43 -1 -1 -1 -1 
20 9 944 199 14 38 -1 -1 -1 -1 
20 10 796 123 10 29 -1 -1 -1 -1 
20 11 912 158 13 33 -1 -1 -1 -1 
21 1 657 130 178 589 -1 -1 -1 -1 
21 2 789 342 20 52 -1 -1 -1 -1 
21 3 856 175 15 36 -1 -1 -1 -1 
21 4 960 255 23 43 -1 -1 -1 -1 
21 5 704 206 17 38 -1 -1 -1 -1 
21 6 566 150 12 30 -1 -1 -1 -1 
21 7 658 161 14 35 -1 -1 -1 -1 
21 8 352 252 21 43 -1 -1 -1 -1 
21 9 945 199 14 38 -1 -1 -1 -1 
21 10 796 123 10 28 -1 -1 -1 -1 
21 11 912 158 13 33 -1 -1 -1 -1 
22 1 656 130 179 589 -1 -1 -1 -1 
22 2 788 342 22 52 -1 -1 -1 -1 
22 3 857 175 14 36 -1 -1 -1 -1 
22 4 960 255 23 43 -1 -1 -1 -1 
22 5 705 205 16 39 -1 -1 -1 -1 
22 6 566 150 12 30 -1 -1 -1 -1 
22 7 658 161 15 35 -1 -1 -1 -1 
22 8 352 253 21 42 -1 -1 -1 -1 
22 9 945 199 15 38 -1 -1 -1 -1 
22 10 796 122 11 29 -1 -1 -1 -1 
22 11 913 157 12 34 -1 -1 -1 -1 
23 1 656 129 179 590 -1 -1 -1 -1 
23 2 788 343 23 51 -1 -1 -1 -1 
23 3 857 175 13 36 -1 -1 -1 -1 
23 4 960 254 23 43 -1 -1 -1 -1 
23 5 706 204 14 40 -1 -1 -1 -1 
23 6 565 150 13 30 -1 -1 -1 -1 
23 7 659 161 13 35 -1 -1 -1 -1 
23 8 353 252 20 43 -1 -1 -1 -1 
23 9 944 199 16 38 -1 -1 -1 -1 
23 10 797 121 10 30 -1 -1 -1 -1 
23 11 914 156 11 35 -1 -1 -1 -1 
24 1 655 128 179 591 -1 -1 -1 -1 
24 2 788 343 24 51 -1 -1 -1 -1 
24 3 857 174 13 37 -1 -1 -1 -1 
24 4 960 254 23 43 -1 -1 -1 -1 
24 5 707 203 14 40 -1 -1 -1 -1 
24 6 566 150 13 30 -1 -1 -1 -1 
24 7 659 160 13 35 -1 -1 -1 -1 
24 8 354 251 18 43 -1 -1 -1 -1 
24 9 945 198 16 39 -1 -1 -1 -1 
24 10 797 121 11 30 -1 -1 -1 -1 
24 11 913 156 13 35 -1 -1 -1 -1 
25 1 654 127 179 592 -1 -1 -1 -1 
25 2 789 343 23 50 -1 -1 -1 -1 
25 3 857 174 14 36 -1 -1 -1 -1 
25 4 960 254 22 43 -1 -1 -1 -1 
25 5 708 203 14 40 -1 -1 -1 -1 
25 6 566 150 13 30 -1 -1 -1 -1 
25 7 659 159 13 36 -1 -1 -1 -1 
25 8 355 251 17 42 -1 -1 -1 -1 
25 9 944 198 16 38 -1 -1 -1 -1 
25 10 797 120 11 31 -1 -1 -1 -1 
25 11 914 155 12 36 -1 -1 -1 -1 
26 1 654 127 177 592 -1 -1 -1 -1 
26 2 790 342 22 50 -1 -1 -1 -1 
26 3 858 173 12 37 -1 -1 -1 -1 
26 4 961 253 21 43 -1 -1 -1 -1 
26 5 708 202 15 40 -1 -1 -1 -1 
26 6 566 150 13 30 -1 -1 -1 -1 
26 7 659 159 13 36 -1 -1 -1 -1 
26 8 356 250 16 43 -1 -1 -1 -1 
26 9 944 197 16 39 -1 -1 -1 -1 
26 10 797 120 11 30 -1 -1 -1 -1 
26 11 913 155 13 35 -1 -1 -1 -1 
26 13 156 94 7 20 -1 -1 -1 -1 
27 1 653 127 177 592 -1 -1 -1 -1 
27 2 790 342 22 50 -1 -1 -1 -1 
27 3 858 173 12 36 -1 -1 -1 -1 
27 4 961 252 21 43 -1 -1 -1 -1 
27 5 708 202 15 40 -1 -1 -1 -1 
27 6 566 150 13 30 -1 -1 -1 -1 
27 7 659 158 13 36 -1 -1 -1 -1 
27 8 357 250 16 43 -1 -1 -1 -1 
27 9 944 197 16 39 -1 -1 -1 -1 
27 10 797 119 11 31 -1 -1 -1 -1 
27 11 913 155 14 35 -1 -1 -1 -1 
27 13 156 94 7 20 -1 -1 -1 -1 
28 1 653 127 175 592 -1 -1 -1 -1 
28 2 791 342 21 49 -1 -1 -1 -1 
28 3 858 173 11 36 -1 -1 -1 -1 
28 4 963 252 20 43 -1 -1 -1 -1 
28 5 708 202 15 40 -1 -1 -1 -1 
28 6 565 150 13 29 -1 -1 -1 -1 
28 7 659 158 12 36 -1 -1 -1 -1 
28 8 357 249 16 43 -1 -1 -1 -1 
28 9 943 196 17 39 -1 -1 -1 -1 
28 10 797 119 11 31 -1 -1 -1 -1 
28 11 914 154 13 35 -1 -1 -1 -1 
28 13 156 94 7 19 -1 -1 -1 -1 
29 1 654 127 173 592 -1 -1 -1 -1 
29 2 792 341 19 50 -1 -1 -1 -1 
29 3 857 172 13 37 -1 -1 -1 -1 
29 4 964 252 19 42 -1 -1 -1 -1 
29 5 707 202 17 39 -1 -1 -1 -1 
29 6 565 150 12 29 -1 -1 -1 -1 
29 7 658 158 14 36 -1 -1 -1 -1 
29 8 358 249 16 43 -1 -1 -1 -1 
29 9 943 196 16 39 -1 -1 -1 -1 
29 10 796 120 12 30 -1 -1 -1 -1 
29 11 914 154 13 35 -1 -1 -1 -1 
29 13 156 93 7 20 -1 -1 -1 -1 
30 1 653 128 173 591 -1 -1 -1 -1 
30 2 794 340 18 51 -1 -1 -1 -1 
30 3 857 172 13 37 -1 -1 -1 -1 
30 4 965 251 19 43 -1 -1 -1 -1 
30 5 706 203 19 38 -1 -1 -1 -1 
30 6 565 149 12 30 -1 -1 -1 -1 
30 7 659 157 13 37 -1 -1 -1 -1 
30 8 359 249 17 43 -1 -1 -1 -1 
30 9 943 196 16 39 -1 -1 -1 -1 
30 10 797 120 11 30 -1 -1 -1 -1 
30 11 913 154 14 35 -1 -1 -1 -1 
30 13 156 93 7 21 -1 -1 -1 -1 
31 1 653 128 171 591 -1 -1 -1 -1 
31 2 795 340 18 51 -1 -1 -1 -1 
31 3 857 172 14 36 -1 -1 -1 -1 
31 4 966 250 18 44 -1 -1 -1 -1 
31 5 707 203 18 37 -1 -1 -1 -1 
31 6 565 149 11 30 -1 -1 -1 -1 
31 7 659 157 14 36 -1 -1 -1 -1 
31 8 359 249 19 43 -1 -1 -1 -1 
31 9 943 196 15 39 -1 -1 -1 -1 
31 10 796 121 11 29 -1 -1 -1 -1 
31 11 913 154 14 35 -1 -1 -1 -1 
32 1 651 129 173 590 -1 -1 -1 -1 
32 2 796 339 17 52 -1 -1 -1 -1 
32 3 857 172 15 36 -1 -1 -1 -1 
32 4 966 250 18 44 -1 -1 -1 -1 
32 5 708 203 17 37 -1 -1 -1 -1 
32 6 564 149 12 29 -1 -1 -1 -1 
32 7 659 157 15 36 -1 -1 -1 -1 
32 8 359 249 20 43 -1 -1 -1 -1 
32 9 944 196 14 39 -1 -1 -1 -1 
32 10 796 121 11 29 -1 -1 -1 -1 
32 11 913 154 14 35 -1 -1 -1 -1 
33 1 650 129 173 590 -1 -1 -1 -1 
33 2 797 339 17 52 -1 -1 -1 -1 
33 3 857 172 15 36 -1 -1 -1 -1 
33 4 966 250 18 43 -1 -1 -1 -1 
33 5 708 203 17 37 -1 -1 -1 -1 
33 6 564 148 12 30 -1 -1 -1 -1 
33 7 659 157 16 36 -1 -1 -1 -1 
33 8 360 249 20 43 -1 -1 -1 -1 
33 9 944 195 14 40 -1 -1 -1 -1 
33 10 796 121 11 29 -1 -1 -1 -1 
33 11 913 154 14 34 -1 -1 -1 -1 
34 1 649 129 174 590 -1 -1 -1 -1 
34 2 796 339 20 52 -1 -1 -1 -1 
34 3 856 172 16 36 -1 -1 -1 -1 
34 4 965 250 19 43 -1 -1 -1 -1 
34 5 708 203 17 37 -1 -1 -1 -1 
34 6 563 148 12 30 -1 -1 -1 -1 
34 7 660 157 15 37 -1 -1 -1 -1 
34 8 360 250 20 42 -1 -1 -1 -1 
34 9 943 195 14 39 -1 -1 -1 -1 
34 10 797 121 9 28 -1 -1 -1 -1 
34 11 913 154 14 34 -1 -1 -1 -1 
35 1 649 129 173 590 -1 -1 -1 -1 
35 2 796 339 21 52 -1 -1 -1 -1 
35 3 856 172 16 36 -1 -1 -1 -1 
35 4 965 250 19 43 -1 -1 -1 -1 
35 5 709 203 15 37 -1 -1 -1 -1 
35 6 563 148 12 30 -1 -1 -1 -1 
35 7 660 158 14 36 -1 -1 -1 -1 
35 8 360 250 20 42 -1 -1 -1 -1 
35 9 943 195 15 39 -1 -1 -1 -1 
35 10 797 121 9 28 -1 -1 -1 -1 
35 11 913 154 13 34 -1 -1 -1 -1 
36 1 649 129 173 590 -1 -1 -1 -1 
36 2 797 339 22 51 -1 -1 -1 -1 
36 3 856 172 15 36 -1 -1 -1 -1 
36 4 964 250 20 42 -1 -1 -1 -1 
36 5 710 202 15 38 -1 -1 -1 -1 
36 6 563 148 12 30 -1 -1 -1 -1 
36 7 661 158 14 36 -1 -1 -1 -1 
36 8 361 250 19 42 -1 -1 -1 -1 
36 9 944 195 13 39 -1 -1 -1 -1 
36 10 797 121 9 28 -1 -1 -1 -1 
36 11 914 154 12 35 -1 -1 -1 -1 
37 1 648 129 172 589 -1 -1 -1 -1 
37 2 797 339 23 51 -1 -1 -1 -1 
37 3 855 172 16 36 -1 -1 -1 -1 
37 4 964 250 19 42 -1 -1 -1 -1 
37 5 711 201 14 39 -1 -1 -1 -1 
37 6 563 148 12 30 -1 -1 -1 -1 
37 7 661 158 13 36 -1 -1 -1 -1 
37 8 362 250 18 42 -1 -1 -1 -1 
37 9 944 195 14 39 -1 -1 -1 -1 
37 10 796 121 11 28 -1 -1 -1 -1 
37 11 914 154 12 35 -1 -1 -1 -1 
38 1 648 129 172 589 -1 -1 -1 -1 
38 2 797 339 24 51 -1 -1 -1 -1 
38 3 855 172 16 36 -1 -1 -1 -1 
38 4 964 250 19 42 -1 -1 -1 -1 
38 5 712 201 14 39 -1 -1 -1 -1 
38 6 562 148 13 30 -1 -1 -1 -1 
38 7 661 158 13 37 -1 -1 -1 -1 
38 8 363 250 16 42 -1 -1 -1 -1 
38 9 944 195 14 39 -1 -1 -1 -1 
38 10 796 121 11 28 -1 -1 -1 -1 
38 11 914 153 12 36 -1 -1 -1 -1 
39 1 647 128 172 590 -1 -1 -1 -1 
39 2 797 339 24 51 -1 -1 -1 -1 
39 3 854 172 16 36 -1 -1 -1 -1 
39 4 964 250 19 42 -1 -1 -1 -1 
39 5 712 200 14 40 -1 -1 -1 -1 
39 6 561 148 13 30 -1 -1 -1 -1 
39 7 661 158 13 37 -1 -1 -1 -1 
39 8 363 250 17 42 -1 -1 -1 -1 
39 9 944 195 15 39 -1 -1 -1 -1 
39 10 797 121 9 28 -1 -1 -1 -1 
39 11 915 153 12 35 -1 -1 -1 -1 
40 1 647 128 172 590 -1 -1 -1 -1 
40 2 797 339 24 51 -1 -1 -1 -1 
40 3 855 172 15 36 -1 -1 -1 -1 
40 4 964 250 18 42 -1 -1 -1 -1 
40 5 712 200 14 40 -1 -1 -1 -1 
40 6 562 148 12 30 -1 -1 -1 -1 
40 7 661 158 13 37 -1 -1 -1 -1 
40 8 364 250 16 42 -1 -1 -1 -1 
40 9 944 195 15 39 -1 -1 -1 -1 
40 10 797 121 9 28 -1 -1 -1 -1 
40 11 915 153 12 35 -1 -1 -1 -1 
40 14 155 95 7 19 -1 -1 -1 -1 
41 1 645 128 173 590 -1 -1 -1 -1 
41 2 797 339 24 51 -1 -1 -1 -1 
41 3 855 172 14 36 -1 -1 -1 -1 
41 4 964 250 19 41 -1 -1 -1 -1 
41 5 712 200 15 40 -1 -1 -1 -1 
41 6 561 148 13 30 -1 -1 -1 -1 
41 7 661 159 13 36 -1 -1 -1 -1 
41 8 365 249 16 43 -1 -1 -1 -1 
41 9 945 195 15 39 -1 -1 -1 -1 
41 10 796 121 11 28 -1 -1 -1 -1 
41 11 914 153 13 35 -1 -1 -1 -1 
42 1 644 128 174 590 -1 -1 -1 -1 
42 2 798 339 23 51 -1 -1 -1 -1 
42 3 855 172 14 36 -1 -1 -1 -1 
42 4 964 249 19 42 -1 -1 -1 -1 
42 5 712 200 16 40 -1 -1 -1 -1 
42 6 560 147 13 31 -1 -1 -1 -1 
42 7 661 159 12 36 -1 -1 -1 -1 
42 8 366 249 16 43 -1 -1 -1 -1 
42 9 944 195 16 39 -1 -1 -1 -1 
42 10 797 120 10 29 -1 -1 -1 -1 
42 11 914 153 13 35 -1 -1 -1 -1 
43 1 644 128 173 590 -1 -1 -1 -1 
43 2 799 339 22 51 -1 -1 -1 -1 
43 3 856 172 13 36 -1 -1 -1 -1 
43 4 965 248 18 42 -1 -1 -1 -1 
43 5 712 201 17 39 -1 -1 -1 -1 
43 6 559 147 13 30 -1 -1 -1 -1 
43 7 661 159 13 35 -1 -1 -1 -1 
43 8 366 250 18 42 -1 -1 -1 -1 
43 9 944 195 16 39 -1 -1 -1 -1 
43 10 797 120 11 29 -1 -1 -1 -1 
43 11 914 153 13 35 -1 -1 -1 -1 
44 1 643 128 172 590 -1 -1 -1 -1 
44 2 801 338 20 52 -1 -1 -1 -1 
44 3 856 172 13 36 -1 -1 -1 -1 
44 4 965 248 18 42 -1 -1 -1 -1 
44 5 712 201 18 39 -1 -1 -1 -1 
44 6 559 147 12 30 -1 -1 -1 -1 
44 7 662 158 11 36 -1 -1 -1 -1 
44 8 367 250 20 42 -1 -1 -1 -1 
44 9 943 195 16 39 -1 -1 -1 -1 
44 10 797 120 10 29 -1 -1 -1 -1 
44 11 913 153 13 35 -1 -1 -1 -1 
45 1 642 128 172 590 -1 -1 -1 -1 
45 2 801 338 20 52 -1 -1 -1 -1 
45 3 856 171 13 36 -1 -1 -1 -1 
45 4 965 247 18 42 -1 -1 -1 -1 
45 5 712 201 18 38 -1 -1 -1 -1 
45 6 558 146 13 30 -1 -1 -1 -1 
45 7 662 159 12 35 -1 -1 -1 -1 
45 8 368 250 20 42 -1 -1 -1 -1 
45 9 943 195 16 39 -1 -1 -1 -1 
45 10 797 120 10 29 -1 -1 -1 -1 
45 11 913 153 13 35 -1 -1 -1 -1 
46 1 642 127 172 591 -1 -1 -1 -1 
46 2 802 337 18 52 -1 -1 -1 -1 
46 3 855 171 13 36 -1 -1 -1 -1 
46 4 965 247 17 42 -1 -1 -1 -1 
46 5 712 201 18 38 -1 -1 -1 -1 
46 6 557 146 13 30 -1 -1 -1 -1 
46 7 661 159 13 35 -1 -1 -1 -1 
46 8 368 250 21 42 -1 -1 -1 -1 
46 9 942 195 17 39 -1 -1 -1 -1 
46 10 796 120 11 29 -1 -1 -1 -1 
46 11 912 154 14 34 -1 -1 -1 -1 
47 1 641 127 171 591 -1 -1 -1 -1 
47 2 804 337 17 52 -1 -1 -1 -1 
47 3 855 171 13 36 -1 -1 -1 -1 
47 4 964 246 19 43 -1 -1 -1 -1 
47 5 712 201 18 38 -1 -1 -1 -1 
47 6 557 146 13 30 -1 -1 -1 -1 
47 7 662 159 13 35 -1 -1 -1 -1 
47 8 368 250 21 42 -1 -1 -1 -1 
47 9 942 195 16 40 -1 -1 -1 -1 
47 10 796 120 11 29 -1 -1 -1 -1 
47 11 912 154 13 35 -1 -1 -1 -1 
48 1 639 128 172 590 -1 -1 -1 -1 
48 2 805 336 17 54 -1 -1 -1 -1 
48 3 856 172 12 35 -1 -1 -1 -1 
48 4 964 246 19 43 -1 -1 -1 -1 
48 5 712 201 17 38 -1 -1 -1 -1 
48 6 556 146 13 30 -1 -1 -1 -1 
48 7 662 159 13 36 -1 -1 -1 -1 
48 8 369 250 20 42 -1 -1 -1 -1 
48 9 941 195 17 40 -1 -1 -1 -1 
48 10 797 120 10 30 -1 -1 -1 -1 
48 11 911 154 14 35 -1 -1 -1 -1 
49 1 638 128 171 590 -1 -1 -1 -1 
49 2 805 337 19 53 -1 -1 -1 -1 
49 3 856 172 13 36 -1 -1 -1 -1 
49 4 963 247 20 42 -1 -1 -1 -1 
49 5 713 201 16 38 -1 -1 -1 -1 
49 6 555 146 13 30 -1 -1 -1 -1 
49 7 662 159 14 36 -1 -1 -1 -1 
49 8 369 251 20 41 -1 -1 -1 -1 
49 9 942 195 15 40 -1 -1 -1 -1 
49 10 796 121 12 29 -1 -1 -1 -1 
49 11 912 154 13 35 -1 -1 -1 -1 
