1 0.433203 0.202778 0.00859375 0.0277778
0 0.767969 0.305556 0.009375 0.0305556
1 0.794531 0.301389 0.0125 0.0388889
1 0.235547 0.427083 0.0117188 0.0513889
0 0.209375 0.342361 0.009375 0.0430556
1 0.394922 0.443056 0.0148437 0.0666667
1 0.691797 0.247917 0.00859375 0.0375
0 0.669922 0.265278 0.00859375 0.0361111
1 0.900391 0.503472 0.0132813 0.0625
0 0.369141 0.372222 0.0101562 0.0472222
0 0.491016 0.24375 0.00859375 0.0347222
0 0.459375 0.286806 0.009375 0.0375
1 0.216406 0.3625 0.0109375 0.0416667
1 0.415625 0.2625 0.0078125 0.0361111
1 0.606641 0.3125 0.0101562 0.0416667
1 0.361328 0.751389 0.0164062 0.0805556
0 0.183984 0.428472 0.0101562 0.0569444
0 0.166406 0.527778 0.0140625 0.0638889
0 0.285156 0.263889 0.009375 0.0416667
0 0.453906 0.502778 0.015625 0.0527778
