1 0.518359 0.355556 0.00859375 0.0416667
1 0.408984 0.389583 0.0101562 0.0319444
0 0.284375 0.370139 0.009375 0.0458333
1 0.622266 0.274306 0.00859375 0.0347222
0 0.257812 0.452083 0.009375 0.0458333
0 0.456641 0.396528 0.0132813 0.0402778
0 0.669531 0.263194 0.0078125 0.0319444
1 0.492578 0.43125 0.0117188 0.0375
1 0.626562 0.326389 0.0109375 0.0333333
0 0.427734 0.488194 0.0117188 0.0486111
1 0.416797 0.346528 0.0117188 0.0375
1 0.665234 0.527778 0.0148437 0.0444444
0 0.861719 0.669444 0.0125 0.0611111
1 0.712109 0.414583 0.0117188 0.0430556
0 0.430078 0.416667 0.0117188 0.0444444
0 0.744141 0.4625 0.0132813 0.0416667
0 0.716797 0.329861 0.00859375 0.0347222
1 0.567578 0.384028 0.0101562 0.0402778
0 0.345703 0.284722 0.00859375 0.0333333
1 0.683203 0.383333 0.0101562 0.0388889
4 0.982813 0.322222 0.0328125 0.105556
