1 0.252344 0.23125 0.00625 0.0291667
0 0.342969 0.395139 0.0109375 0.0430556
1 0.338672 0.397222 0.0101562 0.0444444
0 0.462891 0.486806 0.0148437 0.0569444
0 0.657812 0.263194 0.0078125 0.0263889
1 0.525 0.363194 0.0125 0.0347222
0 0.307422 0.297222 0.0101562 0.0305556
0 0.469141 0.491667 0.0195312 0.0527778
0 0.196875 0.393056 0.009375 0.0388889
1 0.565625 0.449306 0.0140625 0.0486111
1 0.729297 0.402778 0.0117188 0.0444444
1 0.431641 0.411806 0.0101562 0.0430556
1 0.675391 0.392361 0.0132813 0.0430556
1 0.607813 0.404167 0.009375 0.0416667
1 0.689453 0.495139 0.0148437 0.0458333
1 0.621484 0.291667 0.0117188 0.0361111
0 0.733984 0.3625 0.0101562 0.0388889
1 0.655859 0.349306 0.0101562 0.0375
0 0.266406 0.50625 0.0125 0.0486111
0 0.746094 0.470833 0.0140625 0.0444444
0 0.855078 0.640278 0.0179687 0.0555556
4 0.910937 0.313194 0.0765625 0.0902778
