0 0.565625 0.240278 0.0078125 0.0444444
1 0.463672 0.227083 0.0101562 0.0347222
1 0.650781 0.19375 0.009375 0.0402778
0 0.591797 0.190972 0.00859375 0.0319444
1 0.439063 0.186111 0.009375 0.0416667
0 0.540625 0.181944 0.0109375 0.0361111
0 0.404297 0.177778 0.00703125 0.0416667
0 0.195312 0.231944 0.009375 0.0416667
1 0.520312 0.190972 0.009375 0.0347222
1 0.576563 0.311806 0.0109375 0.0541667
1 0.717969 0.220139 0.009375 0.0402778
0 0.58125 0.394444 0.0109375 0.0555556
0 0.478906 0.226389 0.0125 0.0333333
1 0.742578 0.383333 0.0132813 0.0555556
0 0.710938 0.295833 0.0109375 0.05
1 0.413281 0.272222 0.009375 0.0444444
1 0.739844 0.281944 0.009375 0.05
0 0.36875 0.309722 0.0109375 0.0527778
0 0.130859 0.366667 0.0117188 0.0555556
0 0.205859 0.565972 0.0148437 0.0625
1 0.598437 0.507639 0.015625 0.0541667
