0 0.69375 0.284028 0.0078125 0.0236111
0 0.591016 0.2375 0.00703125 0.0277778
0 0.759766 0.265972 0.00703125 0.0319444
0 0.792188 0.377083 0.009375 0.0375
0 0.195703 0.301389 0.00859375 0.0333333
1 0.442969 0.306944 0.0078125 0.0333333
1 0.539062 0.265278 0.009375 0.0361111
0 0.603516 0.29375 0.00859375 0.0347222
1 0.687109 0.327778 0.00859375 0.0388889
1 0.626172 0.28125 0.00703125 0.0291667
1 0.236328 0.407639 0.0101562 0.0430556
1 0.586328 0.325 0.00859375 0.0333333
0 0.506641 0.377083 0.0117188 0.0402778
0 0.155078 0.429167 0.0101562 0.0444444
1 0.533594 0.380556 0.0125 0.0444444
0 0.0953125 0.375 0.0109375 0.0444444
0 0.640625 0.347222 0.009375 0.0388889
1 0.202734 0.338889 0.00859375 0.0388889
1 0.764453 0.424306 0.0148437 0.0402778
0 0.332812 0.31875 0.0078125 0.0347222
0 0.341797 0.50625 0.0164062 0.0486111
4 0.839063 0.322222 0.0734375 0.0888889
