0 0.207422 0.342361 0.00859375 0.0291667
0 0.369922 0.408333 0.0132813 0.0388889
0 0.248437 0.347222 0.0125 0.0416667
1 0.298828 0.413194 0.0148437 0.0513889
0 0.628516 0.366667 0.0148437 0.0388889
0 0.301953 0.301389 0.00859375 0.0333333
0 0.381641 0.353472 0.0101562 0.0430556
1 0.23125 0.323611 0.009375 0.0416667
0 0.322266 0.43125 0.0101562 0.0486111
0 0.136328 0.486111 0.0117188 0.0527778
0 0.532812 0.33125 0.0125 0.0402778
0 0.220703 0.422917 0.0101562 0.0458333
1 0.488281 0.334722 0.015625 0.0444444
0 0.566406 0.749306 0.0203125 0.0625
1 0.192969 0.426389 0.0109375 0.0388889
1 0.469922 0.555556 0.0132813 0.0611111
1 0.708984 0.715278 0.0179687 0.0638889
1 0.469141 0.422917 0.0117188 0.0486111
1 0.791797 0.50625 0.0164062 0.0541667
0 0.289062 0.723611 0.025 0.0638889
1 0.31875 0.544444 0.0125 0.0555556
1 0.758203 0.397222 0.0117188 0.0555556
4 0.0835937 0.288889 0.08125 0.0916667
