0 0.462109 0.36875 0.0164062 0.0430556
1 0.414844 0.434028 0.015625 0.0263889
1 0.391016 0.36875 0.0164062 0.0402778
0 0.38125 0.398611 0.0140625 0.0444444
1 0.125391 0.5 0.0132813 0.0583333
0 0.21875 0.322917 0.0140625 0.0430556
0 0.659766 0.284722 0.0164062 0.0388889
1 0.491016 0.600694 0.0148437 0.0597222
0 0.646875 0.495833 0.0109375 0.0611111
1 0.208203 0.359028 0.0101562 0.0375
0 0.435156 0.400694 0.0125 0.0486111
0 0.706641 0.734722 0.0164062 0.0722222
1 0.679688 0.333333 0.009375 0.05
0 0.329297 0.270833 0.0148437 0.0388889
0 0.168359 0.408333 0.0148437 0.05
1 0.804688 0.419444 0.0109375 0.0583333
1 0.636328 0.236806 0.0148437 0.0402778
0 0.355078 0.492361 0.0179687 0.0569444
0 0.688672 0.265278 0.0117188 0.0472222
1 0.555859 0.440278 0.0132813 0.0555556
1 0.785156 0.514583 0.01875 0.0652778
