0 0.425391 0.209028 0.00703125 0.0291667
1 0.689062 0.251389 0.0109375 0.0361111
0 0.395312 0.400694 0.0140625 0.0541667
1 0.425391 0.206944 0.00703125 0.0333333
1 0.693359 0.246528 0.0101562 0.0347222
0 0.683594 0.268056 0.009375 0.0388889
1 0.794922 0.290278 0.0101562 0.0388889
0 0.220313 0.347222 0.0109375 0.0472222
1 0.223438 0.35625 0.0109375 0.0458333
0 0.39375 0.379861 0.0140625 0.0513889
0 0.829687 0.313194 0.009375 0.0402778
1 0.408984 0.260417 0.00859375 0.0402778
1 0.348047 0.773611 0.0164062 0.0777778
0 0.496094 0.246528 0.009375 0.0402778
0 0.465234 0.292361 0.0117188 0.0347222
0 0.199609 0.434028 0.0132813 0.0541667
1 0.409766 0.447222 0.0148437 0.0555556
0 0.279687 0.266667 0.0078125 0.0388889
1 0.907812 0.509028 0.0140625 0.0597222
1 0.61875 0.315972 0.0109375 0.0402778
0 0.166406 0.547222 0.0140625 0.0638889
0 0.492188 0.50625 0.01875 0.0569444
1 0.246094 0.422222 0.0125 0.05
