1 0.671484 0.634722 0.0132813 0.0527778
0 0.533203 0.422222 0.0164062 0.0444444
1 0.673047 0.620139 0.0117188 0.0430556
1 0.655078 0.636111 0.0132813 0.0611111
1 0.692578 0.486111 0.0148437 0.05
1 0.10625 0.358333 0.0125 0.0444444
1 0.792188 0.339583 0.0109375 0.0402778
0 0.236719 0.611806 0.0140625 0.0625
1 0.714844 0.681944 0.0234375 0.0694444
0 0.407813 0.359722 0.0109375 0.0444444
0 0.716797 0.270139 0.0101562 0.0347222
0 0.264453 0.364583 0.0148437 0.0486111
1 0.1625 0.527778 0.015625 0.0555556
1 0.640625 0.323611 0.0109375 0.0416667
0 0.297656 0.285417 0.0125 0.0402778
0 0.683594 0.527083 0.01875 0.0458333
0 0.569922 0.274306 0.0132813 0.0375
1 0.812109 0.536806 0.0195312 0.0569444
1 0.45 0.397222 0.0171875 0.0472222
0 0.463672 0.502778 0.0179687 0.0583333
0 0.247266 0.438889 0.0210938 0.0472222
0 0.867969 0.619444 0.0171875 0.0611111
