0 0.627344 0.259722 0.009375 0.0305556
1 0.628125 0.253472 0.009375 0.0375
0 0.547266 0.329167 0.00859375 0.0444444
0 0.389453 0.31875 0.00859375 0.0375
1 0.535156 0.273611 0.0109375 0.0361111
0 0.601953 0.256944 0.00859375 0.0361111
1 0.737109 0.346528 0.0117188 0.0458333
0 0.489844 0.251389 0.0109375 0.0305556
0 0.632812 0.284028 0.009375 0.0375
1 0.403906 0.31875 0.009375 0.0402778
0 0.516406 0.280556 0.009375 0.0333333
0 0.483594 0.317361 0.0109375 0.0430556
1 0.580859 0.313889 0.00859375 0.0416667
1 0.848047 0.43125 0.0101562 0.0513889
0 0.446875 0.379861 0.009375 0.0430556
0 0.460938 0.272222 0.009375 0.0416667
0 0.30625 0.381944 0.0109375 0.0472222
1 0.848437 0.324306 0.009375 0.0430556
1 0.779297 0.530556 0.0117188 0.0583333
0 0.76875 0.440972 0.0125 0.0541667
1 0.420312 0.450694 0.0140625 0.0513889
4 0.183594 0.316667 0.09375 0.0944444
