0 0.390625 0.447222 0.0109375 0.05
0 0.64375 0.313889 0.0125 0.0388889
0 0.146094 0.41875 0.015625 0.0458333
0 0.646875 0.306944 0.0109375 0.0277778
0 0.189063 0.350694 0.009375 0.0402778
1 0.202734 0.357639 0.0101562 0.0402778
0 0.151172 0.415278 0.0117188 0.05
0 0.650391 0.30625 0.00859375 0.0347222
1 0.640625 0.326389 0.0109375 0.0361111
1 0.139453 0.418056 0.0132813 0.0472222
1 0.232812 0.436806 0.009375 0.0513889
0 0.263672 0.390972 0.0117188 0.0486111
1 0.548047 0.255556 0.00703125 0.0333333
1 0.374609 0.220139 0.00859375 0.0347222
0 0.335938 0.517361 0.0125 0.0513889
1 0.285937 0.302083 0.009375 0.0375
0 0.883594 0.417361 0.009375 0.0402778
1 0.457812 0.340278 0.0109375 0.0388889
0 0.341797 0.3125 0.00859375 0.0388889
0 0.134766 0.486806 0.0164062 0.0513889
0 0.445703 0.250694 0.00859375 0.0347222
0 0.245312 0.292361 0.009375 0.0402778
1 0.188672 0.661111 0.0179687 0.0638889
1 0.903516 0.65 0.0148437 0.0638889
