1 0.703125 0.251389 0.009375 0.0416667
0 0.717188 0.264583 0.0109375 0.0486111
0 0.645312 0.194444 0.0140625 0.0305556
1 0.673437 0.198611 0.0109375 0.0388889
0 0.352344 0.204167 0.009375 0.0416667
1 0.383984 0.23125 0.00859375 0.0430556
1 0.74375 0.286806 0.015625 0.0486111
0 0.465234 0.245139 0.0101562 0.0430556
0 0.670703 0.330556 0.0132813 0.0527778
1 0.626562 0.236806 0.0140625 0.0375
1 0.310937 0.354861 0.0125 0.0541667
0 0.433984 0.290278 0.0148437 0.0444444
1 0.550781 0.28125 0.0140625 0.0430556
0 0.664453 0.225 0.0132813 0.0361111
0 0.262109 0.265278 0.0117188 0.0527778
0 0.219922 0.354861 0.0148437 0.0541667
1 0.758984 0.361806 0.0148437 0.0513889
1 0.6625 0.470833 0.0171875 0.0583333
1 0.541406 0.229861 0.0109375 0.0458333
0 0.221484 0.45625 0.0195312 0.0625
