0 0.552344 0.261806 0.0078125 0.0375
0 0.546875 0.264583 0.0109375 0.0347222
1 0.55 0.263889 0.009375 0.0361111
0 0.447656 0.248611 0.0078125 0.0277778
1 0.360547 0.322917 0.00859375 0.0347222
0 0.376563 0.289583 0.0078125 0.0402778
0 0.503516 0.270833 0.00703125 0.0333333
0 0.326953 0.369444 0.0117188 0.0416667
1 0.701172 0.332639 0.00859375 0.0402778
0 0.419531 0.336806 0.0109375 0.0402778
1 0.552734 0.35625 0.0132813 0.0430556
1 0.822266 0.325 0.0101562 0.0361111
0 0.484375 0.384028 0.0125 0.0402778
0 0.671484 0.281944 0.0101562 0.0361111
0 0.799609 0.427083 0.0101562 0.0458333
1 0.860547 0.421528 0.0117188 0.0458333
1 0.63125 0.295139 0.009375 0.0347222
0 0.328516 0.328472 0.00859375 0.0375
1 0.471484 0.449306 0.0132813 0.0430556
1 0.863672 0.502778 0.0164062 0.0555556
4 0.157422 0.332639 0.0820312 0.0875
