0 0.223438 0.204167 0.009375 0.0388889
1 0.663281 0.220833 0.009375 0.0388889
1 0.491797 0.213889 0.00703125 0.0333333
0 0.787891 0.292361 0.0117188 0.0402778
0 0.60625 0.21875 0.009375 0.0375
0 0.148438 0.367361 0.0171875 0.0486111
0 0.51875 0.439583 0.0109375 0.0597222
1 0.398828 0.233333 0.00859375 0.0388889
0 0.417969 0.238889 0.009375 0.0416667
1 0.791406 0.259722 0.0078125 0.0305556
1 0.236719 0.281944 0.009375 0.0416667
1 0.525 0.607639 0.0140625 0.0652778
1 0.677344 0.293056 0.0140625 0.0416667
1 0.307813 0.308333 0.009375 0.0444444
0 0.732813 0.238889 0.009375 0.0388889
1 0.494141 0.396528 0.0101562 0.0541667
0 0.326562 0.309028 0.015625 0.0486111
0 0.164062 0.295139 0.0125 0.0486111
1 0.758203 0.433333 0.0132813 0.0583333
0 0.15 0.472222 0.0171875 0.0583333
