0 0.267188 0.450694 0.0109375 0.0597222
0 0.667969 0.248611 0.009375 0.0277778
1 0.698438 0.271528 0.0078125 0.0291667
1 0.682031 0.289583 0.009375 0.0347222
0 0.814844 0.365972 0.009375 0.0347222
1 0.8 0.380556 0.0109375 0.0416667
0 0.733984 0.347222 0.0101562 0.0361111
0 0.657422 0.275 0.00859375 0.0305556
1 0.580078 0.321528 0.00859375 0.0347222
1 0.769531 0.336806 0.0109375 0.0347222
0 0.203906 0.395139 0.0109375 0.0486111
1 0.139062 0.402083 0.0125 0.0430556
0 0.287109 0.3125 0.0101562 0.0388889
1 0.703125 0.317361 0.009375 0.0347222
0 0.417969 0.325694 0.009375 0.0402778
0 0.581641 0.415972 0.0117188 0.0486111
1 0.631641 0.433333 0.0101562 0.0472222
0 0.298828 0.550694 0.0148437 0.0513889
1 0.282813 0.467361 0.0109375 0.0430556
1 0.794531 0.454861 0.0109375 0.0513889
0 0.263281 0.444444 0.0109375 0.05
4 0.954297 0.329167 0.0804688 0.0916667
