1 0.730859 0.264583 0.0101562 0.0402778
0 0.552734 0.239583 0.0101562 0.0375
1 0.588281 0.274306 0.0109375 0.0347222
1 0.645703 0.238889 0.00859375 0.0361111
1 0.749609 0.2875 0.00859375 0.0444444
0 0.604688 0.252083 0.0125 0.0402778
0 0.266016 0.25 0.0101562 0.0388889
0 0.644531 0.281944 0.009375 0.0416667
1 0.283984 0.279167 0.00859375 0.0416667
0 0.169922 0.388194 0.0132813 0.0513889
0 0.439453 0.316667 0.0148437 0.0444444
0 0.169141 0.310417 0.0101562 0.0486111
1 0.472656 0.267361 0.0140625 0.0430556
0 0.679297 0.340972 0.0117188 0.0430556
1 0.744922 0.346528 0.0164062 0.0458333
0 0.422266 0.271528 0.0101562 0.0402778
0 0.193359 0.4625 0.0164062 0.0611111
1 0.664453 0.445833 0.0164062 0.0555556
1 0.518359 0.315972 0.0101562 0.0458333
1 0.255078 0.377778 0.0148437 0.05
