0 0.551562 0.2375 0.015625 0.0416667
0 0.734375 0.226389 0.009375 0.0444444
0 0.557813 0.2375 0.009375 0.0416667
1 0.734766 0.231944 0.00859375 0.0361111
1 0.702344 0.20625 0.009375 0.0347222
0 0.630078 0.190972 0.0101562 0.0375
0 0.546484 0.238194 0.0101562 0.0375
0 0.361719 0.201389 0.0078125 0.0333333
1 0.498437 0.285417 0.009375 0.0458333
0 0.40625 0.341667 0.0125 0.05
1 0.779688 0.300694 0.0125 0.0458333
1 0.595312 0.236111 0.009375 0.0388889
1 0.620703 0.239583 0.00859375 0.0402778
0 0.677344 0.391667 0.01875 0.05
0 0.335938 0.615278 0.01875 0.0694444
1 0.610547 0.309028 0.0132813 0.0513889
1 0.427344 0.226389 0.0109375 0.0416667
0 0.735547 0.304167 0.0117188 0.0444444
0 0.169531 0.390972 0.0109375 0.0541667
0 0.237109 0.265972 0.0117188 0.0486111
1 0.716016 0.474306 0.0195312 0.0541667
1 0.798437 0.377778 0.01875 0.0555556
