0 0.428125 0.480556 0.0109375 0.0472222
1 0.437891 0.430556 0.0101562 0.0444444
1 0.590234 0.233333 0.00703125 0.0305556
1 0.679688 0.350694 0.009375 0.0375
1 0.396484 0.230556 0.00703125 0.0333333
0 0.425781 0.352083 0.009375 0.0402778
0 0.422266 0.242361 0.00703125 0.0375
0 0.274219 0.300694 0.009375 0.0375
0 0.678516 0.318056 0.00859375 0.0388889
0 0.189453 0.365972 0.0117188 0.0430556
1 0.937891 0.526389 0.0132813 0.0583333
1 0.380469 0.7875 0.015625 0.075
1 0.727344 0.310417 0.009375 0.0402778
1 0.24375 0.359722 0.0109375 0.0361111
1 0.232422 0.414583 0.0117188 0.0458333
0 0.71875 0.44375 0.0109375 0.0486111
0 0.164844 0.452083 0.0125 0.0513889
1 0.301953 0.332639 0.00859375 0.0430556
0 0.379687 0.445139 0.0140625 0.0513889
0 0.571875 0.548611 0.0125 0.0555556
0 0.214062 0.574306 0.0125 0.0680556
4 0.976953 0.310417 0.0460938 0.0930556
