1 0.136719 0.414583 0.0140625 0.0486111
0 0.760938 0.338889 0.0078125 0.025
1 0.641406 0.31875 0.0078125 0.0347222
1 0.65625 0.295139 0.0078125 0.0347222
1 0.56875 0.320139 0.0078125 0.0347222
0 0.669141 0.273611 0.00703125 0.0277778
0 0.645312 0.361111 0.0078125 0.0416667
0 0.557031 0.4 0.0109375 0.0472222
1 0.671875 0.333333 0.0078125 0.0416667
1 0.750781 0.4125 0.009375 0.0388889
1 0.604688 0.304861 0.0078125 0.0347222
1 0.701563 0.356944 0.009375 0.0416667
1 0.598828 0.414583 0.00859375 0.0402778
0 0.228516 0.327083 0.00703125 0.0347222
0 0.217187 0.4625 0.0109375 0.05
0 0.370313 0.340972 0.0078125 0.0347222
1 0.258203 0.459722 0.0117188 0.0472222
0 0.266797 0.549306 0.0117188 0.0597222
4 0.841406 0.315278 0.0734375 0.0833333
