0 0.709766 0.309722 0.0132813 0.0444444
1 0.7125 0.311111 0.0109375 0.0416667
1 0.2125 0.359028 0.009375 0.0486111
1 0.662891 0.209028 0.00703125 0.0319444
1 0.398047 0.198611 0.00703125 0.0305556
1 0.189453 0.383333 0.0101562 0.0416667
0 0.525391 0.224306 0.00859375 0.0375
1 0.522656 0.338889 0.0109375 0.0444444
1 0.378516 0.407639 0.0132813 0.0541667
0 0.178906 0.350694 0.009375 0.0375
0 0.447266 0.51875 0.0101562 0.0597222
0 0.38125 0.315278 0.0109375 0.0416667
1 0.309766 0.295139 0.00859375 0.0430556
0 0.259766 0.277778 0.00859375 0.0388889
0 0.146094 0.406944 0.0109375 0.0527778
0 0.710547 0.401389 0.0132813 0.0472222
1 0.278125 0.68125 0.0140625 0.0708333
1 0.893359 0.549306 0.0132813 0.0625
0 0.166797 0.515972 0.0132813 0.0597222
0 0.328906 0.384722 0.0125 0.0527778
