0 0.692969 0.285417 0.009375 0.0236111
0 0.573047 0.240972 0.00703125 0.0291667
0 0.203125 0.338194 0.009375 0.0402778
1 0.830859 0.338889 0.0101562 0.0305556
0 0.766016 0.273611 0.00703125 0.0277778
1 0.542188 0.26875 0.0078125 0.0347222
0 0.198437 0.302778 0.0078125 0.0333333
0 0.591797 0.290972 0.00859375 0.0291667
0 0.149219 0.429861 0.0140625 0.0430556
0 0.628125 0.340278 0.009375 0.0305556
1 0.580859 0.320833 0.00703125 0.0305556
1 0.683203 0.330556 0.00703125 0.0361111
0 0.312891 0.503472 0.0132813 0.0458333
1 0.520703 0.375694 0.00859375 0.0402778
0 0.755469 0.370139 0.009375 0.0347222
1 0.628125 0.281944 0.0078125 0.0333333
0 0.492578 0.36875 0.0101562 0.0375
0 0.332812 0.31875 0.0078125 0.0347222
1 0.439453 0.308333 0.00703125 0.0333333
1 0.733203 0.417361 0.0117188 0.0430556
1 0.205078 0.338194 0.00859375 0.0347222
1 0.232031 0.407639 0.0109375 0.0402778
0 0.0980469 0.374306 0.0101562 0.0458333
4 0.851562 0.327083 0.0734375 0.0847222
