0 0.196484 0.359722 0.0117188 0.0416667
0 0.644922 0.30625 0.00859375 0.0319444
0 0.191406 0.352778 0.0078125 0.0333333
0 0.938281 0.492361 0.00625 0.0208333
1 0.202734 0.359722 0.0101562 0.0361111
0 0.146094 0.419444 0.0109375 0.05
1 0.139453 0.422222 0.0117188 0.0472222
1 0.230859 0.441667 0.0101562 0.05
0 0.135547 0.49375 0.0132813 0.0458333
1 0.635938 0.326389 0.009375 0.0388889
0 0.441406 0.256944 0.009375 0.0361111
1 0.373437 0.224306 0.0078125 0.0319444
0 0.330078 0.524306 0.0132813 0.0486111
0 0.873438 0.425694 0.0109375 0.0402778
0 0.260156 0.399306 0.0140625 0.0430556
1 0.455469 0.342361 0.009375 0.0430556
0 0.340625 0.316667 0.009375 0.0361111
1 0.180078 0.665972 0.0148437 0.0680556
1 0.544531 0.260417 0.009375 0.0347222
1 0.282422 0.303472 0.0101562 0.0375
0 0.245703 0.29375 0.0101562 0.0375
1 0.900391 0.661111 0.0164062 0.0666667
