0 0.426953 0.481944 0.0101562 0.0527778
1 0.437109 0.430556 0.0132813 0.0472222
1 0.397266 0.230556 0.00703125 0.0333333
1 0.676172 0.354861 0.0117188 0.0375
1 0.235547 0.409722 0.0101562 0.0444444
0 0.423828 0.242361 0.00859375 0.0375
1 0.242188 0.360417 0.009375 0.0375
1 0.592188 0.231944 0.0078125 0.0305556
0 0.274219 0.301389 0.009375 0.0361111
1 0.728516 0.311111 0.0101562 0.0416667
0 0.426562 0.35 0.009375 0.0444444
1 0.377344 0.784722 0.015625 0.0777778
0 0.191797 0.367361 0.0117188 0.0430556
0 0.717969 0.44375 0.0125 0.0486111
0 0.2125 0.574306 0.0140625 0.0625
0 0.680859 0.31875 0.00859375 0.0375
0 0.164844 0.45 0.0125 0.05
0 0.378125 0.439583 0.0125 0.0625
1 0.302344 0.333333 0.009375 0.0444444
1 0.933984 0.528472 0.0179687 0.0541667
0 0.567187 0.547917 0.0125 0.0569444
4 0.977734 0.307639 0.0445312 0.0958333
