0 0.544531 0.295139 0.0109375 0.0347222
1 0.51875 0.254861 0.0125 0.0347222
1 0.545703 0.293056 0.0117188 0.0361111
1 0.386719 0.332639 0.009375 0.0430556
0 0.512109 0.254167 0.00859375 0.0333333
1 0.389062 0.324306 0.0078125 0.0319444
0 0.542969 0.284028 0.009375 0.0347222
1 0.627734 0.251389 0.0101562 0.0361111
0 0.539844 0.288889 0.009375 0.0361111
0 0.575781 0.248611 0.0078125 0.0388889
0 0.385156 0.338889 0.0109375 0.0361111
1 0.699609 0.345139 0.0101562 0.0430556
1 0.570703 0.315972 0.00859375 0.0402778
0 0.634766 0.286806 0.00859375 0.0375
0 0.436719 0.379167 0.009375 0.0444444
1 0.845703 0.321528 0.0101562 0.0402778
0 0.7875 0.434028 0.0109375 0.0513889
0 0.294531 0.385417 0.009375 0.0430556
0 0.449219 0.292361 0.0078125 0.0402778
0 0.489062 0.317361 0.0125 0.0375
1 0.851953 0.427778 0.0117188 0.05
1 0.360156 0.454167 0.009375 0.0555556
1 0.789453 0.525 0.0148437 0.0583333
4 0.178906 0.321528 0.09375 0.0930556
