1 0.269531 0.415278 0.0171875 0.0583333
1 0.498437 0.279861 0.009375 0.0375
1 0.523828 0.227083 0.0101562 0.0375
0 0.410156 0.393056 0.0109375 0.05
1 0.235938 0.365278 0.0140625 0.0444444
0 0.283594 0.270139 0.009375 0.0402778
1 0.573828 0.330556 0.0117188 0.0416667
1 0.861719 0.405556 0.0140625 0.0472222
0 0.160547 0.436806 0.0148437 0.0486111
0 0.171094 0.359722 0.0125 0.0472222
1 0.450781 0.419444 0.0125 0.0555556
1 0.634375 0.229167 0.009375 0.0333333
0 0.496094 0.241667 0.009375 0.0361111
0 0.676172 0.497222 0.0117188 0.0555556
0 0.358594 0.310417 0.009375 0.0402778
0 0.635156 0.357639 0.0109375 0.0458333
0 0.665625 0.282639 0.0078125 0.0347222
1 0.716797 0.303472 0.0101562 0.0402778
1 0.714453 0.550694 0.0179687 0.0569444
0 0.207813 0.528472 0.0140625 0.0569444
1 0.264844 0.427778 0.0125 0.0555556
4 0.966016 0.288194 0.0617188 0.106944
