0 0.473828 0.404861 0.0101562 0.0458333
0 0.904297 0.324306 0.0117188 0.0513889
1 0.525781 0.207639 0.0078125 0.0319444
1 0.499609 0.26875 0.00859375 0.0375
0 0.51875 0.240278 0.0078125 0.0361111
0 0.701953 0.292361 0.00859375 0.0402778
1 0.426172 0.421528 0.0148437 0.0486111
1 0.717578 0.625694 0.0164062 0.0625
0 0.324219 0.257639 0.0109375 0.0375
0 0.372656 0.309722 0.009375 0.0416667
0 0.198047 0.354861 0.0117188 0.0458333
1 0.761328 0.304861 0.0101562 0.0430556
0 0.727344 0.377083 0.009375 0.0486111
1 0.93125 0.453472 0.0125 0.0541667
1 0.660547 0.225694 0.00859375 0.0347222
0 0.170312 0.442361 0.0125 0.0513889
0 0.635156 0.511111 0.0125 0.0555556
0 0.400391 0.397222 0.0148437 0.0472222
1 0.605078 0.350694 0.0101562 0.0458333
1 0.275391 0.464583 0.0148437 0.0541667
0 0.242969 0.518056 0.0171875 0.0611111
1 0.234375 0.378472 0.0125 0.0458333
