0 0.672656 0.200694 0.0125 0.0430556
0 0.604297 0.192361 0.0117188 0.0347222
0 0.336719 0.1625 0.009375 0.0388889
1 0.674609 0.192361 0.00859375 0.0375
1 0.7 0.239583 0.0109375 0.0347222
1 0.704687 0.236806 0.0125 0.0291667
0 0.647266 0.188889 0.0132813 0.0333333
0 0.662891 0.225 0.0117188 0.0333333
0 0.710156 0.261111 0.0125 0.0444444
0 0.365234 0.2 0.00859375 0.0444444
1 0.555078 0.228472 0.0101562 0.0486111
1 0.639063 0.2375 0.009375 0.0444444
0 0.485156 0.238889 0.0078125 0.0416667
1 0.400781 0.226389 0.0109375 0.0388889
0 0.447656 0.2875 0.0125 0.05
1 0.563672 0.282639 0.0101562 0.0513889
1 0.759375 0.363194 0.0140625 0.0541667
1 0.735937 0.293056 0.015625 0.0472222
0 0.676172 0.333333 0.0132813 0.0527778
0 0.228125 0.461806 0.015625 0.0652778
1 0.319141 0.353472 0.0132813 0.0541667
1 0.670313 0.472917 0.0125 0.0597222
0 0.232422 0.354861 0.0148437 0.0569444
0 0.283594 0.261806 0.0125 0.0513889
