0 0.932422 0.526389 0.00546875 0.0194444
1 0.39375 0.451389 0.0140625 0.0472222
0 0.142578 0.413889 0.0117188 0.0388889
0 0.140625 0.424306 0.01875 0.0458333
0 0.146094 0.423611 0.0125 0.0444444
0 0.394531 0.45 0.0125 0.0416667
0 0.197656 0.361806 0.0140625 0.0402778
1 0.199609 0.361111 0.0132813 0.0416667
1 0.140625 0.431944 0.0140625 0.0416667
0 0.639453 0.317361 0.0117188 0.0513889
1 0.636719 0.327083 0.0109375 0.0430556
1 0.136719 0.423611 0.0125 0.0444444
0 0.132812 0.497917 0.0171875 0.0541667
0 0.439453 0.2625 0.00859375 0.0333333
1 0.173047 0.683333 0.0148437 0.0638889
0 0.25625 0.404167 0.009375 0.0444444
1 0.230859 0.449306 0.0101562 0.0513889
0 0.246484 0.296528 0.00859375 0.0375
0 0.339453 0.322222 0.00859375 0.0333333
1 0.280469 0.30625 0.0078125 0.0375
1 0.372266 0.225694 0.00859375 0.0347222
1 0.899609 0.672917 0.0179687 0.0652778
1 0.541406 0.2625 0.0078125 0.0333333
0 0.865234 0.436111 0.00859375 0.0388889
0 0.327344 0.531944 0.0109375 0.0555556
1 0.454688 0.347917 0.009375 0.0430556
