0 0.161719 0.265972 0.0078125 0.0291667
1 0.616797 0.296528 0.00859375 0.0319444
0 0.713281 0.341667 0.009375 0.0361111
1 0.601172 0.328472 0.00859375 0.0347222
1 0.539844 0.314583 0.009375 0.0347222
1 0.631641 0.3375 0.00859375 0.0333333
1 0.561719 0.30625 0.0078125 0.0319444
0 0.612109 0.373611 0.00859375 0.0416667
0 0.732813 0.338194 0.009375 0.0291667
1 0.150391 0.413194 0.0101562 0.0458333
0 0.640625 0.301389 0.0078125 0.0305556
0 0.201562 0.336806 0.009375 0.0375
1 0.685156 0.36875 0.009375 0.0375
0 0.100781 0.426389 0.0109375 0.0472222
0 0.522266 0.406944 0.00859375 0.0472222
0 0.178906 0.477778 0.0125 0.0472222
1 0.571484 0.431944 0.00859375 0.0444444
0 0.341016 0.352778 0.00859375 0.0361111
1 0.728516 0.418056 0.00859375 0.0388889
1 0.251172 0.448611 0.0101562 0.0416667
0 0.241406 0.559722 0.015625 0.0555556
4 0.8125 0.314583 0.071875 0.0819444
