0 0.519141 0.254861 0.0101562 0.0347222
0 0.5125 0.251389 0.0078125 0.0333333
1 0.585156 0.315972 0.009375 0.0430556
0 0.589453 0.2375 0.00703125 0.0333333
1 0.628125 0.252778 0.0078125 0.0361111
0 0.630859 0.279167 0.0101562 0.0333333
1 0.480859 0.24375 0.00859375 0.0319444
1 0.457422 0.326389 0.0117188 0.0416667
1 0.835938 0.300694 0.009375 0.0375
0 0.533594 0.271528 0.0078125 0.0319444
0 0.448438 0.270139 0.009375 0.0375
0 0.507422 0.3875 0.00859375 0.0444444
1 0.85 0.419444 0.0125 0.0555556
0 0.379687 0.334028 0.009375 0.0486111
0 0.347656 0.410417 0.0109375 0.0458333
1 0.825781 0.5125 0.0125 0.0638889
1 0.559766 0.463889 0.0132813 0.05
1 0.74375 0.338194 0.0109375 0.0486111
0 0.533594 0.330556 0.0125 0.0472222
0 0.801562 0.414583 0.0109375 0.0541667
4 0.183984 0.309722 0.0914062 0.0972222
