0 0.641406 0.324306 0.0109375 0.0486111
0 0.6375 0.320833 0.009375 0.0361111
1 0.196484 0.368056 0.0132813 0.0444444
1 0.642969 0.3375 0.0109375 0.0361111
1 0.276172 0.313194 0.0101562 0.0402778
1 0.135156 0.438889 0.0140625 0.0527778
0 0.338672 0.334722 0.00859375 0.0388889
1 0.154687 0.705556 0.0140625 0.0694444
0 0.255469 0.420139 0.0109375 0.0486111
1 0.235156 0.455556 0.0109375 0.05
0 0.248047 0.302778 0.00859375 0.0361111
1 0.455078 0.354167 0.00859375 0.0388889
0 0.123438 0.515278 0.015625 0.0527778
0 0.433594 0.266667 0.009375 0.0333333
1 0.369531 0.229167 0.0078125 0.0305556
0 0.323438 0.548611 0.0125 0.0444444
1 0.905078 0.694444 0.0179687 0.0666667
1 0.535937 0.26875 0.0078125 0.0347222
0 0.840625 0.465278 0.0125 0.0472222
