0 0.835938 0.330556 0.0125 0.0555556
0 0.408984 0.393056 0.00859375 0.05
0 0.492578 0.241667 0.0101562 0.0333333
0 0.624609 0.35625 0.0132813 0.0513889
1 0.520703 0.227778 0.00859375 0.0361111
1 0.451562 0.421528 0.0109375 0.0569444
1 0.496094 0.28125 0.0109375 0.0375
1 0.63125 0.230556 0.0078125 0.0333333
0 0.166406 0.3625 0.0125 0.0472222
0 0.35625 0.309722 0.009375 0.0416667
0 0.157813 0.440278 0.0140625 0.0472222
1 0.710938 0.304861 0.0109375 0.0402778
0 0.278516 0.272222 0.00859375 0.0388889
1 0.714453 0.549306 0.0164062 0.0541667
0 0.660547 0.281944 0.00859375 0.0361111
1 0.264453 0.427083 0.0132813 0.0486111
1 0.569922 0.329167 0.0101562 0.0416667
0 0.675391 0.494444 0.0164062 0.0527778
0 0.205859 0.534028 0.0148437 0.0569444
1 0.853906 0.400694 0.0125 0.0458333
1 0.233984 0.366667 0.0117188 0.0444444
4 0.964844 0.288889 0.0703125 0.1
