0 0.148828 0.240278 0.00703125 0.0305556
1 0.215625 0.407639 0.0125 0.0430556
1 0.728125 0.329861 0.009375 0.0486111
1 0.491406 0.270833 0.009375 0.0388889
0 0.727734 0.324306 0.00859375 0.0402778
0 0.476172 0.271528 0.0101562 0.0347222
0 0.601953 0.293056 0.00859375 0.0388889
0 0.695703 0.417361 0.00859375 0.0430556
1 0.617188 0.321528 0.009375 0.0375
1 0.564062 0.26875 0.0078125 0.0347222
0 0.210547 0.311111 0.00859375 0.0361111
1 0.209375 0.432639 0.0125 0.0513889
1 0.220703 0.401389 0.0117188 0.0416667
1 0.464063 0.43125 0.0140625 0.0458333
1 0.545313 0.335417 0.009375 0.0402778
0 0.554297 0.379861 0.0101562 0.0430556
0 0.182422 0.544444 0.0117188 0.0555556
0 0.319531 0.335417 0.009375 0.0402778
1 0.482031 0.304861 0.0109375 0.0375
0 0.101953 0.401389 0.0101562 0.05
1 0.716406 0.394444 0.009375 0.0444444
0 0.419141 0.402083 0.0132813 0.0458333
0 0.124219 0.469444 0.0140625 0.05
1 0.701953 0.504861 0.0101562 0.0513889
4 0.847656 0.297222 0.075 0.0833333
