0 0.735156 0.267361 0.009375 0.0402778
0 0.731641 0.2875 0.00703125 0.0305556
0 0.7375 0.257639 0.00625 0.0291667
0 0.192578 0.441667 0.0132813 0.05
1 0.710547 0.3375 0.00703125 0.0361111
1 0.549219 0.2625 0.0078125 0.0305556
1 0.652344 0.286111 0.0078125 0.0305556
0 0.689062 0.370139 0.0078125 0.0347222
1 0.463672 0.319444 0.00859375 0.0333333
1 0.614062 0.3375 0.009375 0.0361111
1 0.275 0.424306 0.0109375 0.0402778
0 0.630469 0.30625 0.00625 0.0319444
0 0.551953 0.419444 0.0101562 0.0416667
0 0.338281 0.329167 0.0078125 0.0361111
0 0.883594 0.427778 0.009375 0.0361111
0 0.203125 0.301389 0.0078125 0.0333333
1 0.598828 0.420833 0.0101562 0.0416667
1 0.217578 0.338194 0.00859375 0.0319444
1 0.896875 0.461806 0.0125 0.0375
0 0.454297 0.51875 0.0179687 0.0513889
0 0.103906 0.374306 0.009375 0.0458333
4 0.832812 0.313194 0.0765625 0.0875
