1 0.476172 0.215972 0.00859375 0.0319444
0 0.336719 0.309722 0.0109375 0.0416667
0 0.5875 0.217361 0.0078125 0.0375
0 0.2125 0.221528 0.009375 0.0375
1 0.657422 0.220139 0.00703125 0.0375
0 0.161328 0.368056 0.0148437 0.0472222
0 0.174219 0.301389 0.0140625 0.0444444
1 0.482422 0.405556 0.0117188 0.0527778
1 0.791797 0.252083 0.00859375 0.0375
1 0.322266 0.313889 0.0117188 0.0444444
0 0.720703 0.236111 0.0117188 0.0361111
0 0.778125 0.286111 0.0125 0.0444444
1 0.510938 0.639583 0.015625 0.0652778
1 0.380859 0.226389 0.00859375 0.0388889
0 0.421875 0.239583 0.009375 0.0347222
1 0.672656 0.290972 0.0109375 0.0430556
1 0.233594 0.2875 0.009375 0.0388889
0 0.520703 0.444444 0.0132813 0.0555556
1 0.778516 0.443056 0.0117188 0.0583333
0 0.166797 0.477083 0.0164062 0.0597222
