1 0.654688 0.224306 0.0140625 0.0430556
0 0.709375 0.242361 0.009375 0.0347222
1 0.487109 0.25625 0.0132813 0.0458333
1 0.762109 0.2875 0.0117188 0.0416667
1 0.73125 0.263889 0.0140625 0.0388889
0 0.611328 0.239583 0.0117188 0.0402778
1 0.591016 0.265972 0.0132813 0.0402778
0 0.432813 0.264583 0.0109375 0.0402778
1 0.310937 0.264583 0.009375 0.0402778
0 0.653906 0.270139 0.015625 0.0430556
0 0.286719 0.236111 0.0109375 0.0361111
1 0.756641 0.351389 0.0148437 0.05
1 0.661719 0.459028 0.0140625 0.0569444
0 0.432813 0.30625 0.0140625 0.0458333
1 0.522656 0.304861 0.0140625 0.0486111
0 0.664062 0.334028 0.015625 0.0458333
0 0.189844 0.294444 0.0109375 0.05
0 0.176953 0.379167 0.0148437 0.05
1 0.266016 0.370139 0.0117188 0.0541667
0 0.188672 0.459028 0.0179687 0.0541667
