1 0.525 0.315278 0.0078125 0.0361111
1 0.679688 0.367361 0.0125 0.0430556
1 0.595312 0.304861 0.0078125 0.0291667
0 0.584375 0.292361 0.0078125 0.0347222
1 0.691406 0.340278 0.009375 0.0333333
0 0.691797 0.343056 0.0101562 0.0361111
1 0.15 0.270139 0.0078125 0.0319444
0 0.713281 0.340972 0.009375 0.0319444
1 0.580078 0.3375 0.0101562 0.0388889
1 0.615234 0.34375 0.00859375 0.0319444
0 0.592969 0.382639 0.0078125 0.0375
0 0.164062 0.48125 0.0125 0.0458333
0 0.624219 0.305556 0.00625 0.0277778
0 0.497656 0.413194 0.0078125 0.0458333
1 0.248828 0.44375 0.0117188 0.0430556
1 0.546094 0.4375 0.0078125 0.0472222
0 0.327734 0.359722 0.0101562 0.0333333
0 0.195703 0.340278 0.00859375 0.0388889
1 0.676953 0.376389 0.00859375 0.0416667
1 0.714844 0.429861 0.009375 0.0402778
0 0.23125 0.56875 0.0140625 0.0541667
0 0.0929687 0.427083 0.0109375 0.0486111
1 0.164062 0.420139 0.0109375 0.0458333
4 0.798828 0.315278 0.0742188 0.0805556
