0 0.264062 0.183333 0.00625 0.025
0 0.386328 0.411111 0.0132813 0.0472222
0 0.921484 0.325694 0.0117188 0.0402778
1 0.513281 0.206944 0.0078125 0.0333333
0 0.388281 0.300694 0.0078125 0.0430556
0 0.380859 0.404167 0.0117188 0.0527778
0 0.726953 0.379861 0.00859375 0.0486111
1 0.394141 0.431944 0.0117188 0.05
0 0.329297 0.257639 0.00859375 0.0375
0 0.182031 0.370139 0.0109375 0.0513889
1 0.753125 0.313194 0.0078125 0.0430556
0 0.220703 0.529167 0.0179687 0.0555556
0 0.515234 0.245833 0.00859375 0.0444444
1 0.720312 0.228472 0.0078125 0.0319444
0 0.696484 0.297222 0.00859375 0.0388889
1 0.482422 0.272222 0.0101562 0.0388889
1 0.219922 0.391667 0.0117188 0.0416667
1 0.603906 0.357639 0.009375 0.0458333
0 0.1625 0.44375 0.0125 0.0569444
1 0.915625 0.466667 0.0140625 0.0527778
1 0.243359 0.484722 0.0164062 0.0583333
0 0.598047 0.51875 0.0195312 0.0569444
1 0.671484 0.668056 0.0164062 0.0638889
