1 0.782812 0.282639 0.0140625 0.0513889
1 0.280469 0.26875 0.009375 0.0375
0 0.51875 0.43125 0.0125 0.0513889
1 0.780859 0.276389 0.00859375 0.0388889
1 0.308594 0.308333 0.009375 0.0444444
1 0.524219 0.216667 0.0078125 0.0388889
0 0.629687 0.21875 0.009375 0.0375
0 0.791797 0.295833 0.0101562 0.0361111
0 0.289844 0.195833 0.009375 0.0388889
0 0.727734 0.24375 0.00859375 0.0375
1 0.677344 0.225694 0.0078125 0.0375
1 0.4375 0.236111 0.0109375 0.0416667
1 0.563281 0.570139 0.0140625 0.0680556
1 0.68125 0.293056 0.0078125 0.0416667
0 0.331641 0.304861 0.0117188 0.0486111
0 0.128125 0.365278 0.009375 0.0444444
1 0.520312 0.377083 0.009375 0.0486111
0 0.191797 0.279861 0.0101562 0.0486111
0 0.395312 0.229167 0.009375 0.0333333
1 0.740625 0.414583 0.0140625 0.0541667
0 0.138281 0.46875 0.0125 0.0625
