0 0.901563 0.334722 0.0125 0.0472222
0 0.903516 0.305556 0.0101562 0.0333333
1 0.537109 0.206944 0.00703125 0.0333333
0 0.719531 0.365278 0.009375 0.05
0 0.522656 0.23125 0.0078125 0.0375
1 0.772266 0.298611 0.0117188 0.0416667
0 0.201172 0.345833 0.0117188 0.0472222
1 0.508984 0.269444 0.00859375 0.0388889
1 0.442969 0.415972 0.0140625 0.0513889
0 0.171094 0.43125 0.0109375 0.0541667
0 0.710156 0.286111 0.0078125 0.0444444
1 0.936719 0.442361 0.0140625 0.0569444
1 0.662891 0.225694 0.00859375 0.0347222
1 0.605078 0.340278 0.0101562 0.0472222
0 0.380469 0.304861 0.009375 0.0402778
0 0.322656 0.253472 0.0078125 0.0375
0 0.242188 0.519444 0.0109375 0.0611111
0 0.4125 0.393056 0.0140625 0.0527778
1 0.728906 0.6 0.0140625 0.0611111
0 0.658984 0.504167 0.0101562 0.0611111
1 0.242188 0.36875 0.0140625 0.0458333
1 0.280859 0.448611 0.0117188 0.0555556
