0 0.332031 0.317361 0.0109375 0.0458333
1 0.194922 0.224306 0.00859375 0.0263889
1 0.502734 0.328472 0.00859375 0.0375
0 0.502734 0.327778 0.00859375 0.0361111
0 0.902344 0.359722 0.009375 0.0333333
1 0.335156 0.297917 0.0078125 0.0319444
0 0.328906 0.327083 0.009375 0.0347222
1 0.322266 0.290278 0.00859375 0.0333333
1 0.432813 0.25 0.0078125 0.0333333
1 0.5625 0.35625 0.009375 0.0319444
1 0.635547 0.308333 0.00859375 0.0388889
0 0.460547 0.226389 0.00703125 0.0305556
1 0.385547 0.397917 0.0101562 0.0458333
1 0.554297 0.318056 0.00859375 0.0361111
0 0.535937 0.248611 0.0078125 0.0333333
0 0.676953 0.409722 0.00859375 0.0333333
0 0.232422 0.271528 0.00859375 0.0347222
0 0.48125 0.404167 0.009375 0.0472222
0 0.596875 0.380556 0.009375 0.0444444
1 0.585547 0.272222 0.00859375 0.0333333
1 0.729688 0.495833 0.0109375 0.0472222
0 0.349219 0.555556 0.015625 0.0555556
1 0.734375 0.36875 0.0109375 0.0458333
0 0.153516 0.349306 0.0101562 0.0430556
0 0.189453 0.443056 0.0132813 0.0527778
4 0.932813 0.307639 0.0796875 0.0986111
