0 0.685938 0.234722 0.0125 0.0333333
0 0.684375 0.264583 0.0109375 0.0458333
1 0.757812 0.284028 0.015625 0.0486111
1 0.662109 0.213889 0.0117188 0.0416667
0 0.426953 0.297917 0.0148437 0.0458333
0 0.442578 0.252083 0.0148437 0.0402778
1 0.716016 0.2625 0.0148437 0.0416667
0 0.313281 0.220139 0.0078125 0.0430556
1 0.339453 0.246528 0.00859375 0.0402778
0 0.214844 0.277778 0.0109375 0.05
1 0.282031 0.361806 0.0109375 0.0569444
0 0.656641 0.329861 0.0164062 0.0486111
0 0.194922 0.455556 0.0148437 0.0583333
1 0.53125 0.292361 0.0140625 0.0513889
0 0.626953 0.218056 0.0117188 0.0416667
1 0.50625 0.244444 0.0109375 0.0444444
1 0.601953 0.25 0.0117188 0.0416667
0 0.192578 0.365972 0.0117188 0.0541667
1 0.758203 0.353472 0.0179687 0.0569444
1 0.658984 0.459722 0.0210938 0.0611111
