1 0.5125 0.263889 0.0109375 0.0416667
0 0.246875 0.313889 0.009375 0.0416667
1 0.514453 0.256944 0.00859375 0.0277778
0 0.512891 0.264583 0.0117188 0.0402778
0 0.546484 0.325 0.00859375 0.0444444
1 0.622656 0.253472 0.0078125 0.0375
0 0.515625 0.278472 0.0125 0.0347222
0 0.598437 0.253472 0.0078125 0.0347222
1 0.580469 0.313889 0.009375 0.0388889
0 0.480859 0.25 0.0117188 0.0277778
0 0.634766 0.279861 0.00859375 0.0402778
1 0.402734 0.320139 0.00859375 0.0458333
0 0.483594 0.317361 0.009375 0.0458333
1 0.78125 0.53125 0.0125 0.0625
0 0.383594 0.318056 0.0109375 0.0416667
0 0.449219 0.375694 0.0109375 0.0513889
1 0.847656 0.429167 0.0109375 0.0527778
0 0.309375 0.38125 0.0125 0.0458333
1 0.844922 0.321528 0.0101562 0.0430556
1 0.74375 0.343056 0.0109375 0.0472222
0 0.458984 0.270139 0.0101562 0.0402778
1 0.434375 0.445833 0.0171875 0.0527778
0 0.769922 0.438194 0.0117188 0.0569444
4 0.183594 0.311111 0.090625 0.0944444
