0 0.659375 0.241667 0.009375 0.0194444
1 0.702344 0.271528 0.009375 0.0347222
1 0.698828 0.28125 0.0101562 0.0347222
0 0.660937 0.25 0.0078125 0.0305556
0 0.663672 0.26875 0.00859375 0.0402778
1 0.714063 0.327083 0.009375 0.0347222
0 0.826563 0.373611 0.009375 0.0416667
1 0.815625 0.396528 0.0109375 0.0402778
1 0.577344 0.325694 0.009375 0.0375
0 0.425391 0.326389 0.00859375 0.0361111
1 0.794141 0.342361 0.0101562 0.0375
1 0.139062 0.400694 0.0109375 0.0402778
1 0.283594 0.472917 0.0109375 0.0402778
0 0.581641 0.421528 0.0117188 0.0486111
0 0.215234 0.392361 0.0101562 0.0458333
0 0.297266 0.310417 0.0101562 0.0375
1 0.636328 0.442361 0.0132813 0.0458333
0 0.766406 0.350694 0.0125 0.0347222
1 0.801172 0.467361 0.0132813 0.0513889
0 0.273047 0.443056 0.0117188 0.0444444
0 0.303125 0.552083 0.0140625 0.0513889
4 0.968359 0.326389 0.0617188 0.0916667
