1 0.14375 0.414583 0.015625 0.0458333
0 0.391797 0.447917 0.0101562 0.0541667
0 0.642969 0.311111 0.0125 0.0444444
0 0.189453 0.350694 0.00859375 0.0375
1 0.203125 0.359722 0.0109375 0.0388889
0 0.646484 0.306944 0.0101562 0.0361111
1 0.639453 0.324306 0.0117188 0.0402778
0 0.150781 0.4125 0.0109375 0.0444444
1 0.23125 0.440278 0.0109375 0.05
0 0.879687 0.420139 0.0109375 0.0375
1 0.374219 0.220833 0.0078125 0.0333333
1 0.284766 0.301389 0.00859375 0.0388889
0 0.133594 0.4875 0.0140625 0.05
1 0.546484 0.25625 0.00703125 0.0347222
1 0.138672 0.419444 0.0117188 0.0444444
0 0.333203 0.519444 0.0101562 0.0555556
0 0.444531 0.252083 0.0078125 0.0347222
0 0.341797 0.314583 0.0101562 0.0375
1 0.457031 0.338889 0.009375 0.0388889
1 0.903125 0.655556 0.015625 0.0638889
0 0.245312 0.293056 0.009375 0.0388889
0 0.262109 0.393056 0.0101562 0.0472222
1 0.189063 0.665972 0.0203125 0.0597222
