0 0.554688 0.289583 0.009375 0.0319444
1 0.556641 0.309722 0.0101562 0.0444444
1 0.614062 0.256944 0.009375 0.0333333
1 0.516016 0.244444 0.00859375 0.0361111
1 0.555078 0.293056 0.00859375 0.0361111
0 0.497266 0.245139 0.00703125 0.0291667
0 0.527344 0.278472 0.009375 0.0347222
1 0.837891 0.320139 0.00859375 0.0430556
0 0.554688 0.248611 0.0078125 0.0333333
0 0.462891 0.318056 0.0132813 0.0361111
0 0.628906 0.28125 0.0078125 0.0319444
0 0.426172 0.379167 0.0101562 0.0472222
0 0.279297 0.379167 0.0101562 0.0472222
0 0.423438 0.289583 0.009375 0.0375
0 0.347266 0.340972 0.0101562 0.0375
1 0.364844 0.336111 0.0078125 0.0416667
1 0.851562 0.424306 0.009375 0.0513889
1 0.69375 0.342361 0.009375 0.0402778
1 0.344141 0.447222 0.0101562 0.05
1 0.802734 0.521528 0.0132813 0.0569444
0 0.791797 0.43125 0.0101562 0.0458333
4 0.176953 0.323611 0.0882813 0.0916667
