0 0.153125 0.373611 0.009375 0.025
0 0.378516 0.45 0.0101562 0.0472222
0 0.676562 0.305556 0.0171875 0.0472222
1 0.153516 0.383333 0.0101562 0.0416667
0 0.154297 0.395833 0.0101562 0.0527778
1 0.274609 0.408333 0.0148437 0.0472222
0 0.680859 0.301389 0.0117188 0.0388889
0 0.295703 0.38125 0.0132813 0.0458333
1 0.672656 0.319444 0.0125 0.0416667
0 0.483984 0.232639 0.00859375 0.0347222
0 0.25 0.280556 0.009375 0.0388889
1 0.588672 0.227778 0.00859375 0.0333333
1 0.384766 0.20625 0.00703125 0.0347222
1 0.203516 0.354167 0.0101562 0.0472222
0 0.146484 0.477083 0.0117188 0.0541667
1 0.221484 0.648611 0.0148437 0.0694444
0 0.380469 0.513194 0.0125 0.0541667
0 0.357031 0.294444 0.009375 0.0361111
0 0.175781 0.347917 0.0109375 0.0486111
1 0.48125 0.332639 0.0109375 0.0458333
1 0.858594 0.574306 0.015625 0.0625
1 0.303516 0.284028 0.00859375 0.0402778
0 0.792188 0.404861 0.0171875 0.0486111
