0 0.228516 0.345833 0.0148437 0.0444444
1 0.229297 0.350694 0.0132813 0.0430556
1 0.673828 0.225694 0.00703125 0.0319444
0 0.221094 0.341667 0.0125 0.0444444
1 0.775781 0.243056 0.009375 0.0361111
1 0.426562 0.214583 0.0078125 0.0319444
1 0.435937 0.445139 0.0125 0.0541667
0 0.808203 0.279861 0.00859375 0.0347222
1 0.395703 0.25 0.00859375 0.0361111
0 0.290234 0.256944 0.00703125 0.0388889
1 0.369922 0.778472 0.0148437 0.0791667
0 0.502734 0.229861 0.00703125 0.0347222
0 0.487891 0.271528 0.0101562 0.0375
0 0.196484 0.411806 0.0117188 0.0513889
0 0.419141 0.352083 0.0101562 0.0458333
0 0.182031 0.535417 0.0140625 0.0625
1 0.651172 0.306944 0.00859375 0.0388889
1 0.271094 0.398611 0.0109375 0.05
1 0.902344 0.499306 0.015625 0.0569444
0 0.708203 0.250694 0.00859375 0.0347222
0 0.529297 0.483333 0.0132813 0.0583333
