0 0.5125 0.247917 0.009375 0.0347222
0 0.589844 0.234722 0.0078125 0.0388889
0 0.510547 0.254167 0.00703125 0.0277778
1 0.585156 0.318056 0.0109375 0.0444444
1 0.626562 0.252778 0.0078125 0.0333333
0 0.5875 0.240972 0.0078125 0.0347222
1 0.837109 0.301389 0.00859375 0.0388889
1 0.477734 0.245833 0.00703125 0.0305556
0 0.633203 0.281944 0.00859375 0.0305556
1 0.453125 0.324306 0.0078125 0.0430556
0 0.379297 0.331944 0.00859375 0.05
0 0.344141 0.409722 0.00859375 0.0444444
0 0.447656 0.270833 0.0078125 0.0388889
0 0.530859 0.327778 0.00859375 0.0388889
1 0.850781 0.423611 0.0109375 0.0527778
0 0.530078 0.272917 0.00859375 0.0375
0 0.503516 0.386806 0.0101562 0.0402778
0 0.798437 0.420139 0.0125 0.0541667
1 0.744531 0.340278 0.0109375 0.0472222
1 0.821094 0.513889 0.015625 0.0638889
1 0.553125 0.463889 0.0140625 0.0527778
4 0.183984 0.311111 0.0914062 0.0944444
