0 0.385156 0.389583 0.0109375 0.0347222
0 0.895703 0.322222 0.00859375 0.0361111
0 0.380078 0.386111 0.0132813 0.0416667
1 0.377344 0.380556 0.009375 0.0416667
0 0.257031 0.378472 0.009375 0.0486111
1 0.501953 0.350694 0.00859375 0.0347222
0 0.439844 0.423611 0.0109375 0.0416667
0 0.717578 0.3375 0.0101562 0.0388889
1 0.571094 0.386806 0.0125 0.0430556
0 0.323438 0.293056 0.0078125 0.0333333
0 0.433594 0.475694 0.0109375 0.0402778
0 0.748438 0.460417 0.0109375 0.0430556
1 0.610156 0.278472 0.0109375 0.0347222
1 0.421875 0.359722 0.009375 0.0361111
1 0.666797 0.379861 0.0117188 0.0402778
0 0.658594 0.2625 0.0078125 0.0305556
0 0.850391 0.65 0.0148437 0.0611111
1 0.526172 0.423611 0.0132813 0.0361111
1 0.702734 0.404167 0.0148437 0.0416667
1 0.628125 0.326389 0.009375 0.0361111
0 0.259766 0.4625 0.0148437 0.0416667
4 0.960938 0.320139 0.071875 0.0902778
1 0.659766 0.509028 0.0210938 0.0430556
