1 0.827734 0.381944 0.0117188 0.0361111
1 0.703516 0.280556 0.0117188 0.0416667
0 0.660547 0.251389 0.0101562 0.0361111
0 0.657812 0.245139 0.0109375 0.0291667
1 0.716406 0.333333 0.009375 0.0388889
0 0.830078 0.38125 0.0117188 0.0375
0 0.665234 0.268056 0.00859375 0.0361111
0 0.221094 0.390972 0.0109375 0.0458333
0 0.278516 0.440278 0.0148437 0.0444444
0 0.302344 0.307639 0.0078125 0.0347222
1 0.574219 0.325694 0.0109375 0.0375
0 0.776172 0.353472 0.0101562 0.0347222
1 0.283594 0.473611 0.0125 0.0416667
0 0.305469 0.553472 0.0140625 0.0541667
1 0.801953 0.349306 0.0117188 0.0375
1 0.81875 0.405556 0.0109375 0.0388889
1 0.140625 0.397917 0.0140625 0.0430556
0 0.428125 0.322917 0.009375 0.0402778
0 0.578906 0.420139 0.015625 0.0458333
1 0.638281 0.445833 0.0125 0.05
1 0.804297 0.475694 0.0101562 0.0486111
4 0.973437 0.327083 0.053125 0.0986111
