0 0.575391 0.238194 0.00859375 0.0347222
1 0.770312 0.452083 0.0109375 0.0541667
1 0.582422 0.260417 0.0101562 0.0375
0 0.597656 0.265972 0.0078125 0.0347222
1 0.715625 0.288889 0.009375 0.0416667
1 0.520312 0.276389 0.0109375 0.0361111
1 0.774219 0.453472 0.0109375 0.0625
1 0.489062 0.265278 0.0078125 0.0361111
0 0.467187 0.248611 0.0078125 0.0361111
1 0.667578 0.334028 0.00859375 0.0430556
0 0.468359 0.284722 0.00859375 0.0388889
1 0.758984 0.361806 0.0101562 0.0458333
1 0.548047 0.339583 0.00859375 0.0458333
1 0.386328 0.358333 0.0101562 0.0444444
0 0.371094 0.297917 0.0078125 0.0402778
0 0.742969 0.350694 0.0125 0.0458333
0 0.505859 0.347917 0.0101562 0.0458333
0 0.194141 0.385417 0.00859375 0.0430556
0 0.594922 0.442361 0.0101562 0.0486111
1 0.535547 0.516667 0.0179687 0.0583333
0 0.213672 0.515278 0.0132813 0.0583333
4 0.0390625 0.322222 0.078125 0.0944444
