0 0.913672 0.402778 0.0164062 0.05
0 0.422266 0.484028 0.00859375 0.0486111
1 0.6 0.230556 0.0078125 0.0305556
1 0.371484 0.773611 0.0195312 0.075
1 0.239453 0.3625 0.00859375 0.0361111
1 0.398438 0.229167 0.0078125 0.0333333
0 0.43125 0.243056 0.0078125 0.0388889
1 0.242969 0.40625 0.009375 0.0402778
0 0.425391 0.350694 0.00859375 0.0430556
1 0.433594 0.430556 0.0140625 0.0444444
0 0.273047 0.3 0.00859375 0.0361111
1 0.728906 0.311806 0.009375 0.0402778
1 0.666016 0.354167 0.0117188 0.0361111
0 0.685547 0.322222 0.00859375 0.0416667
0 0.197656 0.366667 0.009375 0.0444444
1 0.302734 0.333333 0.00859375 0.0416667
0 0.162891 0.447222 0.0132813 0.05
0 0.716797 0.441667 0.0101562 0.05
0 0.377734 0.442361 0.0148437 0.0486111
0 0.208984 0.573611 0.0132813 0.0583333
0 0.555859 0.548611 0.0132813 0.0555556
1 0.928906 0.529861 0.0171875 0.0541667
4 0.980859 0.311806 0.0367187 0.106944
