0 0.709766 0.355556 0.00859375 0.0416667
0 0.728906 0.240972 0.009375 0.0402778
0 0.673437 0.199306 0.0078125 0.0375
0 0.73125 0.260417 0.0109375 0.0375
0 0.671875 0.234028 0.0078125 0.0513889
0 0.347656 0.173611 0.0109375 0.05
0 0.536719 0.256944 0.009375 0.0388889
1 0.729297 0.235417 0.00859375 0.0347222
1 0.545703 0.244444 0.0101562 0.0472222
1 0.685938 0.255556 0.0125 0.05
0 0.708203 0.369444 0.0117188 0.0638889
1 0.646094 0.189583 0.0125 0.0458333
1 0.753125 0.298611 0.009375 0.0472222
1 0.597656 0.300694 0.0140625 0.0513889
1 0.777734 0.372222 0.0148437 0.0583333
0 0.498437 0.29375 0.0109375 0.0569444
0 0.347266 0.235417 0.0132813 0.0430556
1 0.416406 0.213889 0.009375 0.0388889
0 0.167578 0.38125 0.0132813 0.0569444
0 0.248437 0.522917 0.015625 0.0680556
1 0.329297 0.3625 0.0117188 0.0555556
1 0.680469 0.494444 0.01875 0.0694444
