0 0.355859 0.358333 0.0148437 0.0444444
0 0.260547 0.295833 0.00859375 0.0333333
1 0.270703 0.336806 0.0101562 0.0430556
0 0.271094 0.34375 0.0109375 0.0347222
1 0.248437 0.279167 0.00625 0.0277778
0 0.209766 0.322917 0.0101562 0.0375
0 0.580859 0.289583 0.0148437 0.0402778
0 0.120312 0.370139 0.0109375 0.0375
0 0.190234 0.413194 0.0148437 0.0486111
1 0.760938 0.413889 0.0125 0.0527778
1 0.502734 0.41875 0.0148437 0.0541667
0 0.657031 0.295833 0.0078125 0.0388889
1 0.710547 0.347917 0.0132813 0.0458333
0 0.661328 0.509028 0.0117188 0.0569444
1 0.790234 0.525694 0.0195312 0.0597222
4 0.0167969 0.260417 0.0335938 0.0763889
0 0.387109 0.35625 0.0132813 0.0458333
1 0.541016 0.242361 0.0164062 0.0347222
1 0.0769531 0.422917 0.0132813 0.0486111
1 0.369922 0.519444 0.0164062 0.05
0 0.523438 0.623611 0.01875 0.0611111
1 0.545703 0.4 0.0117188 0.0472222
