0 0.520703 0.313889 0.0101562 0.0361111
0 0.818359 0.402778 0.00546875 0.0194444
1 0.585547 0.367361 0.0101562 0.0291667
0 0.585156 0.36875 0.0078125 0.0319444
0 0.596875 0.370833 0.009375 0.0388889
0 0.343359 0.310417 0.00859375 0.0430556
1 0.461328 0.24375 0.00859375 0.0347222
1 0.354688 0.286806 0.009375 0.0430556
1 0.568359 0.309028 0.0101562 0.0430556
1 0.391016 0.373611 0.0101562 0.0388889
0 0.537891 0.2375 0.00703125 0.0305556
0 0.239063 0.261111 0.0078125 0.0361111
0 0.485156 0.215278 0.0078125 0.0333333
1 0.651172 0.309028 0.0101562 0.0402778
0 0.504297 0.3875 0.0101562 0.0444444
1 0.608203 0.269444 0.00859375 0.0361111
1 0.736328 0.470833 0.0132813 0.05
0 0.687891 0.402083 0.0132813 0.0430556
0 0.158203 0.338194 0.0101562 0.0458333
0 0.190234 0.434722 0.0148437 0.0472222
1 0.750781 0.363194 0.0109375 0.0430556
0 0.363281 0.554167 0.015625 0.0583333
4 0.964063 0.315278 0.0703125 0.1
