0 0.926172 0.376389 0.0101562 0.0472222
1 0.401563 0.209722 0.0078125 0.0305556
1 0.721094 0.309722 0.009375 0.0416667
1 0.219141 0.384722 0.0132813 0.0583333
1 0.65625 0.215972 0.0078125 0.0319444
0 0.195312 0.363194 0.0109375 0.0458333
0 0.491406 0.236111 0.009375 0.0388889
0 0.704297 0.315278 0.0101562 0.0416667
1 0.30625 0.3125 0.009375 0.0416667
0 0.492188 0.538889 0.0125 0.0555556
1 0.416797 0.420833 0.0117188 0.0527778
0 0.707031 0.421528 0.0125 0.0486111
1 0.31875 0.722222 0.015625 0.0694444
0 0.262891 0.293056 0.0101562 0.0361111
0 0.408203 0.338194 0.0117188 0.0402778
0 0.353516 0.420139 0.0117188 0.0541667
0 0.152344 0.43125 0.0140625 0.0513889
0 0.193359 0.55 0.0164062 0.0611111
1 0.576953 0.35 0.0101562 0.0388889
1 0.907812 0.536806 0.01875 0.0569444
