1 0.245703 0.330556 0.0117188 0.05
0 0.351953 0.402083 0.0101562 0.0375
1 0.201172 0.409722 0.0101562 0.0444444
1 0.24375 0.318056 0.0109375 0.0361111
0 0.247656 0.344444 0.0109375 0.0361111
0 0.21875 0.413889 0.0109375 0.05
0 0.302734 0.423611 0.0148437 0.05
0 0.299219 0.301389 0.0109375 0.0333333
1 0.479297 0.327083 0.0132813 0.0402778
1 0.287891 0.401389 0.0132813 0.05
1 0.796875 0.497222 0.0125 0.05
1 0.705859 0.684028 0.0195312 0.0597222
1 0.463672 0.51875 0.0132813 0.0541667
0 0.134766 0.464583 0.0117188 0.0513889
0 0.611719 0.358333 0.0140625 0.0416667
0 0.372656 0.348611 0.0109375 0.0388889
0 0.270703 0.699306 0.0210938 0.0652778
1 0.450391 0.414583 0.0117188 0.0402778
1 0.297656 0.51875 0.0125 0.0486111
0 0.523828 0.333333 0.0132813 0.0416667
0 0.56875 0.695833 0.0140625 0.0666667
1 0.758594 0.393056 0.0125 0.0472222
4 0.103906 0.286111 0.0828125 0.0916667
