0 0.689453 0.220139 0.00546875 0.0208333
0 0.439453 0.334722 0.0117188 0.0416667
0 0.275 0.3625 0.015625 0.0472222
0 0.675781 0.24375 0.009375 0.0319444
0 0.300781 0.585417 0.0125 0.0625
1 0.752344 0.291667 0.009375 0.0361111
1 0.649219 0.554861 0.0140625 0.0625
1 0.687891 0.309028 0.0117188 0.0375
1 0.119141 0.36875 0.0101562 0.0430556
1 0.508594 0.363889 0.015625 0.0388889
1 0.756641 0.577778 0.0195312 0.0583333
0 0.609375 0.253472 0.0078125 0.0347222
0 0.321875 0.286806 0.0109375 0.0375
0 0.790234 0.484722 0.0117188 0.0472222
0 0.876953 0.497222 0.0117188 0.0527778
0 0.298047 0.425694 0.0164062 0.0486111
1 0.225391 0.508333 0.0117188 0.0555556
1 0.735547 0.427083 0.0148437 0.0486111
1 0.785156 0.565972 0.015625 0.0541667
0 0.524219 0.474306 0.0171875 0.0486111
1 0.846094 0.452083 0.015625 0.0513889
