1 0.466016 0.247222 0.00859375 0.0333333
1 0.617578 0.252083 0.00859375 0.0375
1 0.575391 0.3125 0.00859375 0.0444444
1 0.398438 0.323611 0.0078125 0.0444444
0 0.482422 0.320139 0.00859375 0.0402778
0 0.510938 0.266667 0.0078125 0.0361111
0 0.45 0.268056 0.0078125 0.0388889
0 0.636328 0.276389 0.00859375 0.0388889
0 0.592578 0.25 0.00859375 0.0361111
0 0.369141 0.319444 0.0117188 0.0444444
1 0.748828 0.338889 0.0101562 0.0472222
0 0.309375 0.379861 0.0109375 0.0486111
0 0.45 0.375 0.0109375 0.05
1 0.833203 0.315278 0.00859375 0.0416667
1 0.785547 0.529167 0.0117188 0.0611111
1 0.845703 0.425694 0.0101562 0.0541667
0 0.771484 0.435417 0.0117188 0.0569444
1 0.457812 0.44375 0.0140625 0.0541667
4 0.184375 0.313194 0.0875 0.0902778
