0 0.272266 0.163194 0.00859375 0.0319444
0 0.378906 0.220833 0.009375 0.0388889
0 0.382422 0.222917 0.0148437 0.0458333
1 0.385156 0.226389 0.0109375 0.0444444
1 0.739844 0.383333 0.0125 0.0583333
0 0.660937 0.197222 0.0109375 0.0388889
1 0.707812 0.207639 0.009375 0.0347222
0 0.180859 0.234722 0.00859375 0.0472222
1 0.767187 0.2875 0.0125 0.05
0 0.0980469 0.365278 0.0132813 0.0472222
0 0.538672 0.2 0.00859375 0.0416667
1 0.484766 0.214583 0.0101562 0.0402778
1 0.568359 0.338194 0.00859375 0.0541667
0 0.408594 0.183333 0.0109375 0.0333333
1 0.733203 0.226389 0.0101562 0.0444444
1 0.360547 0.282639 0.0101562 0.0458333
0 0.728125 0.296528 0.009375 0.0486111
0 0.336328 0.301389 0.0148437 0.05
0 0.605859 0.390972 0.0132813 0.0486111
1 0.592578 0.504167 0.0148437 0.0583333
1 0.5875 0.224306 0.0109375 0.0430556
0 0.156641 0.538194 0.0132813 0.0680556
