0 0.735547 0.273611 0.0101562 0.0416667
0 0.616406 0.184028 0.009375 0.0375
0 0.517187 0.253472 0.0140625 0.0513889
0 0.0972656 0.190278 0.00859375 0.0388889
0 0.730078 0.253472 0.0117188 0.0430556
0 0.380078 0.151389 0.0101562 0.0333333
1 0.719141 0.236806 0.0101562 0.0458333
0 0.510938 0.258333 0.009375 0.0444444
0 0.732422 0.265972 0.0101562 0.0486111
1 0.626562 0.1875 0.009375 0.0416667
1 0.761719 0.381944 0.0109375 0.0583333
1 0.742969 0.301389 0.0109375 0.05
0 0.388281 0.185417 0.009375 0.0402778
1 0.520312 0.247222 0.0109375 0.05
0 0.610547 0.234722 0.0101562 0.0444444
1 0.676172 0.264583 0.0101562 0.0513889
1 0.2875 0.378472 0.0125 0.0597222
0 0.66875 0.379167 0.0140625 0.0527778
0 0.238281 0.566667 0.0203125 0.0722222
1 0.628125 0.507639 0.0125 0.0708333
0 0.478906 0.313889 0.0140625 0.0527778
0 0.350781 0.238194 0.0109375 0.0513889
0 0.196875 0.385417 0.0125 0.0569444
1 0.558594 0.307639 0.0140625 0.0486111
1 0.445703 0.227083 0.0101562 0.0430556
