0 0.523438 0.329167 0.0109375 0.0388889
1 0.992969 0.320833 0.009375 0.0361111
0 0.957422 0.726389 0.0226563 0.0638889
1 0.270312 0.223611 0.0078125 0.0277778
0 0.363281 0.381944 0.0125 0.0416667
0 0.721094 0.34375 0.0125 0.0319444
1 0.425 0.372222 0.0109375 0.0388889
0 0.442187 0.477778 0.0140625 0.0444444
1 0.501172 0.350694 0.00859375 0.0375
1 0.669531 0.509028 0.0140625 0.0486111
1 0.665234 0.379861 0.0101562 0.0458333
0 0.654297 0.2625 0.00703125 0.0305556
1 0.707031 0.402083 0.0109375 0.0430556
0 0.440625 0.434722 0.009375 0.0416667
0 0.235938 0.383333 0.0109375 0.0416667
0 0.3125 0.294444 0.009375 0.0333333
0 0.747266 0.463194 0.0101562 0.0513889
1 0.608984 0.28125 0.0117188 0.0347222
0 0.255078 0.472917 0.0117188 0.0458333
0 0.850781 0.648611 0.015625 0.0583333
1 0.533594 0.428472 0.0109375 0.0458333
1 0.576953 0.391667 0.0101562 0.0416667
1 0.633594 0.327083 0.0140625 0.0375
4 0.946094 0.315278 0.0796875 0.0888889
