1 0.569531 0.242361 0.0125 0.0347222
1 0.574219 0.243056 0.0125 0.0388889
0 0.688281 0.278472 0.009375 0.0402778
1 0.654297 0.213889 0.00859375 0.0305556
0 0.430469 0.349306 0.0109375 0.0486111
1 0.657422 0.25 0.0117188 0.0333333
1 0.624219 0.315278 0.015625 0.05
0 0.705078 0.211806 0.00859375 0.0402778
1 0.723437 0.238889 0.009375 0.0388889
1 0.740234 0.28125 0.0148437 0.0430556
0 0.521094 0.245139 0.0078125 0.0402778
1 0.483203 0.299306 0.00859375 0.0486111
1 0.808203 0.372222 0.0117188 0.05
0 0.358203 0.214583 0.00859375 0.0319444
1 0.440625 0.238889 0.0140625 0.0388889
0 0.246875 0.28125 0.0125 0.0458333
0 0.615625 0.207639 0.0109375 0.0347222
0 0.741016 0.384028 0.0195312 0.0513889
1 0.760156 0.465278 0.01875 0.0527778
0 0.200781 0.399306 0.0171875 0.0541667
0 0.360547 0.593056 0.0179687 0.0638889
