0 0.267969 0.204167 0.009375 0.0388889
1 0.432031 0.372222 0.0125 0.0472222
0 0.445703 0.225 0.00859375 0.0388889
1 0.649609 0.210417 0.00703125 0.0347222
0 0.551562 0.216667 0.009375 0.0333333
1 0.791016 0.23125 0.00859375 0.0347222
0 0.284766 0.231944 0.0132813 0.0361111
1 0.681641 0.289583 0.00859375 0.0375
0 0.703516 0.228472 0.00859375 0.0347222
0 0.383203 0.30625 0.0164062 0.0402778
1 0.358984 0.342361 0.0148437 0.0402778
1 0.378516 0.225694 0.0117188 0.0402778
0 0.767578 0.271528 0.00859375 0.0402778
1 0.462109 0.415278 0.0148437 0.0583333
1 0.260547 0.313889 0.0117188 0.0416667
1 0.834375 0.456944 0.0125 0.0583333
1 0.476953 0.711806 0.0164062 0.0736111
0 0.207422 0.492361 0.0164062 0.0597222
0 0.521484 0.444444 0.0117188 0.05
0 0.201953 0.370833 0.0164062 0.0472222
0 0.216797 0.307639 0.0164062 0.0458333
