0 0.381641 0.453472 0.0132813 0.0569444
0 0.174609 0.386806 0.00859375 0.0486111
1 0.379687 0.452778 0.0140625 0.0527778
1 0.174609 0.382639 0.0101562 0.0458333
1 0.210938 0.35625 0.009375 0.0458333
1 0.701953 0.3125 0.0132813 0.0444444
1 0.639063 0.211806 0.0078125 0.0347222
0 0.177734 0.345833 0.0101562 0.0416667
0 0.372266 0.303472 0.00859375 0.0402778
0 0.527734 0.225 0.0101562 0.0361111
1 0.396094 0.198611 0.0078125 0.0305556
1 0.508984 0.331944 0.0101562 0.0416667
1 0.308203 0.290278 0.00859375 0.0416667
1 0.261328 0.659722 0.0164062 0.075
1 0.880469 0.55625 0.0140625 0.0625
0 0.258984 0.275694 0.0101562 0.0402778
0 0.158203 0.500694 0.0132813 0.0569444
0 0.151172 0.4 0.0148437 0.05
0 0.319531 0.376389 0.0125 0.0472222
0 0.705078 0.39375 0.0132813 0.0486111
0 0.427734 0.511111 0.0164062 0.0527778
1 0.340625 0.404861 0.0125 0.0513889
