0 0.732422 0.229167 0.0148437 0.0416667
0 0.364062 0.190278 0.0078125 0.0361111
1 0.732813 0.232639 0.0109375 0.0402778
0 0.723047 0.227083 0.00859375 0.0430556
0 0.545703 0.235417 0.0101562 0.0375
1 0.601172 0.236111 0.0117188 0.0416667
0 0.553125 0.236111 0.0140625 0.0416667
1 0.705078 0.203472 0.00859375 0.0375
1 0.769141 0.295833 0.0132813 0.0472222
0 0.63125 0.190972 0.0109375 0.0319444
0 0.3625 0.197917 0.009375 0.0347222
1 0.602734 0.309722 0.0101562 0.0472222
1 0.420703 0.221528 0.00859375 0.0375
0 0.391406 0.334028 0.0140625 0.0486111
0 0.655078 0.389583 0.0117188 0.0486111
0 0.229687 0.259028 0.009375 0.0486111
1 0.502344 0.279861 0.009375 0.0486111
0 0.734766 0.307639 0.0117188 0.0458333
1 0.790625 0.379861 0.015625 0.0513889
0 0.153906 0.385417 0.0171875 0.0541667
1 0.694531 0.481944 0.021875 0.0555556
0 0.319531 0.617361 0.0234375 0.0708333
