0 0.528125 0.209028 0.0078125 0.0291667
0 0.901172 0.334028 0.0117188 0.0513889
0 0.473047 0.402083 0.00859375 0.0458333
0 0.903125 0.313194 0.0109375 0.0402778
0 0.51875 0.236806 0.0078125 0.0347222
1 0.530078 0.209028 0.00859375 0.0319444
1 0.430859 0.419444 0.0101562 0.0527778
1 0.502344 0.270833 0.0078125 0.0388889
0 0.703906 0.291667 0.009375 0.0416667
1 0.763672 0.304167 0.0101562 0.0444444
0 0.323438 0.257639 0.009375 0.0375
1 0.933984 0.45 0.0117188 0.0555556
0 0.169922 0.436111 0.0117188 0.0555556
0 0.242969 0.51875 0.0140625 0.0597222
0 0.199219 0.350694 0.0109375 0.0430556
1 0.721484 0.61875 0.0148437 0.0680556
0 0.643359 0.509028 0.0101562 0.0541667
0 0.403906 0.398611 0.0109375 0.05
0 0.375391 0.309028 0.00859375 0.0430556
0 0.723437 0.371528 0.009375 0.0458333
1 0.659375 0.225694 0.0078125 0.0375
1 0.603906 0.349306 0.009375 0.0458333
1 0.278906 0.459028 0.015625 0.0541667
1 0.237109 0.372917 0.0132813 0.0458333
