1 0.671094 0.33125 0.0109375 0.0375
0 0.520703 0.25 0.00859375 0.0333333
0 0.349219 0.286111 0.009375 0.0361111
0 0.522266 0.272917 0.0101562 0.0375
1 0.522266 0.283333 0.0117188 0.0444444
1 0.623047 0.279167 0.00859375 0.0388889
0 0.610547 0.280556 0.00859375 0.0333333
0 0.586328 0.254861 0.0101562 0.0347222
0 0.527344 0.297917 0.009375 0.0347222
1 0.477344 0.345139 0.0078125 0.0430556
0 0.424609 0.30625 0.00703125 0.0347222
1 0.808203 0.399306 0.00859375 0.0486111
0 0.341406 0.364583 0.0078125 0.0402778
1 0.604688 0.354167 0.0078125 0.0444444
0 0.785547 0.392361 0.0101562 0.0458333
1 0.70625 0.352778 0.009375 0.0416667
1 0.771484 0.313889 0.00859375 0.0388889
0 0.542188 0.364583 0.0125 0.0430556
1 0.553906 0.28125 0.0078125 0.0347222
0 0.605078 0.438889 0.0101562 0.05
0 0.3125 0.484722 0.0125 0.0583333
1 0.595703 0.516667 0.0117188 0.0583333
1 0.823047 0.484722 0.0148437 0.0527778
4 0.134375 0.329861 0.084375 0.0902778
