0 0.447656 0.277778 0.009375 0.0333333
0 0.372656 0.359722 0.00625 0.0472222
0 0.375391 0.363194 0.00859375 0.0541667
1 0.211328 0.386806 0.0117188 0.0486111
1 0.46875 0.274306 0.009375 0.0402778
1 0.490234 0.204167 0.00703125 0.0333333
1 0.707031 0.235417 0.009375 0.0375
1 0.214453 0.459028 0.0117188 0.0541667
0 0.515625 0.238889 0.0078125 0.0361111
0 0.445312 0.281944 0.009375 0.0388889
0 0.192969 0.35625 0.0109375 0.0486111
0 0.692187 0.343056 0.009375 0.0472222
0 0.326562 0.254167 0.009375 0.0361111
0 0.502734 0.479167 0.0132813 0.0527778
1 0.376953 0.422917 0.0117188 0.0513889
0 0.188281 0.490972 0.0140625 0.0569444
1 0.763281 0.309722 0.009375 0.0416667
1 0.877734 0.477083 0.0117188 0.0569444
0 0.632812 0.275 0.009375 0.0361111
1 0.601953 0.333333 0.00859375 0.0416667
0 0.158594 0.427083 0.0171875 0.0513889
1 0.489453 0.69375 0.0242187 0.0652778
