1 0.855859 0.520139 0.0195312 0.0847222
0 0.539453 0.2625 0.00859375 0.0361111
1 0.528125 0.272222 0.009375 0.0333333
0 0.548828 0.299306 0.0101562 0.0347222
0 0.603516 0.257639 0.0101562 0.0319444
0 0.457031 0.301389 0.0078125 0.0361111
1 0.562109 0.272222 0.00859375 0.0333333
0 0.617578 0.279167 0.00703125 0.0361111
1 0.644141 0.277778 0.00859375 0.0416667
1 0.851172 0.502083 0.0148437 0.0569444
1 0.501953 0.338194 0.00859375 0.0375
1 0.841406 0.413889 0.009375 0.05
1 0.735937 0.353472 0.009375 0.0430556
1 0.618359 0.511111 0.0117188 0.0583333
0 0.388281 0.354167 0.0078125 0.0444444
0 0.815234 0.408333 0.00859375 0.05
0 0.352344 0.465972 0.0109375 0.0597222
0 0.593359 0.422917 0.0101562 0.0486111
0 0.558203 0.360417 0.0101562 0.0430556
1 0.815625 0.315972 0.0078125 0.0402778
1 0.621484 0.352778 0.00859375 0.0444444
4 0.171875 0.328472 0.0859375 0.0930556
