0 0.662891 0.200694 0.00859375 0.0430556
1 0.664453 0.189583 0.00859375 0.0402778
0 0.660547 0.205556 0.00703125 0.0305556
0 0.736719 0.240278 0.009375 0.0444444
1 0.7375 0.234722 0.0078125 0.0333333
0 0.689844 0.229167 0.009375 0.0388889
1 0.684766 0.261806 0.0101562 0.0375
0 0.735937 0.260417 0.0125 0.0402778
1 0.758984 0.299306 0.0101562 0.0513889
0 0.380078 0.185417 0.00859375 0.0375
0 0.500781 0.285417 0.009375 0.0625
1 0.605859 0.297917 0.00859375 0.0541667
1 0.564844 0.236806 0.0109375 0.0486111
1 0.332031 0.35625 0.0109375 0.0569444
0 0.705469 0.356944 0.0109375 0.0555556
1 0.691016 0.495139 0.0148437 0.0597222
1 0.425391 0.217361 0.00859375 0.0430556
1 0.785547 0.366667 0.0117188 0.0583333
0 0.346484 0.248611 0.0101562 0.0472222
0 0.540625 0.249306 0.0109375 0.0458333
0 0.244141 0.49375 0.0132813 0.0680556
0 0.209766 0.370833 0.0179687 0.0611111
