1 0.540234 0.2125 0.00859375 0.0305556
1 0.661328 0.224306 0.00859375 0.0375
1 0.451172 0.4125 0.00859375 0.0444444
0 0.521094 0.232639 0.0078125 0.0347222
0 0.701563 0.3625 0.0125 0.0472222
0 0.197656 0.345139 0.0109375 0.0458333
0 0.174219 0.429167 0.0125 0.05
0 0.418359 0.390278 0.0132813 0.0527778
0 0.315234 0.256944 0.00859375 0.0388889
1 0.729297 0.583333 0.0148437 0.0666667
1 0.923437 0.427083 0.0140625 0.0541667
1 0.512891 0.272917 0.0101562 0.0347222
1 0.766406 0.295139 0.009375 0.0402778
0 0.380469 0.303472 0.009375 0.0402778
0 0.704297 0.284028 0.00859375 0.0375
0 0.234766 0.514583 0.0132813 0.0652778
1 0.601562 0.336111 0.009375 0.0444444
0 0.669922 0.504167 0.0132813 0.0555556
1 0.246875 0.360417 0.0125 0.0430556
1 0.278906 0.436111 0.0140625 0.0527778
