0 0.378516 0.447222 0.0101562 0.0527778
0 0.674609 0.307639 0.0164062 0.0458333
1 0.377734 0.450694 0.0101562 0.0541667
1 0.152734 0.391667 0.0132813 0.0472222
0 0.289453 0.381944 0.0101562 0.0444444
0 0.678906 0.302083 0.0125 0.0375
0 0.292969 0.384722 0.0109375 0.0388889
0 0.153906 0.395139 0.0140625 0.0597222
1 0.203125 0.35625 0.009375 0.0430556
1 0.269922 0.4125 0.0132813 0.0444444
1 0.671484 0.320139 0.0132813 0.0430556
1 0.384375 0.206944 0.0078125 0.0333333
0 0.479688 0.234028 0.009375 0.0375
0 0.146484 0.476389 0.0132813 0.0527778
1 0.219922 0.647917 0.0164062 0.0680556
1 0.303125 0.286111 0.0109375 0.0416667
1 0.479688 0.332639 0.009375 0.0458333
0 0.175781 0.347917 0.0109375 0.0513889
1 0.584375 0.229167 0.009375 0.0361111
0 0.249219 0.281944 0.0109375 0.0416667
0 0.376953 0.513194 0.0101562 0.0597222
0 0.355078 0.295833 0.0101562 0.0361111
0 0.804688 0.408333 0.0140625 0.0472222
1 0.858594 0.584722 0.015625 0.0611111
