0 0.3 0.184722 0.009375 0.0388889
0 0.323047 0.198611 0.0101562 0.0305556
0 0.636719 0.219444 0.0078125 0.0333333
1 0.591406 0.214583 0.009375 0.0375
1 0.312109 0.298611 0.00859375 0.0416667
1 0.302734 0.246528 0.00859375 0.0402778
0 0.658203 0.238889 0.0101562 0.0388889
1 0.408203 0.219444 0.00859375 0.0388889
1 0.719922 0.395139 0.0117188 0.0597222
1 0.541016 0.354167 0.0101562 0.0527778
1 0.774609 0.286111 0.0101562 0.0472222
0 0.228516 0.255556 0.00859375 0.0444444
0 0.755859 0.3 0.0101562 0.0416667
1 0.684375 0.234028 0.009375 0.0402778
1 0.665625 0.278472 0.0078125 0.0402778
0 0.529688 0.398611 0.009375 0.0555556
0 0.362109 0.217361 0.00859375 0.0347222
0 0.333203 0.286806 0.0101562 0.0458333
0 0.116797 0.357639 0.0101562 0.0486111
0 0.14375 0.495833 0.0140625 0.0638889
1 0.590234 0.527083 0.0148437 0.0625
