0 0.212109 0.4625 0.0101562 0.0361111
0 0.773438 0.340972 0.009375 0.0291667
0 0.136328 0.415972 0.0179687 0.0458333
1 0.655469 0.295833 0.009375 0.0333333
1 0.137109 0.413889 0.0148437 0.0472222
0 0.759375 0.338889 0.0078125 0.025
1 0.640234 0.318056 0.00859375 0.0333333
0 0.667578 0.274306 0.00703125 0.0263889
1 0.669922 0.334028 0.00859375 0.0402778
1 0.567969 0.319444 0.0078125 0.0333333
1 0.603516 0.305556 0.00859375 0.0333333
1 0.750781 0.4125 0.009375 0.0416667
0 0.64375 0.361806 0.0078125 0.0402778
1 0.701172 0.356944 0.00859375 0.0416667
1 0.598437 0.414583 0.0078125 0.0375
0 0.227344 0.328472 0.0078125 0.0375
0 0.556641 0.4 0.0117188 0.0444444
0 0.215625 0.465278 0.0109375 0.0527778
0 0.368359 0.341667 0.00859375 0.0361111
0 0.266406 0.550694 0.0109375 0.0597222
1 0.257812 0.459722 0.0109375 0.0472222
4 0.841016 0.315278 0.0757812 0.0833333
