1 0.858203 0.339583 0.00859375 0.0319444
1 0.861719 0.336111 0.0125 0.0416667
0 0.7125 0.561806 0.0046875 0.0208333
0 0.733594 0.258333 0.00625 0.0277778
0 0.621484 0.338889 0.0101562 0.0361111
1 0.566016 0.272222 0.00703125 0.0333333
1 0.639844 0.372222 0.0078125 0.0305556
1 0.722266 0.365278 0.00859375 0.0361111
1 0.480469 0.357639 0.0078125 0.0375
1 0.242969 0.361806 0.0078125 0.0319444
0 0.226953 0.515278 0.0117188 0.0527778
0 0.352734 0.374306 0.00859375 0.0347222
0 0.239063 0.306944 0.0078125 0.0333333
0 0.73125 0.426389 0.009375 0.0472222
1 0.323047 0.511806 0.0132813 0.0541667
1 0.670703 0.314583 0.00859375 0.0319444
0 0.914844 0.5375 0.0109375 0.0472222
0 0.626953 0.530556 0.0148437 0.0472222
0 0.146875 0.381944 0.0109375 0.0388889
1 0.651563 0.533333 0.0140625 0.0472222
1 0.965234 0.536111 0.0148437 0.0444444
0 0.540625 0.582639 0.015625 0.0569444
4 0.836328 0.314583 0.0664062 0.0819444
