0 0.376172 0.361806 0.00859375 0.0486111
0 0.499609 0.475 0.0164062 0.0527778
0 0.326172 0.253472 0.00859375 0.0347222
1 0.214453 0.457639 0.0117188 0.0513889
1 0.213281 0.384028 0.0109375 0.0458333
1 0.487891 0.205556 0.00859375 0.0333333
0 0.515625 0.236111 0.0078125 0.0388889
0 0.448047 0.28125 0.00859375 0.0402778
0 0.19375 0.354167 0.0109375 0.05
1 0.874219 0.476389 0.0140625 0.0583333
1 0.467969 0.272222 0.009375 0.0388889
0 0.631641 0.271528 0.0101562 0.0402778
1 0.377734 0.421528 0.0117188 0.0541667
1 0.705078 0.234722 0.0132813 0.0361111
1 0.600781 0.329861 0.009375 0.0430556
0 0.187891 0.490278 0.0132813 0.0583333
0 0.691016 0.338889 0.00859375 0.0472222
0 0.160547 0.427083 0.0164062 0.0541667
1 0.764063 0.309028 0.0109375 0.0430556
1 0.478125 0.69375 0.015625 0.0597222
