0 0.376953 0.164583 0.0117188 0.0375
0 0.680859 0.218056 0.0101562 0.0416667
0 0.514844 0.25 0.009375 0.0361111
0 0.625 0.189583 0.009375 0.0375
1 0.520703 0.2375 0.0101562 0.0305556
1 0.627344 0.189583 0.009375 0.0347222
1 0.744922 0.288889 0.00859375 0.0388889
0 0.517969 0.258333 0.0140625 0.0444444
0 0.729297 0.263889 0.0117188 0.05
1 0.523438 0.247222 0.009375 0.0444444
0 0.621094 0.236111 0.009375 0.0388889
1 0.674609 0.261806 0.0117188 0.0541667
1 0.743359 0.301389 0.0101562 0.05
1 0.435547 0.223611 0.0101562 0.0416667
1 0.721484 0.234028 0.00859375 0.0375
0 0.369531 0.183333 0.009375 0.0388889
1 0.567969 0.305556 0.009375 0.0527778
0 0.483203 0.311111 0.0117188 0.0527778
1 0.298828 0.377083 0.0101562 0.0569444
1 0.761328 0.374306 0.0148437 0.0541667
0 0.34375 0.236806 0.0109375 0.0513889
0 0.191797 0.382639 0.0148437 0.0569444
0 0.677734 0.372222 0.0148437 0.0527778
1 0.639453 0.504861 0.0195312 0.0652778
0 0.271094 0.555556 0.0203125 0.075
