0 0.3625 0.201389 0.0109375 0.0361111
0 0.510156 0.270833 0.009375 0.0444444
0 0.365234 0.1875 0.0101562 0.0361111
0 0.361328 0.220139 0.00859375 0.0347222
1 0.432031 0.219444 0.0109375 0.0416667
1 0.330859 0.29375 0.0117188 0.0486111
1 0.639844 0.213889 0.0109375 0.0388889
1 0.657031 0.234722 0.0109375 0.0333333
1 0.345703 0.233333 0.00859375 0.0388889
0 0.670703 0.216667 0.0101562 0.0361111
1 0.623047 0.250694 0.00859375 0.0375
1 0.538672 0.346528 0.0117188 0.0513889
0 0.1375 0.517361 0.0125 0.0708333
1 0.712109 0.3875 0.0117188 0.0555556
1 0.749219 0.286806 0.009375 0.0458333
0 0.096875 0.3625 0.009375 0.05
0 0.203516 0.24375 0.00859375 0.0430556
0 0.579687 0.228472 0.009375 0.0402778
0 0.555469 0.390278 0.0109375 0.0527778
1 0.579297 0.507639 0.0148437 0.0597222
0 0.727734 0.295833 0.0117188 0.05
