0 0.693359 0.265278 0.0148437 0.0555556
1 0.440234 0.350694 0.0117188 0.0458333
0 0.378516 0.4625 0.0148437 0.0638889
0 0.699609 0.253472 0.0101562 0.0375
1 0.378906 0.44375 0.0140625 0.0486111
0 0.773828 0.759028 0.0148437 0.0736111
0 0.376953 0.484722 0.0117188 0.0472222
0 0.687109 0.281944 0.0117188 0.0388889
1 0.774219 0.501389 0.0125 0.0611111
1 0.652734 0.322917 0.00859375 0.0458333
1 0.667969 0.240972 0.009375 0.0375
0 0.226953 0.321528 0.0148437 0.0486111
0 0.401563 0.453472 0.0109375 0.0569444
0 0.344141 0.263889 0.0117188 0.0416667
1 0.620313 0.619444 0.0140625 0.0638889
1 0.781641 0.407639 0.0132813 0.0569444
1 0.456641 0.402778 0.0132813 0.05
0 0.179688 0.430556 0.021875 0.0555556
0 0.65625 0.517361 0.0203125 0.0652778
1 0.520703 0.454167 0.0117188 0.0611111
1 0.140234 0.495139 0.0117188 0.0569444
1 0.274609 0.347917 0.0164062 0.0430556
