0 0.236328 0.333333 0.0117188 0.0472222
0 0.702344 0.184722 0.0078125 0.0444444
1 0.659766 0.208333 0.00703125 0.0305556
1 0.428906 0.211806 0.009375 0.0347222
0 0.518359 0.221528 0.00703125 0.0375
1 0.761719 0.224306 0.0109375 0.0291667
0 0.525391 0.461111 0.0132813 0.0555556
1 0.385938 0.242361 0.0078125 0.0375
0 0.704687 0.225694 0.0078125 0.0319444
0 0.774219 0.269444 0.0109375 0.0416667
1 0.440234 0.432639 0.0117188 0.0541667
0 0.201172 0.390972 0.0117188 0.0513889
1 0.414453 0.756944 0.0179687 0.0777778
0 0.310547 0.248611 0.00859375 0.0361111
1 0.242578 0.338194 0.0101562 0.0430556
0 0.219922 0.326389 0.0101562 0.0472222
1 0.313672 0.379861 0.0117188 0.0513889
0 0.414453 0.325694 0.0101562 0.0458333
0 0.477734 0.25 0.00859375 0.0333333
1 0.667969 0.294444 0.009375 0.0416667
0 0.194141 0.516667 0.0132813 0.0638889
1 0.878516 0.482639 0.0148437 0.0597222
