1 0.478906 0.434722 0.0109375 0.0472222
1 0.598437 0.840972 0.0171875 0.0875
1 0.628125 0.782639 0.025 0.0847222
0 0.719922 0.85625 0.0195312 0.0791667
0 0.544531 0.292361 0.0109375 0.0402778
1 0.570312 0.327778 0.0078125 0.0416667
1 0.768359 0.379861 0.0117188 0.0486111
1 0.363672 0.411806 0.0164062 0.0513889
1 0.574609 0.459028 0.0148437 0.0458333
0 0.198828 0.445139 0.0117188 0.0569444
1 0.774219 0.608333 0.015625 0.0722222
1 0.109375 0.343056 0.0109375 0.0388889
0 0.379687 0.488194 0.0140625 0.0541667
0 0.267969 0.290278 0.0109375 0.0416667
1 0.496875 0.676389 0.01875 0.0722222
0 0.230078 0.357639 0.0117188 0.0458333
0 0.146484 0.590972 0.0179687 0.0652778
1 0.120312 0.504167 0.0109375 0.0555556
0 0.375391 0.360417 0.0117188 0.0430556
0 0.714844 0.307639 0.0140625 0.0430556
0 0.608984 0.6875 0.0195312 0.0611111
