1 0.438281 0.25 0.009375 0.0388889
0 0.567969 0.222917 0.0109375 0.0347222
4 0.009375 0.311111 0.01875 0.0833333
0 0.439063 0.274306 0.009375 0.0347222
0 0.434766 0.234028 0.0101562 0.0347222
1 0.690234 0.275694 0.00859375 0.0486111
1 0.438672 0.265278 0.00859375 0.0416667
1 0.557813 0.241667 0.0109375 0.0388889
1 0.733203 0.340278 0.00859375 0.0416667
0 0.722656 0.327778 0.009375 0.0444444
1 0.491406 0.265278 0.0078125 0.0416667
0 0.583594 0.257639 0.009375 0.0402778
0 0.573047 0.445139 0.0117188 0.0541667
1 0.307031 0.371528 0.009375 0.0458333
1 0.514063 0.327083 0.009375 0.0430556
0 0.468359 0.338889 0.0101562 0.0472222
0 0.113672 0.4 0.0117188 0.05
1 0.742188 0.435417 0.0109375 0.0569444
0 0.343359 0.284028 0.0117188 0.0458333
1 0.644922 0.316667 0.0117188 0.0472222
1 0.520703 0.506944 0.0117188 0.0583333
0 0.153906 0.530556 0.0140625 0.0638889
