0 0.621875 0.327778 0.00625 0.0333333
1 0.637109 0.296528 0.00859375 0.0319444
1 0.702734 0.393056 0.00859375 0.0388889
0 0.702734 0.397222 0.0101562 0.0388889
0 0.698828 0.276389 0.00703125 0.0277778
1 0.673828 0.490278 0.0117188 0.0472222
0 0.736328 0.483333 0.0117188 0.0472222
1 0.753906 0.426389 0.009375 0.0416667
0 0.573438 0.484722 0.0109375 0.0472222
1 0.51875 0.504167 0.0125 0.0472222
0 0.880469 0.629167 0.0125 0.0555556
1 0.360938 0.403472 0.0078125 0.0319444
0 0.224219 0.406944 0.0125 0.0416667
1 0.687891 0.429861 0.0117188 0.0375
0 0.595703 0.591667 0.0117188 0.0527778
1 0.753125 0.490278 0.0125 0.0416667
0 0.414844 0.438194 0.009375 0.0375
0 0.363281 0.547222 0.0125 0.0527778
0 0.333203 0.307639 0.00859375 0.0319444
1 0.608203 0.396528 0.0101562 0.0347222
1 0.790234 0.39375 0.0101562 0.0402778
4 0.871094 0.325694 0.06875 0.0791667
