1 0.865234 0.380556 0.0164062 0.05
0 0.450391 0.252778 0.0132813 0.0361111
0 0.560938 0.2625 0.009375 0.0361111
0 0.863672 0.378472 0.0148437 0.0486111
1 0.867578 0.368056 0.0117188 0.0388889
1 0.613281 0.321528 0.009375 0.0486111
0 0.554688 0.215278 0.009375 0.0305556
1 0.447266 0.254167 0.0117188 0.0361111
1 0.5125 0.252083 0.009375 0.0347222
0 0.587891 0.292361 0.0132813 0.0402778
1 0.573438 0.226389 0.009375 0.0388889
0 0.430859 0.359722 0.0132813 0.0416667
1 0.632812 0.266667 0.009375 0.0361111
0 0.625 0.202778 0.0109375 0.0361111
1 0.674609 0.251389 0.0117188 0.0361111
1 0.700781 0.280556 0.0125 0.0361111
0 0.328906 0.228472 0.0078125 0.0347222
1 0.451953 0.315278 0.0101562 0.0444444
0 0.368359 0.569444 0.0132813 0.0611111
0 0.238672 0.302083 0.0117188 0.0486111
0 0.222656 0.404861 0.0125 0.0486111
1 0.778516 0.4625 0.0164062 0.05
