1 0.557813 0.366667 0.0171875 0.0416667
0 0.74375 0.31875 0.009375 0.0430556
1 0.216406 0.420833 0.009375 0.0583333
1 0.496484 0.260417 0.00859375 0.0347222
0 0.477344 0.263889 0.009375 0.0333333
0 0.608984 0.2875 0.00703125 0.0361111
1 0.484375 0.297222 0.0109375 0.0361111
1 0.625391 0.316667 0.0117188 0.0388889
0 0.701953 0.424306 0.0101562 0.0458333
1 0.219531 0.391667 0.009375 0.0388889
1 0.572266 0.259722 0.00859375 0.0333333
0 0.107813 0.394444 0.0109375 0.05
1 0.735937 0.391667 0.0140625 0.0444444
0 0.559375 0.374306 0.0125 0.0458333
0 0.41875 0.396528 0.0109375 0.0486111
0 0.216797 0.303472 0.00859375 0.0347222
1 0.55 0.332639 0.0125 0.0402778
1 0.708594 0.509028 0.0125 0.0486111
1 0.464063 0.426389 0.015625 0.0472222
0 0.183203 0.542361 0.0164062 0.0597222
0 0.126563 0.4625 0.0140625 0.0527778
0 0.324609 0.328472 0.0101562 0.0375
4 0.865234 0.29375 0.0757812 0.0875
