0 0.700781 0.248611 0.0171875 0.0305556
0 0.548437 0.394444 0.0140625 0.0472222
0 0.714063 0.244444 0.00625 0.0194444
1 0.736719 0.599306 0.0140625 0.0541667
0 0.7625 0.5 0.0125 0.0527778
1 0.769141 0.305556 0.0101562 0.0388889
0 0.287109 0.429861 0.0148437 0.0541667
0 0.696484 0.251389 0.00859375 0.0333333
1 0.675 0.314583 0.0109375 0.0402778
0 0.275781 0.363194 0.0125 0.0486111
1 0.770312 0.605556 0.0171875 0.0583333
0 0.432422 0.341667 0.0101562 0.0416667
0 0.315625 0.288194 0.009375 0.0375
0 0.601953 0.263194 0.0101562 0.0347222
1 0.1125 0.363194 0.0109375 0.0402778
1 0.492578 0.375694 0.0117188 0.0513889
1 0.84375 0.481944 0.0125 0.0583333
1 0.730078 0.449306 0.0117188 0.0486111
0 0.8875 0.534722 0.0125 0.0583333
1 0.649219 0.578472 0.0171875 0.0652778
0 0.508984 0.488889 0.0164062 0.0583333
1 0.203125 0.5125 0.01875 0.0527778
0 0.280859 0.594444 0.0210938 0.0611111
