0 0.685156 0.340972 0.0140625 0.0458333
1 0.428516 0.433333 0.0179687 0.0277778
1 0.423438 0.435417 0.0125 0.0375
0 0.371484 0.388194 0.0132813 0.0430556
0 0.216406 0.322917 0.0125 0.0402778
1 0.20625 0.351389 0.0109375 0.0361111
1 0.372656 0.360417 0.0125 0.0430556
1 0.787891 0.515278 0.0117188 0.0638889
0 0.325 0.275 0.0140625 0.0388889
0 0.685938 0.725694 0.015625 0.0708333
1 0.563281 0.438194 0.0140625 0.0569444
1 0.482031 0.59375 0.0140625 0.0625
0 0.652344 0.283333 0.015625 0.0444444
0 0.432813 0.39375 0.0140625 0.0430556
0 0.166016 0.399306 0.0117188 0.0513889
0 0.336328 0.489583 0.0148437 0.0541667
1 0.126563 0.495139 0.0171875 0.0541667
1 0.806641 0.424306 0.0179687 0.0513889
1 0.626172 0.238194 0.0164062 0.0375
0 0.685547 0.269444 0.0101562 0.0444444
1 0.683203 0.338194 0.0148437 0.0430556
0 0.648438 0.494444 0.015625 0.0583333
