0 0.225781 0.347222 0.0109375 0.0527778
1 0.422656 0.209028 0.00625 0.0291667
0 0.422266 0.40625 0.0132813 0.0513889
1 0.400391 0.255556 0.00859375 0.0388889
1 0.226172 0.353472 0.0101562 0.0486111
1 0.784375 0.259722 0.009375 0.0361111
0 0.836328 0.289583 0.00859375 0.0375
0 0.280469 0.264583 0.0078125 0.0375
0 0.502344 0.239583 0.00625 0.0319444
0 0.723437 0.253472 0.0109375 0.0319444
0 0.422266 0.36875 0.0101562 0.0430556
0 0.493359 0.2875 0.00859375 0.0388889
1 0.348437 0.783333 0.0234375 0.0777778
1 0.426562 0.450694 0.009375 0.0513889
0 0.523828 0.494444 0.0117188 0.0583333
1 0.639844 0.311806 0.009375 0.0402778
1 0.259375 0.409028 0.0125 0.0541667
1 0.690234 0.232639 0.00703125 0.0319444
0 0.172656 0.547917 0.0140625 0.0597222
1 0.908594 0.50625 0.0125 0.0569444
0 0.202734 0.422222 0.0117188 0.0555556
