1 0.682813 0.236111 0.0109375 0.0388889
0 0.766406 0.290972 0.009375 0.0347222
0 0.682422 0.236806 0.0148437 0.0402778
0 0.677344 0.238889 0.0109375 0.0361111
1 0.686719 0.233333 0.0078125 0.0388889
1 0.572266 0.217361 0.00859375 0.0375
0 0.316016 0.193056 0.00859375 0.0333333
1 0.411328 0.220833 0.0101562 0.0388889
0 0.634766 0.221528 0.00859375 0.0375
0 0.767187 0.303472 0.0109375 0.0375
1 0.308984 0.302083 0.00859375 0.0402778
1 0.537109 0.361806 0.0101562 0.0513889
1 0.301172 0.250694 0.00859375 0.0375
0 0.530078 0.407639 0.0117188 0.0513889
1 0.776953 0.279861 0.00859375 0.0375
0 0.369922 0.215278 0.00859375 0.0361111
0 0.124609 0.361111 0.0117188 0.05
0 0.335938 0.291667 0.0109375 0.0472222
0 0.228125 0.261806 0.009375 0.0458333
1 0.670703 0.283333 0.0117188 0.0444444
1 0.726953 0.400694 0.0164062 0.0513889
1 0.5875 0.536806 0.015625 0.0625
0 0.146094 0.490278 0.015625 0.0611111
