0 0.568359 0.257639 0.00703125 0.0375
0 0.582031 0.289583 0.0125 0.0430556
1 0.567578 0.26875 0.00859375 0.0375
0 0.580859 0.276389 0.00859375 0.0305556
0 0.55625 0.250694 0.0078125 0.0319444
1 0.581641 0.309028 0.0117188 0.0402778
1 0.703125 0.318056 0.0078125 0.0361111
0 0.784375 0.278472 0.0078125 0.0291667
1 0.655859 0.276389 0.00703125 0.0305556
0 0.216016 0.294444 0.00703125 0.0333333
0 0.621094 0.325694 0.0078125 0.0347222
1 0.221094 0.329167 0.0078125 0.0333333
1 0.788281 0.340972 0.0109375 0.0319444
0 0.715625 0.361111 0.0078125 0.0361111
0 0.466797 0.359722 0.0117188 0.0416667
1 0.517187 0.359028 0.009375 0.0402778
1 0.444141 0.298611 0.00859375 0.0361111
0 0.15 0.421528 0.0140625 0.0486111
0 0.348437 0.309722 0.009375 0.0388889
0 0.264844 0.490972 0.0140625 0.0486111
0 0.119141 0.359722 0.0101562 0.0416667
1 0.694922 0.420833 0.0164062 0.0416667
1 0.234766 0.404167 0.0101562 0.0416667
4 0.904688 0.333333 0.0796875 0.0916667
