1 0.441797 0.420833 0.0101562 0.0444444
1 0.395312 0.2375 0.0078125 0.0305556
1 0.417969 0.796528 0.021875 0.0708333
1 0.582422 0.238889 0.00703125 0.0305556
0 0.650781 0.298611 0.0078125 0.0333333
1 0.212109 0.438194 0.0101562 0.0458333
1 0.945312 0.520833 0.0109375 0.0527778
1 0.250391 0.350694 0.00859375 0.0375
0 0.417188 0.236806 0.009375 0.0375
0 0.180859 0.365278 0.0117188 0.0444444
0 0.411719 0.356944 0.0078125 0.0416667
1 0.712109 0.310417 0.0117188 0.0402778
0 0.270703 0.295833 0.00859375 0.0361111
0 0.610156 0.546528 0.0125 0.0541667
0 0.721094 0.448611 0.0109375 0.05
0 0.232031 0.582639 0.0140625 0.0569444
0 0.166016 0.459722 0.0117188 0.0527778
1 0.6625 0.348611 0.009375 0.0388889
1 0.304688 0.326389 0.0078125 0.0388889
0 0.383203 0.444444 0.0132813 0.05
4 0.966016 0.309722 0.0679687 0.0916667
