0 0.375 0.361806 0.009375 0.0486111
1 0.875391 0.477083 0.0132813 0.0569444
0 0.500781 0.475694 0.015625 0.0541667
1 0.213281 0.384028 0.0109375 0.0458333
1 0.215234 0.456944 0.0117188 0.0527778
0 0.515625 0.236111 0.0078125 0.0388889
0 0.447656 0.282639 0.0078125 0.0402778
1 0.489062 0.205556 0.0078125 0.0305556
0 0.326562 0.254167 0.009375 0.0361111
0 0.193359 0.354861 0.0101562 0.0513889
1 0.70625 0.234722 0.0109375 0.0361111
1 0.467969 0.274306 0.009375 0.0402778
0 0.632422 0.272222 0.0101562 0.0388889
1 0.48125 0.693056 0.0140625 0.0638889
0 0.691406 0.339583 0.009375 0.0458333
1 0.377734 0.421528 0.0117188 0.0541667
0 0.188281 0.490278 0.0140625 0.0583333
1 0.600781 0.330556 0.009375 0.0416667
1 0.764063 0.309722 0.009375 0.0416667
0 0.159375 0.427083 0.0171875 0.0513889
