1 0.668359 0.660417 0.0132813 0.0625
0 0.741797 0.26875 0.00703125 0.0236111
0 0.390625 0.370833 0.0109375 0.0444444
1 0.617969 0.327778 0.0109375 0.0416667
1 0.670703 0.728472 0.0226563 0.0736111
0 0.554297 0.283333 0.0117188 0.0361111
0 0.255469 0.363889 0.0125 0.05
1 0.791406 0.369444 0.0109375 0.0472222
1 0.626172 0.647222 0.0148437 0.0638889
0 0.710156 0.280556 0.0109375 0.0333333
1 0.655859 0.501389 0.0117188 0.0527778
0 0.286719 0.286806 0.0125 0.0402778
0 0.643359 0.545139 0.0164062 0.0458333
1 0.103906 0.354861 0.009375 0.0430556
0 0.207031 0.6125 0.015625 0.0611111
1 0.14375 0.530556 0.0125 0.0583333
1 0.424219 0.404167 0.0171875 0.05
0 0.833984 0.679861 0.0195312 0.0708333
1 0.801172 0.572917 0.0164062 0.0652778
0 0.435547 0.510417 0.0179687 0.0569444
0 0.225 0.442361 0.01875 0.0513889
