0 0.549609 0.213889 0.0101562 0.0305556
0 0.678906 0.368056 0.00625 0.0222222
0 0.544141 0.229167 0.0101562 0.0333333
0 0.59375 0.344444 0.0125 0.05
1 0.593359 0.350694 0.0117188 0.0430556
0 0.541016 0.228472 0.00859375 0.0291667
1 0.589453 0.290278 0.00859375 0.0361111
0 0.552734 0.211111 0.00703125 0.0333333
1 0.674609 0.300694 0.00859375 0.0375
0 0.386719 0.281944 0.0078125 0.0388889
1 0.405859 0.275694 0.00859375 0.0375
1 0.427734 0.269444 0.00859375 0.0361111
1 0.4 0.340278 0.009375 0.0388889
0 0.278125 0.249306 0.009375 0.0347222
1 0.512891 0.238889 0.00703125 0.0361111
0 0.197266 0.427778 0.0117188 0.05
0 0.195703 0.322222 0.0101562 0.0444444
0 0.783594 0.390972 0.009375 0.0458333
1 0.796875 0.454861 0.0171875 0.0486111
1 0.646484 0.263194 0.00859375 0.0347222
0 0.486719 0.375694 0.015625 0.0458333
1 0.815625 0.359722 0.009375 0.0416667
0 0.360156 0.566667 0.0203125 0.0611111
