0 0.246094 0.293056 0.0109375 0.0388889
1 0.183984 0.395139 0.0117188 0.0263889
1 0.245703 0.291667 0.0148437 0.0388889
1 0.207422 0.331944 0.0117188 0.0388889
0 0.248047 0.388889 0.00859375 0.0416667
1 0.242188 0.286806 0.009375 0.0319444
1 0.175 0.392361 0.0203125 0.0319444
0 0.208594 0.323611 0.009375 0.0333333
0 0.169922 0.393056 0.0179687 0.0416667
0 0.253516 0.29375 0.00859375 0.0347222
0 0.214062 0.3625 0.009375 0.0444444
1 0.462891 0.271528 0.0101562 0.0347222
1 0.803125 0.452778 0.0125 0.0583333
0 0.321484 0.340278 0.00859375 0.0361111
0 0.115625 0.384722 0.009375 0.0444444
4 0.129688 0.275 0.078125 0.0777778
0 0.519531 0.307639 0.0125 0.0402778
0 0.625391 0.326389 0.0132813 0.0444444
1 0.267578 0.45625 0.0132813 0.0458333
1 0.519531 0.422917 0.0109375 0.0541667
1 0.434766 0.390972 0.0101562 0.0430556
1 0.819141 0.589583 0.0164062 0.0652778
1 0.790234 0.376389 0.00859375 0.0472222
0 0.698828 0.590972 0.0179687 0.0680556
0 0.338281 0.577778 0.015625 0.0555556
