0 0.438672 0.377778 0.0101562 0.0527778
1 0.444531 0.213194 0.009375 0.0375
0 0.441797 0.207639 0.00859375 0.0347222
1 0.441406 0.204861 0.0078125 0.0319444
0 0.271484 0.202083 0.0101562 0.0319444
1 0.649219 0.20625 0.009375 0.0347222
0 0.451953 0.234722 0.00859375 0.0333333
1 0.790234 0.23125 0.00703125 0.0347222
1 0.457031 0.420833 0.0109375 0.0555556
0 0.293359 0.234028 0.0117188 0.0375
0 0.545703 0.215278 0.0101562 0.0333333
0 0.702344 0.225694 0.0078125 0.0347222
1 0.683984 0.288889 0.0117188 0.0388889
0 0.220703 0.313194 0.0132813 0.0430556
1 0.38125 0.229861 0.0109375 0.0347222
0 0.767578 0.270833 0.00859375 0.0388889
1 0.362109 0.348611 0.0132813 0.0416667
1 0.260938 0.316667 0.0125 0.0416667
0 0.389453 0.304861 0.0148437 0.0375
1 0.470313 0.717361 0.015625 0.0847222
0 0.208594 0.499306 0.015625 0.0569444
0 0.207031 0.375 0.015625 0.0472222
1 0.842188 0.459028 0.01875 0.0625
0 0.521484 0.446528 0.0148437 0.0486111
