1 0.79375 0.302083 0.0265625 0.0375
0 0.213281 0.354167 0.0125 0.0527778
1 0.799219 0.300694 0.0125 0.0347222
0 0.210938 0.344444 0.009375 0.0416667
1 0.430078 0.202083 0.00703125 0.0319444
0 0.375 0.372917 0.0140625 0.0486111
0 0.785156 0.303472 0.0140625 0.0319444
0 0.491406 0.245139 0.0078125 0.0402778
0 0.1875 0.43125 0.0125 0.0486111
1 0.691797 0.246528 0.00859375 0.0375
1 0.218359 0.360417 0.0117188 0.0402778
0 0.673437 0.264583 0.0078125 0.0375
1 0.238672 0.427778 0.0117188 0.0472222
0 0.460938 0.286806 0.0078125 0.0375
0 0.283594 0.265972 0.009375 0.0402778
1 0.413672 0.261111 0.00859375 0.0388889
1 0.397266 0.440972 0.0179687 0.0708333
1 0.609766 0.314583 0.0101562 0.0402778
1 0.902344 0.504861 0.015625 0.0597222
0 0.166016 0.531944 0.0148437 0.0611111
1 0.358594 0.754167 0.0140625 0.075
0 0.460938 0.505556 0.0140625 0.05
