1 0.535156 0.246528 0.0125 0.0541667
0 0.667188 0.222222 0.0125 0.0472222
0 0.672656 0.200694 0.0109375 0.0402778
0 0.534375 0.254167 0.0125 0.0416667
1 0.539453 0.238194 0.00859375 0.0402778
0 0.729297 0.259028 0.0101562 0.0375
1 0.411719 0.211806 0.0078125 0.0375
0 0.664453 0.233333 0.0101562 0.0444444
1 0.685156 0.254861 0.009375 0.0458333
1 0.727344 0.231944 0.009375 0.0361111
0 0.341016 0.171528 0.0101562 0.0430556
1 0.775391 0.370139 0.0148437 0.0569444
1 0.641016 0.188194 0.0132813 0.0458333
1 0.594922 0.299306 0.0101562 0.0569444
1 0.752734 0.295833 0.00859375 0.0472222
0 0.340234 0.231944 0.0132813 0.0472222
1 0.674219 0.493056 0.0171875 0.0666667
1 0.327344 0.3625 0.0125 0.0555556
0 0.703906 0.370139 0.0109375 0.0597222
0 0.494922 0.29375 0.0148437 0.0541667
0 0.156641 0.384028 0.0117188 0.0597222
0 0.250391 0.528472 0.0148437 0.0736111
