0 0.635938 0.372222 0.0109375 0.0305556
1 0.624219 0.30625 0.009375 0.0347222
0 0.623047 0.307639 0.00859375 0.0375
0 0.629687 0.386111 0.0125 0.0333333
0 0.711328 0.264583 0.00703125 0.0291667
1 0.636328 0.374306 0.00859375 0.0319444
1 0.601562 0.284722 0.009375 0.0361111
0 0.621094 0.384028 0.0125 0.0375
1 0.799609 0.522222 0.0132813 0.0472222
1 0.660156 0.525694 0.0125 0.0458333
1 0.739062 0.408333 0.0109375 0.0361111
1 0.313281 0.392361 0.009375 0.0347222
1 0.795703 0.361806 0.0101562 0.0402778
1 0.506641 0.534028 0.0117188 0.0541667
0 0.300781 0.30625 0.0078125 0.0319444
0 0.344531 0.561806 0.0125 0.0569444
0 0.722266 0.476389 0.00859375 0.0416667
0 0.581641 0.495833 0.0117188 0.0472222
0 0.632812 0.634722 0.021875 0.0611111
0 0.392969 0.432639 0.0109375 0.0458333
1 0.651563 0.440278 0.0109375 0.0361111
0 0.867578 0.623611 0.0164062 0.0583333
1 0.557813 0.395139 0.0125 0.0430556
0 0.192188 0.404167 0.009375 0.0472222
4 0.859375 0.317361 0.075 0.0958333
