0 0.546875 0.326389 0.015625 0.0527778
0 0.63125 0.904167 0.0296875 0.0833333
1 0.619141 0.878472 0.0320312 0.0736111
1 0.539062 0.803472 0.03125 0.0763889
0 0.55 0.304861 0.0140625 0.0375
1 0.547266 0.334028 0.0164062 0.0458333
0 0.701953 0.325 0.0117188 0.0388889
0 0.503516 0.754861 0.0195312 0.0652778
0 0.233984 0.35625 0.0148437 0.0486111
1 0.143359 0.338889 0.00859375 0.0416667
0 0.372266 0.461111 0.0179687 0.0527778
0 0.280469 0.297222 0.0109375 0.0388889
0 0.207813 0.44375 0.015625 0.0486111
1 0.348437 0.421528 0.0125 0.0513889
1 0.783203 0.383333 0.0101562 0.0472222
1 0.545703 0.452083 0.0132813 0.0486111
1 0.783594 0.564583 0.0140625 0.0513889
1 0.144141 0.484028 0.0132813 0.0513889
0 0.386719 0.359722 0.015625 0.0416667
1 0.442969 0.640278 0.01875 0.0583333
0 0.141406 0.556944 0.015625 0.0583333
