0 0.644531 0.295139 0.0078125 0.0291667
1 0.648828 0.604861 0.0132813 0.0569444
1 0.833594 0.354861 0.0078125 0.0347222
0 0.643359 0.615278 0.0179687 0.0666667
0 0.728516 0.264583 0.00546875 0.0263889
1 0.648047 0.34375 0.0101562 0.0375
0 0.568359 0.565972 0.0148437 0.0541667
0 0.593359 0.359028 0.0101562 0.0375
1 0.577344 0.284722 0.0078125 0.0333333
0 0.704297 0.475694 0.0132813 0.0402778
0 0.371484 0.420833 0.00859375 0.0444444
0 0.2875 0.580556 0.0125 0.0583333
0 0.272656 0.314583 0.0078125 0.0291667
1 0.440625 0.578472 0.0140625 0.0569444
1 0.647656 0.433333 0.009375 0.0444444
1 0.726562 0.393056 0.009375 0.0388889
1 0.265234 0.3875 0.00859375 0.0416667
0 0.166797 0.403472 0.0101562 0.0458333
1 0.501953 0.396528 0.00859375 0.0375
1 0.870703 0.555556 0.0117188 0.0472222
0 0.8625 0.621528 0.015625 0.0486111
4 0.845703 0.319444 0.0789063 0.0805556
