1 0.477734 0.360417 0.00859375 0.0375
1 0.532812 0.341667 0.0078125 0.0388889
1 0.538281 0.332639 0.009375 0.0375
1 0.562891 0.267361 0.00859375 0.0375
1 0.308984 0.308333 0.00859375 0.0361111
1 0.398438 0.249306 0.0078125 0.0319444
0 0.536719 0.256944 0.0078125 0.0333333
0 0.434766 0.230556 0.00859375 0.0305556
1 0.628906 0.304167 0.009375 0.0361111
1 0.517578 0.361806 0.00859375 0.0402778
0 0.648438 0.464583 0.0125 0.0458333
1 0.28125 0.313194 0.009375 0.0347222
0 0.320703 0.351389 0.00859375 0.0388889
0 0.226953 0.283333 0.00859375 0.0361111
0 0.432031 0.435417 0.0140625 0.0513889
1 0.329297 0.445139 0.0132813 0.0458333
0 0.600391 0.392361 0.00859375 0.0458333
1 0.729688 0.391667 0.009375 0.0472222
0 0.305469 0.55625 0.015625 0.0541667
0 0.160938 0.35625 0.0125 0.0430556
1 0.680078 0.585417 0.0117188 0.0541667
0 0.175 0.465972 0.015625 0.0486111
4 0.899609 0.304167 0.0804688 0.0916667
