1 0.519141 0.265972 0.00703125 0.0263889
1 0.554297 0.259722 0.00703125 0.0361111
0 0.549609 0.29375 0.00859375 0.0319444
1 0.850781 0.416667 0.009375 0.0527778
0 0.619922 0.277083 0.00859375 0.0375
0 0.603516 0.251389 0.0101562 0.0305556
1 0.829297 0.311806 0.00859375 0.0430556
0 0.557031 0.352778 0.009375 0.0444444
0 0.570703 0.411111 0.00859375 0.0472222
1 0.645703 0.272222 0.00859375 0.0388889
0 0.460938 0.29375 0.0078125 0.0375
1 0.615625 0.343056 0.0109375 0.0416667
0 0.819531 0.4125 0.0125 0.0472222
1 0.497656 0.335417 0.009375 0.0375
0 0.360938 0.452778 0.009375 0.0555556
1 0.617188 0.503472 0.0125 0.0569444
1 0.742188 0.347917 0.009375 0.0458333
0 0.396875 0.349306 0.0078125 0.0430556
1 0.851172 0.508333 0.0164062 0.0583333
4 0.178906 0.318056 0.0890625 0.0944444
