0 0.508203 0.2375 0.00859375 0.0222222
0 0.540625 0.261806 0.0078125 0.0291667
0 0.448438 0.248611 0.0078125 0.0305556
0 0.594531 0.359722 0.0109375 0.0388889
0 0.558594 0.263889 0.0078125 0.0333333
0 0.355078 0.329167 0.00859375 0.0388889
1 0.558203 0.264583 0.00859375 0.0319444
0 0.536719 0.261806 0.009375 0.0319444
1 0.354688 0.328472 0.0078125 0.0375
0 0.496875 0.270833 0.0078125 0.0333333
1 0.626562 0.300694 0.009375 0.0375
0 0.677734 0.284722 0.00859375 0.0361111
0 0.320312 0.370139 0.0125 0.0375
0 0.411719 0.336806 0.009375 0.0402778
0 0.328125 0.329167 0.009375 0.0333333
0 0.370313 0.292361 0.009375 0.0347222
1 0.547266 0.356944 0.0101562 0.0416667
1 0.862891 0.425694 0.0132813 0.0458333
0 0.477344 0.385417 0.009375 0.0402778
0 0.805078 0.432639 0.0117188 0.0458333
1 0.707422 0.3375 0.00859375 0.0388889
1 0.828516 0.327778 0.0117188 0.0388889
1 0.450391 0.446528 0.0148437 0.0430556
1 0.8625 0.508333 0.015625 0.0527778
4 0.164453 0.335417 0.0773437 0.0902778
