0 0.869922 0.385417 0.0164062 0.0458333
0 0.865625 0.391667 0.0125 0.0361111
0 0.550781 0.225 0.0109375 0.0388889
1 0.55625 0.229167 0.0109375 0.0333333
0 0.439063 0.367361 0.0078125 0.0402778
0 0.558203 0.274306 0.0101562 0.0347222
1 0.875 0.381944 0.0140625 0.0444444
0 0.316016 0.236806 0.00703125 0.0347222
0 0.21875 0.414583 0.01875 0.0486111
0 0.607422 0.20625 0.0101562 0.0347222
0 0.435547 0.36875 0.0101562 0.0375
1 0.691016 0.285417 0.0132813 0.0402778
1 0.439844 0.319444 0.009375 0.0416667
1 0.666016 0.253472 0.0132813 0.0375
1 0.438281 0.2625 0.009375 0.0361111
0 0.578906 0.301389 0.0109375 0.0388889
1 0.619922 0.271528 0.0101562 0.0375
1 0.601562 0.328472 0.0125 0.0430556
0 0.227734 0.307639 0.0101562 0.0458333
1 0.491016 0.258333 0.00859375 0.0388889
0 0.366406 0.570139 0.0140625 0.0625
1 0.785156 0.4625 0.015625 0.05
