0 0.483594 0.2625 0.0171875 0.0416667
1 0.702344 0.266667 0.0109375 0.0416667
0 0.728516 0.307639 0.0117188 0.0513889
0 0.599609 0.200694 0.0132813 0.0375
0 0.419922 0.235417 0.0117188 0.0486111
1 0.596094 0.204861 0.0140625 0.0375
1 0.719922 0.25 0.00859375 0.0416667
1 0.726562 0.320139 0.009375 0.0402778
0 0.73125 0.289583 0.0125 0.0486111
0 0.478516 0.264583 0.00859375 0.0375
1 0.490234 0.257639 0.00859375 0.0458333
1 0.678906 0.286111 0.0109375 0.0472222
0 0.0511719 0.43125 0.0132813 0.0513889
1 0.5 0.3125 0.0109375 0.0527778
0 0.410937 0.205556 0.0109375 0.0388889
0 0.597266 0.247917 0.0117188 0.0458333
0 0.345313 0.252778 0.0140625 0.0444444
1 0.25 0.386806 0.015625 0.0541667
0 0.439844 0.333333 0.0109375 0.0583333
1 0.421484 0.238889 0.0101562 0.0388889
0 0.607813 0.4375 0.0140625 0.0555556
1 0.569141 0.518056 0.0117188 0.0638889
1 0.740234 0.415278 0.0132813 0.0583333
0 0.116406 0.581944 0.025 0.075
