0 0.473437 0.419444 0.009375 0.05
0 0.403906 0.416667 0.015625 0.0583333
0 0.265234 0.181944 0.00703125 0.025
1 0.517187 0.208333 0.0078125 0.0333333
0 0.700391 0.296528 0.00859375 0.0430556
1 0.698047 0.227083 0.00703125 0.0319444
1 0.488281 0.270833 0.0109375 0.0388889
1 0.755078 0.310417 0.00859375 0.0402778
0 0.516016 0.247917 0.00703125 0.0375
1 0.701172 0.656944 0.0148437 0.0666667
0 0.6125 0.51875 0.015625 0.0569444
1 0.255859 0.479861 0.0164062 0.0569444
0 0.326953 0.257639 0.00859375 0.0375
0 0.189063 0.363194 0.0125 0.0486111
1 0.405078 0.427778 0.0117188 0.05
0 0.232031 0.525694 0.0171875 0.0569444
1 0.226562 0.388889 0.0109375 0.0444444
0 0.729688 0.384722 0.0109375 0.05
0 0.167187 0.44375 0.0125 0.0541667
1 0.920703 0.463889 0.0164062 0.0555556
0 0.387891 0.398611 0.0117188 0.0555556
0 0.377734 0.306944 0.00859375 0.0416667
1 0.601953 0.360417 0.0117188 0.0430556
