0 0.621484 0.309722 0.00859375 0.0333333
0 0.644141 0.383333 0.0179687 0.0388889
1 0.646484 0.380556 0.0117188 0.0333333
0 0.6375 0.388889 0.0125 0.0361111
1 0.608203 0.285417 0.00703125 0.0319444
0 0.708984 0.265972 0.00703125 0.0319444
0 0.399609 0.434722 0.00859375 0.0416667
1 0.510547 0.527083 0.0117188 0.0513889
1 0.324219 0.391667 0.009375 0.0361111
1 0.744141 0.414583 0.0132813 0.0402778
0 0.581641 0.488194 0.0117188 0.0430556
0 0.727344 0.473611 0.0109375 0.0388889
1 0.662891 0.5125 0.0132813 0.0472222
0 0.199609 0.404861 0.0117188 0.0430556
0 0.622266 0.627778 0.0132813 0.0611111
1 0.789453 0.36875 0.0101562 0.0375
0 0.307813 0.305556 0.0078125 0.0305556
1 0.658984 0.436806 0.0117188 0.0375
0 0.351562 0.559028 0.0140625 0.0541667
1 0.570703 0.39375 0.0132813 0.0430556
1 0.789062 0.511806 0.0125 0.0458333
0 0.870703 0.625 0.0164062 0.0555556
4 0.8625 0.320139 0.0734375 0.0847222
