1 0.756641 0.616667 0.0117188 0.0361111
0 0.728906 0.288889 0.0078125 0.025
0 0.544922 0.404167 0.0148437 0.05
0 0.275391 0.434722 0.0132813 0.05
1 0.663672 0.316667 0.0101562 0.0416667
0 0.707422 0.259028 0.00859375 0.0347222
1 0.478906 0.381944 0.0125 0.0416667
1 0.187891 0.520139 0.0195312 0.0541667
0 0.425781 0.348611 0.0109375 0.0416667
1 0.719141 0.465972 0.0117188 0.0513889
1 0.780078 0.315972 0.00859375 0.0402778
0 0.887109 0.5625 0.0148437 0.0527778
0 0.590625 0.266667 0.0109375 0.0361111
0 0.272656 0.361806 0.0109375 0.0486111
1 0.714453 0.611111 0.0117188 0.0555556
1 0.648828 0.597917 0.0164062 0.0680556
0 0.310156 0.286111 0.009375 0.0388889
0 0.735547 0.50625 0.0164062 0.0458333
0 0.49375 0.494444 0.015625 0.0555556
1 0.108594 0.363194 0.0109375 0.0402778
1 0.751562 0.6375 0.0203125 0.0527778
0 0.266797 0.6 0.0195312 0.0611111
1 0.835156 0.500694 0.0171875 0.0541667
