1 0.790234 0.536111 0.0242187 0.0416667
1 0.550781 0.368056 0.0125 0.0416667
1 0.776563 0.564583 0.0140625 0.0513889
1 0.739062 0.277083 0.0109375 0.0347222
1 0.793359 0.527778 0.0132813 0.05
0 0.442969 0.328472 0.0078125 0.0402778
1 0.84375 0.427778 0.0125 0.0472222
0 0.610156 0.244444 0.009375 0.0361111
0 0.325391 0.291667 0.0101562 0.0361111
0 0.655078 0.239583 0.0117188 0.0291667
1 0.736328 0.409028 0.0117188 0.0486111
0 0.305078 0.427778 0.0101562 0.0416667
0 0.814453 0.466667 0.0117188 0.0527778
1 0.696484 0.300694 0.0132813 0.0375
0 0.858594 0.461111 0.0109375 0.05
0 0.5375 0.463194 0.0140625 0.0569444
0 0.269531 0.368056 0.0125 0.0472222
1 0.240625 0.500694 0.01875 0.0513889
1 0.524609 0.354167 0.0148437 0.0388889
1 0.647656 0.525694 0.015625 0.0569444
1 0.123438 0.376389 0.0140625 0.0444444
0 0.310547 0.570833 0.0226563 0.0583333
