1 0.417578 0.417361 0.0117188 0.0569444
1 0.980469 0.334028 0.0140625 0.0486111
0 0.419141 0.415972 0.0132813 0.0597222
0 0.455859 0.272222 0.0101562 0.0361111
1 0.444531 0.2625 0.009375 0.0361111
0 0.375781 0.354861 0.0078125 0.0569444
1 0.460547 0.2 0.00703125 0.0305556
1 0.694531 0.245833 0.0125 0.0361111
1 0.212109 0.372917 0.0101562 0.0486111
1 0.782031 0.302778 0.009375 0.0416667
1 0.216797 0.442361 0.0117188 0.0513889
0 0.196484 0.344444 0.00859375 0.0472222
0 0.30625 0.259722 0.009375 0.0361111
0 0.171484 0.494444 0.0132813 0.0583333
0 0.167969 0.426389 0.0140625 0.0527778
0 0.503125 0.233333 0.009375 0.0388889
0 0.460938 0.482639 0.0125 0.0541667
0 0.635938 0.2625 0.0125 0.0361111
1 0.871875 0.483333 0.0140625 0.0611111
0 0.690625 0.328472 0.0140625 0.0402778
1 0.591797 0.317361 0.0101562 0.0430556
1 0.378125 0.433333 0.0109375 0.0527778
1 0.403516 0.7 0.0179687 0.0666667
