0 0.391016 0.481944 0.0117188 0.05
0 0.103125 0.459028 0.009375 0.0402778
0 0.184766 0.381944 0.0101562 0.0416667
1 0.194531 0.382639 0.0109375 0.0402778
1 0.116016 0.471528 0.0101562 0.0486111
0 0.355078 0.381944 0.0101562 0.0361111
0 0.350781 0.630556 0.0109375 0.0583333
1 0.660937 0.345139 0.009375 0.0402778
1 0.367578 0.241667 0.00703125 0.0305556
1 0.236328 0.4875 0.0132813 0.0527778
0 0.249609 0.31875 0.00859375 0.0375
1 0.887891 0.704167 0.0210938 0.0611111
1 0.283203 0.333333 0.00859375 0.0388889
0 0.429297 0.284028 0.00859375 0.0347222
1 0.53125 0.286806 0.0078125 0.0347222
0 0.294141 0.48125 0.0179687 0.0430556
1 0.475781 0.405556 0.0109375 0.0416667
0 0.103906 0.579167 0.0140625 0.0555556
1 0.0933594 0.784028 0.0148437 0.0736111
0 0.620703 0.351389 0.0101562 0.0416667
0 0.782422 0.575694 0.0148437 0.0597222
