1 0.227734 0.369444 0.0101562 0.0444444
0 0.405859 0.490278 0.0132813 0.05
1 0.630078 0.220833 0.00703125 0.0305556
1 0.725 0.310417 0.009375 0.0430556
1 0.230859 0.390972 0.0117188 0.0430556
1 0.398828 0.218056 0.00703125 0.0333333
0 0.201953 0.363194 0.0117188 0.0430556
0 0.414453 0.343056 0.0117188 0.0416667
1 0.339453 0.740278 0.0148437 0.0694444
0 0.464453 0.240278 0.0101562 0.0333333
0 0.698438 0.319444 0.009375 0.0388889
0 0.707812 0.431944 0.0125 0.0472222
1 0.612109 0.354167 0.00859375 0.0416667
0 0.516797 0.541667 0.0132813 0.0555556
1 0.301953 0.324306 0.00859375 0.0430556
0 0.157031 0.440972 0.015625 0.0513889
0 0.266016 0.295833 0.00859375 0.0388889
0 0.19375 0.566667 0.0140625 0.0611111
1 0.421875 0.425694 0.0125 0.0486111
0 0.364453 0.430556 0.0101562 0.0527778
1 0.914062 0.534722 0.0171875 0.0555556
