0 0.854297 0.332639 0.00703125 0.0347222
1 0.257422 0.240278 0.00703125 0.025
0 0.744531 0.373611 0.009375 0.0305556
0 0.746484 0.379861 0.0132813 0.0486111
0 0.503125 0.5 0.0140625 0.0472222
0 0.494922 0.509722 0.0148437 0.0583333
1 0.675391 0.361111 0.0101562 0.0416667
1 0.635547 0.297917 0.00859375 0.0347222
1 0.635156 0.411111 0.0140625 0.0416667
0 0.351953 0.409028 0.00859375 0.0402778
1 0.334375 0.4 0.0109375 0.0416667
1 0.551562 0.373611 0.0109375 0.0361111
0 0.668359 0.272917 0.00703125 0.0291667
1 0.748438 0.402778 0.0140625 0.0416667
0 0.317578 0.304861 0.00859375 0.0319444
1 0.691016 0.404167 0.0132813 0.0388889
0 0.201562 0.397222 0.009375 0.0416667
0 0.747656 0.477083 0.0125 0.0458333
1 0.446875 0.438194 0.0109375 0.0486111
1 0.59375 0.4625 0.015625 0.0472222
0 0.291406 0.525 0.0140625 0.0527778
1 0.704687 0.491667 0.0140625 0.0444444
0 0.861328 0.632639 0.0132813 0.0597222
4 0.895312 0.320833 0.0765625 0.0861111
