0 0.527344 0.2375 0.00625 0.0305556
1 0.628125 0.269444 0.0078125 0.0444444
1 0.528906 0.243056 0.0078125 0.0333333
1 0.5875 0.320139 0.0078125 0.0402778
1 0.629297 0.254861 0.00703125 0.0347222
0 0.590625 0.239583 0.0078125 0.0347222
0 0.517578 0.253472 0.00859375 0.0291667
0 0.535547 0.275694 0.00859375 0.0319444
0 0.628516 0.278472 0.00859375 0.0347222
0 0.450781 0.275 0.0078125 0.0388889
1 0.486328 0.247222 0.00859375 0.0305556
1 0.465625 0.329167 0.0109375 0.0444444
1 0.849219 0.420833 0.0140625 0.0527778
1 0.835547 0.301389 0.00859375 0.0388889
0 0.536719 0.331944 0.0109375 0.0444444
0 0.354688 0.421528 0.009375 0.0513889
1 0.573828 0.472917 0.0117188 0.0513889
0 0.382812 0.334722 0.0078125 0.0472222
0 0.515234 0.389583 0.00859375 0.0486111
1 0.828125 0.510417 0.0125 0.0597222
1 0.74375 0.338194 0.009375 0.0458333
0 0.804297 0.415972 0.0132813 0.0541667
4 0.183203 0.310417 0.0914062 0.0930556
