1 0.510547 0.365278 0.00859375 0.0444444
1 0.542969 0.334028 0.0078125 0.0375
1 0.401563 0.247917 0.009375 0.0347222
0 0.327344 0.351389 0.0078125 0.0416667
0 0.548047 0.255556 0.00859375 0.0333333
1 0.28125 0.314583 0.009375 0.0347222
0 0.4375 0.228472 0.0078125 0.0291667
1 0.640625 0.300694 0.0078125 0.0375
1 0.569531 0.261806 0.0078125 0.0347222
0 0.173828 0.465278 0.0148437 0.0527778
1 0.314844 0.308333 0.0078125 0.0361111
0 0.655859 0.480556 0.0117188 0.0527778
0 0.427344 0.434722 0.0125 0.0527778
1 0.315234 0.452778 0.0148437 0.0472222
0 0.234766 0.28125 0.00859375 0.0347222
1 0.661328 0.61875 0.0148437 0.0569444
1 0.744141 0.395139 0.0117188 0.0430556
0 0.169922 0.353472 0.0101562 0.0430556
0 0.304297 0.552083 0.0179687 0.0569444
0 0.616406 0.394444 0.009375 0.0444444
4 0.909375 0.302778 0.0796875 0.0888889
