0 0.442578 0.354861 0.0132813 0.0458333
0 0.759766 0.315972 0.00859375 0.0375
1 0.221875 0.415278 0.0109375 0.0611111
1 0.502344 0.252778 0.009375 0.0333333
1 0.219531 0.386111 0.009375 0.0416667
0 0.113281 0.384722 0.0109375 0.0472222
0 0.616406 0.282639 0.0078125 0.0375
0 0.478125 0.25625 0.0109375 0.0347222
1 0.4875 0.294444 0.0125 0.0361111
1 0.633594 0.311806 0.0109375 0.0402778
1 0.55625 0.327778 0.009375 0.0388889
0 0.223438 0.29375 0.009375 0.0375
0 0.330078 0.320139 0.00859375 0.0402778
1 0.759766 0.388889 0.0117188 0.0472222
1 0.582812 0.25 0.0078125 0.0361111
0 0.704297 0.433333 0.0101562 0.0472222
1 0.461719 0.425 0.0140625 0.05
0 0.566406 0.373611 0.0109375 0.0472222
1 0.712891 0.513194 0.0148437 0.0513889
0 0.416016 0.393056 0.0101562 0.0527778
0 0.127344 0.455556 0.0125 0.0527778
0 0.179297 0.5375 0.0179687 0.0638889
4 0.887109 0.288194 0.0820312 0.0930556
