0 0.489453 0.439583 0.0117188 0.0486111
1 0.654688 0.764583 0.0171875 0.0763889
0 0.544141 0.290278 0.0132813 0.0388889
0 0.392969 0.499306 0.015625 0.0569444
1 0.615625 0.795139 0.0171875 0.0736111
1 0.384375 0.409722 0.0171875 0.0472222
0 0.377344 0.364583 0.0125 0.0430556
0 0.714453 0.296528 0.00859375 0.0402778
0 0.2375 0.359028 0.0140625 0.0486111
0 0.272266 0.2875 0.0117188 0.0416667
1 0.104687 0.347222 0.0125 0.0416667
0 0.769141 0.7875 0.0242187 0.0833333
0 0.620313 0.615278 0.015625 0.0555556
1 0.767578 0.38125 0.0148437 0.0486111
0 0.164062 0.6 0.015625 0.0638889
1 0.119922 0.520139 0.0117188 0.0541667
0 0.201562 0.445139 0.0140625 0.0513889
1 0.544922 0.672917 0.0179687 0.0652778
1 0.584766 0.326389 0.0132813 0.0416667
1 0.789844 0.604861 0.0234375 0.0680556
1 0.585547 0.479167 0.0195312 0.05
