1 0.860547 0.335417 0.0132813 0.0458333
1 0.857031 0.340278 0.009375 0.0305556
1 0.646875 0.540278 0.0203125 0.0527778
0 0.733203 0.258333 0.00546875 0.0277778
1 0.566016 0.271528 0.00703125 0.0319444
0 0.620313 0.340278 0.0078125 0.0333333
0 0.913281 0.545833 0.0125 0.05
1 0.639453 0.378472 0.00859375 0.0375
1 0.723047 0.371528 0.00859375 0.0402778
0 0.353906 0.377083 0.009375 0.0430556
0 0.632031 0.538889 0.0140625 0.0472222
0 0.732422 0.426389 0.0101562 0.0416667
0 0.232031 0.521528 0.0125 0.0541667
0 0.148828 0.383333 0.0117188 0.0388889
1 0.480859 0.357639 0.00859375 0.0402778
0 0.242188 0.307639 0.0078125 0.0347222
1 0.963672 0.540278 0.0148437 0.0444444
1 0.244531 0.3625 0.0078125 0.0333333
1 0.670703 0.317361 0.00859375 0.0319444
0 0.542969 0.584722 0.0171875 0.0555556
1 0.328906 0.515278 0.0109375 0.0472222
1 0.652734 0.542361 0.0148437 0.0513889
4 0.835938 0.315278 0.065625 0.0805556
