0 0.570312 0.250694 0.009375 0.0375
0 0.825781 0.376389 0.025 0.0583333
1 0.554688 0.240972 0.009375 0.0375
0 0.669922 0.202083 0.00859375 0.0375
0 0.434375 0.349306 0.009375 0.0430556
1 0.725 0.272917 0.0109375 0.0402778
1 0.452344 0.245139 0.0078125 0.0375
1 0.474609 0.304167 0.00859375 0.0444444
0 0.351953 0.216667 0.00859375 0.0361111
0 0.635156 0.275694 0.0109375 0.0375
0 0.588672 0.209722 0.00859375 0.0361111
1 0.660547 0.250694 0.00859375 0.0375
0 0.497656 0.240972 0.0078125 0.0402778
1 0.620703 0.217361 0.00859375 0.0375
0 0.248828 0.288194 0.0117188 0.0458333
1 0.705078 0.241667 0.00859375 0.0416667
0 0.8 0.381944 0.0140625 0.0444444
1 0.829297 0.370833 0.0148437 0.05
1 0.627734 0.314583 0.0117188 0.0375
1 0.772266 0.457639 0.0132813 0.0569444
0 0.214844 0.401389 0.0171875 0.0527778
0 0.365234 0.583333 0.0195312 0.0638889
