0 0.43125 0.475 0.009375 0.0472222
1 0.399219 0.800694 0.01875 0.0736111
1 0.583594 0.238889 0.00625 0.0305556
1 0.719531 0.309722 0.009375 0.0388889
1 0.219531 0.432639 0.0109375 0.0458333
1 0.394922 0.235417 0.00703125 0.0319444
0 0.273047 0.300694 0.00859375 0.0375
1 0.440625 0.424306 0.0078125 0.0458333
0 0.416406 0.35625 0.0078125 0.0402778
0 0.182031 0.365278 0.0109375 0.0416667
1 0.246094 0.355556 0.009375 0.0388889
0 0.658984 0.313889 0.0101562 0.0416667
0 0.417188 0.240278 0.0078125 0.0361111
0 0.164844 0.459028 0.0125 0.0513889
0 0.719141 0.448611 0.0101562 0.0527778
1 0.677734 0.35 0.00859375 0.0416667
0 0.380859 0.445139 0.0132813 0.0513889
0 0.596484 0.549306 0.0148437 0.0541667
0 0.223828 0.581944 0.0148437 0.0583333
1 0.303516 0.328472 0.0101562 0.0402778
1 0.946484 0.522222 0.0164062 0.0555556
4 0.969531 0.307639 0.059375 0.0902778
