1 0.959766 0.36875 0.0148437 0.0513889
0 0.667188 0.30625 0.0125 0.0458333
1 0.380078 0.445833 0.0117188 0.0472222
0 0.380469 0.447917 0.0125 0.0513889
0 0.975781 0.838889 0.0234375 0.075
0 0.671484 0.301389 0.0101562 0.0361111
1 0.150781 0.388889 0.009375 0.0361111
1 0.663672 0.323611 0.0117188 0.0416667
0 0.151953 0.409028 0.0117188 0.0375
1 0.381641 0.211111 0.0101562 0.0333333
0 0.289062 0.383333 0.0109375 0.0416667
0 0.143359 0.475694 0.0117188 0.0569444
0 0.840625 0.410417 0.0140625 0.0486111
0 0.46875 0.238889 0.0078125 0.0361111
0 0.349219 0.297222 0.009375 0.0388889
1 0.474609 0.334028 0.0117188 0.0458333
1 0.201953 0.353472 0.00859375 0.0430556
1 0.300781 0.290972 0.009375 0.0375
1 0.260547 0.416667 0.0132813 0.0555556
1 0.214062 0.645833 0.0234375 0.0666667
0 0.247656 0.284028 0.009375 0.0402778
0 0.367578 0.5125 0.0117188 0.0527778
1 0.573438 0.2375 0.0078125 0.0333333
0 0.178125 0.348611 0.0109375 0.0472222
1 0.8625 0.600694 0.0234375 0.0625
