0 0.442187 0.388194 0.0109375 0.0486111
1 0.663281 0.211806 0.0078125 0.0319444
1 0.427734 0.2125 0.00703125 0.0305556
1 0.237891 0.340972 0.0101562 0.0430556
1 0.387109 0.245139 0.00859375 0.0375
1 0.662891 0.297917 0.00859375 0.0402778
1 0.763281 0.225694 0.009375 0.0347222
0 0.510938 0.222222 0.0078125 0.0361111
0 0.708203 0.229861 0.00703125 0.0347222
1 0.401953 0.7625 0.0148437 0.0777778
1 0.299219 0.386806 0.0109375 0.0513889
0 0.216797 0.331944 0.0101562 0.0472222
0 0.779297 0.271528 0.0101562 0.0375
1 0.439063 0.436806 0.0109375 0.0541667
0 0.478516 0.260417 0.00703125 0.0375
0 0.303516 0.249306 0.00859375 0.0319444
0 0.528516 0.467361 0.0101562 0.0569444
0 0.197266 0.39375 0.0101562 0.0513889
0 0.412109 0.332639 0.00859375 0.0458333
0 0.191406 0.522917 0.0140625 0.0625
1 0.885547 0.485417 0.0179687 0.0597222
