1 0.569141 0.243056 0.0117188 0.0444444
1 0.556641 0.206944 0.0101562 0.0361111
0 0.590625 0.184722 0.0109375 0.0333333
0 0.632812 0.213889 0.0140625 0.0361111
1 0.669141 0.207639 0.0117188 0.0375
1 0.410937 0.203472 0.009375 0.0430556
1 0.580469 0.299306 0.0109375 0.0486111
0 0.377734 0.182639 0.00859375 0.0375
0 0.20625 0.242361 0.0109375 0.0486111
0 0.363672 0.315278 0.0148437 0.0555556
0 0.580469 0.382639 0.0140625 0.0458333
1 0.748047 0.292361 0.0164062 0.0513889
1 0.48125 0.270139 0.0140625 0.0486111
1 0.725781 0.239583 0.0109375 0.0430556
0 0.701172 0.311111 0.0148437 0.05
1 0.757031 0.384028 0.0140625 0.0541667
0 0.139844 0.372222 0.0140625 0.0527778
0 0.253906 0.608333 0.0171875 0.0694444
1 0.621875 0.498611 0.021875 0.0611111
