0 0.423438 0.381944 0.0140625 0.0388889
1 0.341406 0.359028 0.0234375 0.0486111
0 0.214453 0.320139 0.0101562 0.0375
0 0.428516 0.375 0.0210938 0.0611111
1 0.334375 0.354167 0.0140625 0.05
0 0.350781 0.371528 0.015625 0.0430556
0 0.311719 0.279167 0.0109375 0.0361111
1 0.688672 0.338194 0.0101562 0.0486111
1 0.227734 0.327778 0.0101562 0.0444444
1 0.787109 0.516667 0.0148437 0.0611111
0 0.633203 0.284722 0.0148437 0.0416667
0 0.644531 0.691667 0.0140625 0.0666667
0 0.166406 0.381944 0.0125 0.0472222
0 0.678125 0.275 0.009375 0.0388889
1 0.451953 0.431944 0.0226563 0.0305556
1 0.79375 0.421528 0.015625 0.0569444
1 0.463672 0.575694 0.0148437 0.0597222
0 0.651563 0.494444 0.015625 0.0555556
1 0.116797 0.475 0.0164062 0.0527778
1 0.603125 0.238194 0.0109375 0.0347222
1 0.566797 0.427083 0.0132813 0.0541667
0 0.300391 0.470833 0.0179687 0.0611111
