0 0.605469 0.211806 0.0109375 0.0458333
1 0.153906 0.197222 0.009375 0.0388889
0 0.153906 0.196528 0.009375 0.0375
0 0.494141 0.259028 0.0179687 0.0458333
1 0.702734 0.261806 0.0101562 0.0430556
0 0.608203 0.2 0.0117188 0.0388889
1 0.721484 0.247222 0.0101562 0.0416667
1 0.500781 0.255556 0.009375 0.0416667
0 0.489062 0.263194 0.0125 0.0430556
0 0.734766 0.285417 0.0101562 0.0402778
1 0.730078 0.317361 0.0117188 0.0402778
0 0.619141 0.428472 0.0132813 0.0569444
0 0.603906 0.244444 0.009375 0.0472222
1 0.257422 0.381944 0.0101562 0.0527778
1 0.680859 0.280556 0.0117188 0.0472222
0 0.409766 0.204167 0.0101562 0.0388889
1 0.427734 0.236806 0.0101562 0.0402778
0 0.44375 0.332639 0.0109375 0.0541667
0 0.345703 0.246528 0.0132813 0.0430556
0 0.0757812 0.423611 0.0171875 0.0555556
0 0.130078 0.579167 0.0164062 0.0722222
1 0.505859 0.315972 0.0117188 0.0486111
1 0.58125 0.516667 0.0125 0.0611111
1 0.742969 0.410417 0.0125 0.0597222
