0 0.593359 0.236806 0.00859375 0.0375
0 0.482031 0.252083 0.009375 0.0291667
0 0.448438 0.263889 0.0078125 0.0388889
1 0.460938 0.240278 0.0078125 0.0305556
0 0.592578 0.248611 0.00859375 0.0361111
1 0.617969 0.251389 0.0078125 0.0361111
1 0.400391 0.327083 0.00859375 0.0430556
1 0.576563 0.310417 0.0078125 0.0430556
1 0.834766 0.3125 0.00859375 0.0388889
0 0.638281 0.275 0.009375 0.0416667
1 0.847656 0.428472 0.009375 0.0513889
0 0.511328 0.265278 0.00859375 0.0361111
0 0.367969 0.320139 0.009375 0.0430556
1 0.751562 0.338889 0.009375 0.0472222
1 0.789453 0.53125 0.0132813 0.0597222
0 0.485156 0.319444 0.0109375 0.0416667
0 0.310937 0.379861 0.0109375 0.0486111
0 0.451953 0.375 0.0117188 0.0472222
0 0.774219 0.436806 0.0125 0.0597222
1 0.464063 0.44375 0.0140625 0.0513889
4 0.185156 0.3125 0.0890625 0.0916667
