0 0.685938 0.341667 0.0078125 0.0333333
1 0.528125 0.3125 0.009375 0.0388889
1 0.145313 0.271528 0.0078125 0.0291667
1 0.517578 0.320833 0.0101562 0.0333333
1 0.612109 0.343056 0.00859375 0.0388889
1 0.584375 0.302083 0.009375 0.0347222
0 0.566016 0.290278 0.00703125 0.0333333
0 0.699609 0.342361 0.00703125 0.0319444
1 0.571094 0.336806 0.0078125 0.0347222
0 0.616406 0.307639 0.0078125 0.0319444
0 0.325781 0.361806 0.009375 0.0319444
1 0.675 0.379167 0.0109375 0.0416667
1 0.710938 0.440278 0.0109375 0.0388889
0 0.160938 0.477778 0.0140625 0.0444444
0 0.0921875 0.429167 0.0109375 0.0444444
1 0.532812 0.440972 0.009375 0.0430556
0 0.584766 0.383333 0.00859375 0.0388889
0 0.196094 0.340278 0.0078125 0.0361111
0 0.226562 0.568056 0.0140625 0.0555556
0 0.486328 0.413889 0.0101562 0.0416667
1 0.249219 0.438194 0.0109375 0.0402778
1 0.174219 0.422222 0.0125 0.0444444
4 0.795313 0.315278 0.071875 0.0805556
