0 0.557813 0.300694 0.0078125 0.0319444
1 0.661328 0.307639 0.0101562 0.0291667
0 0.657422 0.363194 0.00859375 0.0347222
1 0.670703 0.290278 0.00859375 0.0333333
1 0.659375 0.317361 0.0078125 0.0319444
0 0.783984 0.34375 0.00859375 0.0236111
0 0.647656 0.288889 0.0078125 0.0305556
0 0.658594 0.352083 0.0078125 0.0375
0 0.671875 0.265972 0.0078125 0.0291667
1 0.7125 0.354861 0.009375 0.0458333
1 0.691406 0.334722 0.0078125 0.0444444
1 0.577344 0.320139 0.0078125 0.0319444
1 0.135547 0.407639 0.0132813 0.0430556
1 0.622656 0.295833 0.009375 0.0333333
0 0.244141 0.322917 0.00859375 0.0375
1 0.602734 0.413889 0.0148437 0.0416667
1 0.264453 0.460417 0.0101562 0.0486111
0 0.153125 0.411806 0.009375 0.0486111
0 0.564062 0.400694 0.009375 0.0430556
0 0.230859 0.463194 0.0132813 0.0458333
1 0.750781 0.414583 0.009375 0.0375
0 0.386328 0.336806 0.0101562 0.0375
0 0.278125 0.548611 0.0140625 0.0527778
4 0.864062 0.318056 0.075 0.0888889
