0 0.547656 0.338194 0.0109375 0.0375
0 0.339844 0.395833 0.015625 0.0388889
0 0.345313 0.394444 0.009375 0.0388889
1 0.252734 0.23125 0.00703125 0.0291667
0 0.460938 0.484028 0.0125 0.0486111
1 0.337109 0.396528 0.0101562 0.0430556
0 0.307031 0.297222 0.009375 0.0333333
0 0.658203 0.2625 0.00859375 0.0277778
1 0.523438 0.3625 0.0109375 0.0361111
0 0.467578 0.490278 0.0195312 0.0527778
0 0.197656 0.392361 0.009375 0.0402778
1 0.562891 0.447222 0.0148437 0.0472222
1 0.674609 0.391667 0.0132813 0.0416667
1 0.621094 0.291667 0.0109375 0.0361111
1 0.727734 0.401389 0.0148437 0.0444444
1 0.689453 0.495833 0.0148437 0.0444444
0 0.732813 0.361111 0.0109375 0.0388889
1 0.43125 0.407639 0.0109375 0.0430556
1 0.606641 0.403472 0.0101562 0.0402778
0 0.855078 0.640278 0.0164062 0.0555556
1 0.653906 0.347917 0.0140625 0.0402778
0 0.746094 0.470139 0.0125 0.0458333
0 0.265234 0.504861 0.0132813 0.0486111
4 0.911719 0.313194 0.075 0.0902778
