0 0.366406 0.180556 0.0109375 0.0333333
0 0.351953 0.229861 0.0132813 0.0402778
0 0.673828 0.213889 0.00859375 0.0305556
1 0.646484 0.213889 0.0101562 0.0361111
0 0.363672 0.220139 0.00859375 0.0347222
1 0.349609 0.234028 0.00859375 0.0347222
0 0.368359 0.190972 0.0101562 0.0347222
1 0.664844 0.236806 0.009375 0.0347222
1 0.333203 0.293056 0.0101562 0.0444444
1 0.713281 0.386111 0.0125 0.0583333
1 0.436719 0.21875 0.0078125 0.0402778
1 0.750391 0.288889 0.0101562 0.0472222
0 0.136719 0.523611 0.0140625 0.0666667
1 0.540625 0.347222 0.0109375 0.05
1 0.619141 0.247917 0.0101562 0.0402778
0 0.199609 0.244444 0.0101562 0.0472222
0 0.729688 0.299306 0.0125 0.0458333
0 0.0953125 0.361111 0.0125 0.0472222
0 0.574609 0.227083 0.0101562 0.0402778
0 0.560156 0.390278 0.0109375 0.0527778
1 0.578906 0.50625 0.015625 0.0597222
