0 0.121875 0.345833 0.0078125 0.0277778
0 0.413281 0.803472 0.015625 0.0763889
0 0.294141 0.3 0.00859375 0.0388889
0 0.361719 0.453472 0.0125 0.0541667
0 0.242188 0.357639 0.0109375 0.0430556
0 0.692578 0.343056 0.00859375 0.0416667
0 0.138672 0.540278 0.0117188 0.0583333
1 0.533203 0.34375 0.0101562 0.0430556
0 0.658984 0.889583 0.0195312 0.0930556
0 0.21875 0.4375 0.0140625 0.0527778
1 0.177734 0.335417 0.0101562 0.0402778
1 0.490625 0.721528 0.015625 0.0736111
0 0.553516 0.315972 0.0101562 0.0402778
1 0.791016 0.541667 0.0164062 0.0555556
1 0.160938 0.464583 0.0109375 0.0486111
0 0.391016 0.359028 0.0117188 0.0402778
1 0.757031 0.834722 0.025 0.0805556
1 0.525 0.44375 0.0140625 0.0486111
1 0.785547 0.39375 0.0164062 0.0458333
1 0.399609 0.613194 0.0210938 0.0625
4 0.0191406 0.292361 0.0382813 0.0875
1 0.334375 0.420139 0.01875 0.0486111
