0 0.514063 0.252083 0.0109375 0.0402778
0 0.621484 0.190278 0.0117188 0.0361111
0 0.68125 0.220139 0.0109375 0.0402778
1 0.627734 0.190278 0.00859375 0.0333333
0 0.51875 0.255556 0.015625 0.0472222
0 0.728906 0.265972 0.0109375 0.0486111
1 0.637891 0.505556 0.0132813 0.0666667
0 0.373437 0.185417 0.009375 0.0375
1 0.521875 0.25 0.0109375 0.0444444
1 0.742188 0.301389 0.009375 0.05
0 0.480078 0.311806 0.0148437 0.0541667
0 0.61875 0.234722 0.0109375 0.0416667
1 0.674609 0.263194 0.0101562 0.0486111
1 0.71875 0.234028 0.009375 0.0375
1 0.760156 0.374306 0.0140625 0.0569444
1 0.563672 0.307639 0.0117188 0.0513889
1 0.438672 0.225694 0.0101562 0.0430556
0 0.266406 0.564583 0.015625 0.0652778
0 0.676172 0.373611 0.0117188 0.0527778
0 0.194922 0.384722 0.0132813 0.0555556
0 0.345313 0.236806 0.009375 0.0541667
1 0.295703 0.377778 0.0179687 0.0583333
