1 0.653906 0.228472 0.009375 0.0402778
1 0.731641 0.265278 0.0117188 0.0388889
1 0.590234 0.267361 0.0117188 0.0430556
1 0.758984 0.284722 0.0148437 0.0444444
0 0.435156 0.311806 0.0140625 0.0430556
0 0.610547 0.24375 0.0132813 0.0430556
0 0.282813 0.240278 0.0078125 0.0388889
0 0.714453 0.243056 0.0101562 0.0388889
0 0.652344 0.272222 0.0125 0.0388889
0 0.1875 0.460417 0.0140625 0.0513889
0 0.430859 0.264583 0.0117188 0.0430556
1 0.304688 0.267361 0.009375 0.0402778
0 0.669531 0.336806 0.0125 0.0430556
0 0.185937 0.297917 0.0109375 0.0486111
1 0.483984 0.260417 0.0101562 0.0402778
1 0.755078 0.349306 0.0164062 0.0458333
0 0.176563 0.380556 0.0109375 0.0527778
1 0.521094 0.308333 0.009375 0.0472222
1 0.265625 0.371528 0.0140625 0.0513889
1 0.660547 0.454861 0.0226563 0.0569444
