0 0.666797 0.307639 0.0132813 0.0458333
0 0.379687 0.445833 0.0109375 0.0472222
0 0.976953 0.840278 0.0226563 0.075
1 0.960547 0.36875 0.0148437 0.0513889
0 0.675 0.3 0.009375 0.0361111
1 0.150781 0.388194 0.0109375 0.0375
0 0.153125 0.407639 0.0125 0.0402778
1 0.665234 0.320833 0.0132813 0.0444444
1 0.260938 0.417361 0.0109375 0.0513889
0 0.290234 0.383333 0.0132813 0.0388889
1 0.202344 0.354167 0.009375 0.0444444
0 0.350781 0.297222 0.0109375 0.0388889
1 0.381641 0.209028 0.0101562 0.0347222
1 0.300781 0.290278 0.009375 0.0388889
0 0.470703 0.236806 0.00859375 0.0347222
0 0.247656 0.281944 0.009375 0.0416667
1 0.576563 0.233333 0.0109375 0.0361111
0 0.144922 0.475694 0.0132813 0.0569444
0 0.833203 0.411806 0.0101562 0.0513889
1 0.475 0.333333 0.0125 0.0444444
0 0.177344 0.347222 0.0109375 0.05
0 0.370313 0.511806 0.0125 0.0569444
1 0.215625 0.64375 0.0203125 0.0625
1 0.861328 0.595833 0.0195312 0.0666667
