0 0.38125 0.451389 0.0125 0.0555556
1 0.379687 0.448611 0.0109375 0.0472222
0 0.325 0.385417 0.015625 0.0541667
1 0.171484 0.384028 0.0117188 0.0430556
0 0.176563 0.347222 0.0109375 0.0416667
1 0.7 0.313194 0.009375 0.0486111
1 0.39375 0.200694 0.0078125 0.0319444
1 0.307031 0.288194 0.009375 0.0430556
1 0.209766 0.356944 0.0101562 0.0444444
0 0.524609 0.225 0.0101562 0.0361111
0 0.370703 0.3 0.00859375 0.0416667
1 0.633203 0.216667 0.00703125 0.0361111
0 0.148828 0.4 0.0132813 0.05
0 0.421094 0.513194 0.0109375 0.0569444
0 0.317578 0.372917 0.0117188 0.0486111
0 0.707031 0.39375 0.0140625 0.0486111
0 0.257031 0.276389 0.009375 0.0388889
1 0.504687 0.331944 0.0125 0.0472222
0 0.155469 0.497222 0.0140625 0.0583333
1 0.332812 0.408333 0.015625 0.05
1 0.257422 0.657639 0.0164062 0.0708333
1 0.874609 0.560417 0.0179687 0.0652778
