0 0.901563 0.368056 0.0125 0.0333333
1 0.195312 0.227083 0.0078125 0.0291667
1 0.550781 0.342361 0.0109375 0.0430556
1 0.423828 0.250694 0.0101562 0.0347222
0 0.324609 0.33125 0.00859375 0.0347222
1 0.554297 0.352083 0.0101562 0.0319444
1 0.313281 0.29375 0.009375 0.0319444
1 0.547266 0.323611 0.00859375 0.0361111
0 0.471484 0.410417 0.0101562 0.0458333
1 0.328125 0.302083 0.0078125 0.0319444
1 0.630078 0.309028 0.00859375 0.0375
1 0.576563 0.273611 0.0078125 0.0361111
1 0.727344 0.376389 0.009375 0.0472222
1 0.38125 0.408333 0.0109375 0.0416667
1 0.723828 0.510417 0.0117188 0.0513889
0 0.452734 0.227778 0.00703125 0.0305556
0 0.230078 0.273611 0.00859375 0.0333333
0 0.66875 0.419444 0.0078125 0.0361111
0 0.593359 0.383333 0.00859375 0.0416667
0 0.533203 0.251389 0.00859375 0.0305556
0 0.340625 0.554167 0.0140625 0.0583333
0 0.188281 0.447222 0.0140625 0.0527778
0 0.154297 0.351389 0.0101562 0.0444444
4 0.920313 0.308333 0.0796875 0.102778
