0 0.519531 0.313889 0.009375 0.0388889
0 0.597266 0.370139 0.00859375 0.0402778
1 0.582422 0.36875 0.00859375 0.0291667
0 0.341406 0.315278 0.0078125 0.0361111
1 0.391406 0.381944 0.009375 0.0388889
1 0.352344 0.288194 0.009375 0.0430556
1 0.457812 0.24375 0.0078125 0.0347222
1 0.567187 0.311806 0.009375 0.0402778
1 0.605469 0.268056 0.0078125 0.0361111
0 0.482422 0.215972 0.00703125 0.0347222
0 0.5375 0.238194 0.0078125 0.0319444
0 0.2375 0.2625 0.0078125 0.0361111
0 0.502344 0.390278 0.009375 0.0472222
1 0.649219 0.307639 0.0078125 0.0375
1 0.735547 0.472917 0.0101562 0.0458333
0 0.687109 0.402083 0.0132813 0.0402778
0 0.157422 0.339583 0.0101562 0.0430556
1 0.749219 0.361111 0.009375 0.0416667
0 0.190625 0.434028 0.0125 0.0541667
0 0.3625 0.555556 0.0140625 0.0583333
4 0.960938 0.315278 0.0765625 0.102778
