1 0.401953 0.246528 0.00859375 0.0347222
0 0.549219 0.255556 0.0078125 0.0333333
1 0.543359 0.333333 0.00859375 0.0388889
1 0.509766 0.368056 0.00859375 0.0444444
1 0.313281 0.453472 0.0140625 0.0486111
0 0.328125 0.351389 0.0078125 0.0416667
1 0.641406 0.301389 0.0078125 0.0361111
1 0.314844 0.309028 0.0078125 0.0375
0 0.4375 0.229167 0.0078125 0.0305556
1 0.28125 0.315278 0.009375 0.0333333
1 0.570312 0.261111 0.0078125 0.0333333
0 0.174219 0.464583 0.0140625 0.0513889
0 0.427344 0.433333 0.0109375 0.0527778
1 0.659766 0.618056 0.0148437 0.0555556
0 0.170312 0.353472 0.0109375 0.0430556
0 0.235156 0.283333 0.0078125 0.0333333
1 0.745313 0.395139 0.009375 0.0430556
0 0.656641 0.481944 0.0117188 0.0555556
0 0.304297 0.552083 0.0164062 0.0569444
0 0.617188 0.395139 0.009375 0.0486111
4 0.910156 0.301389 0.08125 0.0944444
