0 0.376953 0.222222 0.0117188 0.0416667
1 0.376953 0.222917 0.0117188 0.0402778
0 0.546875 0.259028 0.009375 0.0430556
0 0.339453 0.285417 0.0117188 0.0541667
0 0.665234 0.199306 0.00859375 0.0402778
1 0.381641 0.227778 0.0117188 0.0416667
1 0.707422 0.210417 0.0148437 0.0375
1 0.730469 0.225694 0.009375 0.0430556
1 0.76875 0.288889 0.009375 0.0472222
1 0.736328 0.385417 0.0148437 0.0569444
0 0.180469 0.235417 0.009375 0.0486111
0 0.603125 0.388194 0.0109375 0.0513889
0 0.40625 0.185417 0.0109375 0.0319444
0 0.0949219 0.363194 0.0101562 0.0513889
1 0.565625 0.338889 0.0109375 0.0527778
0 0.540625 0.203472 0.009375 0.0347222
0 0.73125 0.299306 0.0125 0.0486111
0 0.334766 0.297917 0.0132813 0.0513889
1 0.589844 0.226389 0.009375 0.0388889
1 0.356641 0.284028 0.0117188 0.0486111
1 0.477344 0.215278 0.0109375 0.0416667
1 0.591016 0.504167 0.0148437 0.0611111
0 0.153906 0.5375 0.015625 0.0666667
