0 0.644531 0.616667 0.0140625 0.0638889
1 0.830078 0.359028 0.00859375 0.0319444
0 0.726172 0.263194 0.00703125 0.0291667
1 0.649609 0.597917 0.0164062 0.0569444
1 0.646484 0.345833 0.0101562 0.0388889
1 0.579687 0.284028 0.0078125 0.0319444
0 0.591797 0.361111 0.0117188 0.0361111
1 0.267578 0.390972 0.00859375 0.0402778
0 0.373437 0.423611 0.009375 0.0472222
0 0.701953 0.484722 0.0132813 0.0388889
0 0.568359 0.556944 0.0132813 0.0527778
0 0.275 0.313889 0.0078125 0.0333333
1 0.726953 0.395833 0.00859375 0.0361111
0 0.858984 0.622222 0.0164062 0.0527778
1 0.861719 0.553472 0.0171875 0.0458333
1 0.507812 0.397222 0.0109375 0.0416667
0 0.295312 0.58125 0.015625 0.0569444
0 0.169531 0.403472 0.009375 0.0458333
1 0.453516 0.575 0.0164062 0.0555556
1 0.647656 0.438889 0.009375 0.0444444
4 0.845703 0.320833 0.0757812 0.0805556
