0 0.522266 0.329167 0.0101562 0.0333333
0 0.888281 0.323611 0.009375 0.0416667
1 0.370703 0.381944 0.0132813 0.0388889
0 0.370703 0.386111 0.0117188 0.0388889
0 0.435937 0.476389 0.0125 0.0416667
1 0.423828 0.3625 0.00859375 0.0388889
1 0.574219 0.389583 0.0140625 0.0402778
1 0.608984 0.280556 0.00859375 0.0333333
1 0.499609 0.35 0.0117188 0.0361111
0 0.65625 0.2625 0.00625 0.0305556
0 0.439844 0.427083 0.009375 0.0486111
0 0.719141 0.338889 0.00859375 0.0361111
1 0.704297 0.403472 0.00859375 0.0402778
1 0.530078 0.427083 0.0132813 0.0402778
0 0.748438 0.4625 0.0140625 0.0472222
1 0.666016 0.380556 0.00859375 0.0416667
0 0.246484 0.380556 0.0101562 0.0472222
0 0.25625 0.463889 0.0109375 0.0444444
0 0.317969 0.293056 0.0078125 0.0333333
1 0.664844 0.511111 0.0109375 0.05
0 0.848828 0.648611 0.0164062 0.0555556
1 0.630859 0.327778 0.00859375 0.0361111
4 0.955078 0.317361 0.0835937 0.0902778
