1 0.959375 0.367361 0.0140625 0.0430556
0 0.667578 0.30625 0.0132813 0.0458333
1 0.380078 0.445833 0.0117188 0.0472222
0 0.380469 0.447917 0.0125 0.0513889
0 0.975781 0.838889 0.0234375 0.075
0 0.671875 0.301389 0.0109375 0.0333333
1 0.151172 0.388889 0.0101562 0.0361111
0 0.152734 0.408333 0.0117188 0.0361111
1 0.664062 0.323611 0.0125 0.0416667
0 0.837109 0.411111 0.0132813 0.05
1 0.575 0.235417 0.009375 0.0319444
0 0.289453 0.383333 0.0117188 0.0416667
1 0.38125 0.209722 0.009375 0.0333333
1 0.260547 0.417361 0.0132813 0.0541667
0 0.349609 0.297222 0.00859375 0.0388889
0 0.144141 0.477083 0.0117188 0.0569444
0 0.469531 0.238889 0.0078125 0.0361111
1 0.201562 0.353472 0.009375 0.0430556
0 0.247656 0.284028 0.009375 0.0375
1 0.475 0.334028 0.0125 0.0430556
1 0.215234 0.643056 0.0210938 0.0611111
1 0.300781 0.290278 0.009375 0.0388889
1 0.862109 0.597917 0.0210938 0.0625
0 0.36875 0.5125 0.0125 0.0527778
0 0.178125 0.347917 0.0109375 0.0486111
