0 0.0984375 0.3875 0.01875 0.0361111
1 0.222656 0.30625 0.0109375 0.0402778
1 0.512109 0.397917 0.0148437 0.0597222
0 0.104297 0.390972 0.0117188 0.0319444
0 0.0902344 0.379167 0.0101562 0.0361111
1 0.210156 0.279167 0.0078125 0.0305556
0 0.178125 0.315972 0.0109375 0.0375
1 0.510547 0.381944 0.0132813 0.0472222
1 0.500391 0.247222 0.0148437 0.0388889
0 0.355859 0.347222 0.0117188 0.0444444
0 0.212891 0.3375 0.0132813 0.0361111
1 0.514844 0.423611 0.0125 0.0527778
0 0.678906 0.533333 0.0125 0.0583333
1 0.801172 0.542361 0.0117188 0.0652778
1 0.736719 0.354861 0.009375 0.0458333
0 0.64375 0.305556 0.0109375 0.0416667
0 0.550781 0.29375 0.015625 0.0402778
0 0.138672 0.376389 0.0101562 0.0388889
0 0.453516 0.591667 0.0164062 0.0583333
1 0.325 0.48125 0.0171875 0.0541667
1 0.762109 0.41875 0.0164062 0.0513889
4 0.0488281 0.269444 0.0835937 0.0861111
