0 0.430078 0.470833 0.0101562 0.0472222
0 0.922266 0.415972 0.0117188 0.0486111
1 0.218359 0.434722 0.0101562 0.0444444
1 0.583203 0.238889 0.00703125 0.0305556
1 0.401172 0.8 0.0195312 0.0694444
1 0.441016 0.424306 0.00859375 0.0458333
1 0.719141 0.310417 0.0101562 0.0402778
1 0.394531 0.235417 0.0078125 0.0319444
0 0.272656 0.299306 0.0078125 0.0402778
0 0.657422 0.311806 0.0101562 0.0402778
1 0.246875 0.354861 0.009375 0.0402778
0 0.164453 0.459722 0.0132813 0.05
0 0.415625 0.355556 0.0078125 0.0416667
0 0.18125 0.365278 0.0109375 0.0444444
0 0.417188 0.239583 0.0078125 0.0375
0 0.38125 0.445139 0.0125 0.0513889
0 0.719141 0.448611 0.0117188 0.0527778
0 0.224219 0.581944 0.0140625 0.0611111
1 0.675781 0.350694 0.009375 0.0402778
1 0.946484 0.522222 0.0148437 0.0555556
1 0.303125 0.328472 0.0078125 0.0375
0 0.598437 0.550694 0.0171875 0.0513889
4 0.96875 0.307639 0.0609375 0.0902778
