0 0.657031 0.279861 0.009375 0.0375
0 0.648438 0.286111 0.009375 0.0361111
0 0.672266 0.254861 0.00859375 0.0291667
1 0.660547 0.294444 0.00859375 0.0361111
0 0.703906 0.347222 0.009375 0.0416667
1 0.691016 0.315278 0.00859375 0.0333333
1 0.692578 0.275694 0.00703125 0.0291667
1 0.743359 0.335417 0.0101562 0.0402778
0 0.807031 0.353472 0.009375 0.0375
1 0.770703 0.368056 0.0117188 0.0388889
0 0.274609 0.31875 0.00859375 0.0347222
0 0.189844 0.400694 0.0109375 0.0486111
1 0.58125 0.319444 0.0125 0.0361111
1 0.625391 0.422917 0.0117188 0.0458333
1 0.136719 0.40625 0.0109375 0.0402778
0 0.409766 0.327778 0.0117188 0.0361111
1 0.782031 0.441667 0.0125 0.0444444
1 0.278906 0.463194 0.0125 0.0486111
0 0.58125 0.409722 0.015625 0.0444444
0 0.292969 0.552083 0.0140625 0.0569444
0 0.252344 0.451389 0.0140625 0.0472222
4 0.928125 0.325694 0.0796875 0.0902778
