1 0.394141 0.452083 0.0132813 0.0458333
0 0.139453 0.424306 0.0164062 0.0458333
0 0.141406 0.414583 0.009375 0.0375
0 0.394531 0.451389 0.0125 0.0416667
0 0.196484 0.3625 0.0132813 0.0416667
1 0.139844 0.434028 0.0140625 0.0430556
1 0.197656 0.363194 0.0109375 0.0402778
1 0.6375 0.327083 0.0109375 0.0458333
1 0.136719 0.425 0.0125 0.0444444
0 0.639453 0.320833 0.0101562 0.0527778
0 0.437891 0.2625 0.00859375 0.0333333
1 0.16875 0.684722 0.0140625 0.0666667
0 0.339453 0.322917 0.00859375 0.0347222
0 0.130078 0.502083 0.0148437 0.0458333
0 0.325391 0.535417 0.0117188 0.0513889
0 0.245703 0.297917 0.00859375 0.0375
0 0.254297 0.406944 0.0101562 0.0416667
1 0.279297 0.30625 0.00859375 0.0375
1 0.371094 0.226389 0.0078125 0.0333333
0 0.861719 0.440972 0.0109375 0.0458333
1 0.902344 0.675694 0.0171875 0.0680556
1 0.23125 0.45 0.0109375 0.05
1 0.541016 0.2625 0.00703125 0.0333333
1 0.454297 0.347917 0.0101562 0.0458333
