1 0.655469 0.281944 0.0078125 0.0277778
1 0.209375 0.259028 0.0078125 0.0236111
0 0.655859 0.284028 0.00703125 0.0263889
0 0.731641 0.2625 0.00546875 0.025
0 0.623047 0.6125 0.0179687 0.0527778
1 0.639453 0.611111 0.0117188 0.0527778
1 0.571484 0.279167 0.00703125 0.0305556
0 0.364844 0.403472 0.009375 0.0430556
0 0.605469 0.349306 0.009375 0.0347222
1 0.663281 0.331944 0.009375 0.0388889
1 0.723828 0.385417 0.00859375 0.0486111
0 0.256641 0.560417 0.0148437 0.0541667
0 0.261328 0.314583 0.00703125 0.0291667
0 0.893359 0.59375 0.0117188 0.0541667
0 0.160938 0.396528 0.0109375 0.0458333
1 0.919141 0.554167 0.0117188 0.0444444
1 0.485938 0.38125 0.009375 0.0375
1 0.254297 0.380556 0.00859375 0.0361111
0 0.720703 0.457639 0.00859375 0.0430556
1 0.641406 0.405556 0.009375 0.0388889
1 0.38125 0.568056 0.0109375 0.0583333
0 0.563672 0.597917 0.0242187 0.0513889
4 0.839453 0.320139 0.0617188 0.0763889
