0 0.546875 0.395139 0.0140625 0.0486111
1 0.735156 0.6 0.0125 0.0527778
1 0.767578 0.607639 0.0179687 0.0597222
0 0.287109 0.431944 0.0132813 0.0527778
1 0.675 0.314583 0.0109375 0.0402778
0 0.275391 0.363889 0.0101562 0.0472222
0 0.698438 0.250694 0.009375 0.0347222
1 0.650391 0.580556 0.0148437 0.0694444
0 0.431641 0.342361 0.0117188 0.0402778
0 0.315234 0.288194 0.00859375 0.0375
1 0.112109 0.363889 0.0132813 0.0416667
1 0.491406 0.375694 0.0125 0.0513889
0 0.600781 0.263889 0.009375 0.0361111
0 0.508984 0.490278 0.0148437 0.0583333
0 0.888281 0.5375 0.0125 0.0555556
0 0.759766 0.500694 0.0132813 0.0541667
1 0.770703 0.304861 0.0101562 0.0375
1 0.843359 0.484028 0.0132813 0.0569444
1 0.201562 0.513889 0.01875 0.0555556
1 0.729297 0.452778 0.0101562 0.05
0 0.279297 0.595139 0.0195312 0.0625
