0 0.247656 0.298611 0.009375 0.0333333
0 0.247656 0.309722 0.0125 0.0388889
1 0.25 0.314583 0.0125 0.0402778
0 0.248437 0.333333 0.0140625 0.0444444
1 0.25 0.330556 0.0140625 0.0472222
4 0.0242187 0.277083 0.04375 0.0819444
1 0.235156 0.279167 0.009375 0.0305556
1 0.524609 0.247917 0.00859375 0.0347222
0 0.203125 0.322917 0.0125 0.0402778
0 0.0980469 0.378472 0.0117188 0.0402778
1 0.534766 0.395833 0.0132813 0.0416667
0 0.16875 0.401389 0.0125 0.0472222
0 0.651172 0.300694 0.00859375 0.0402778
1 0.0769531 0.415278 0.0132813 0.0444444
1 0.717969 0.352083 0.0125 0.0486111
0 0.567969 0.293056 0.0109375 0.0416667
0 0.374609 0.352778 0.0132813 0.0416667
0 0.496094 0.609028 0.0171875 0.0569444
1 0.349219 0.510417 0.0125 0.0569444
1 0.50625 0.422222 0.0140625 0.0527778
0 0.666016 0.51875 0.0117188 0.0569444
1 0.789844 0.53125 0.01875 0.0625
1 0.756641 0.415278 0.0148437 0.0527778
