0 0.473047 0.352083 0.00703125 0.0319444
0 0.686328 0.339583 0.0101562 0.0375
1 0.478906 0.323611 0.0078125 0.0361111
1 0.481641 0.320139 0.00859375 0.0375
0 0.490625 0.292361 0.009375 0.0347222
1 0.537109 0.346528 0.0101562 0.0375
1 0.548047 0.292361 0.00703125 0.0347222
1 0.194141 0.442361 0.0101562 0.0458333
0 0.589453 0.306944 0.00859375 0.0333333
0 0.0921875 0.423611 0.009375 0.0444444
1 0.667188 0.395139 0.009375 0.0458333
0 0.551953 0.397917 0.00859375 0.0430556
1 0.601562 0.336806 0.009375 0.0402778
1 0.228125 0.420139 0.009375 0.0430556
0 0.311719 0.356944 0.009375 0.0361111
0 0.195703 0.338194 0.00859375 0.0347222
1 0.475391 0.440972 0.0132813 0.0486111
0 0.133203 0.483333 0.0148437 0.0472222
0 0.201562 0.561806 0.0125 0.0541667
1 0.689062 0.488889 0.009375 0.0472222
0 0.433203 0.415972 0.0117188 0.0458333
4 0.796484 0.309722 0.0726563 0.0861111
