0 0.574609 0.240278 0.0101562 0.0361111
0 0.726953 0.339583 0.00859375 0.0402778
1 0.685156 0.279167 0.009375 0.0416667
1 0.432813 0.265278 0.0109375 0.0444444
1 0.679297 0.269444 0.0101562 0.0388889
1 0.727344 0.338889 0.009375 0.0472222
0 0.565234 0.220833 0.00859375 0.0388889
0 0.428516 0.229861 0.00859375 0.0375
0 0.433203 0.272917 0.0101562 0.0347222
1 0.554297 0.2375 0.00859375 0.0333333
0 0.569141 0.445833 0.0117188 0.05
0 0.716406 0.323611 0.0109375 0.0416667
1 0.483984 0.264583 0.00859375 0.0402778
0 0.0957031 0.404167 0.00859375 0.05
0 0.578516 0.254861 0.0101562 0.0402778
1 0.506641 0.325 0.0101562 0.0472222
0 0.3375 0.280556 0.009375 0.0388889
1 0.640625 0.314583 0.0078125 0.0430556
1 0.734375 0.433333 0.0109375 0.0555556
0 0.139062 0.535417 0.0140625 0.0625
0 0.458594 0.338194 0.0109375 0.0430556
1 0.517969 0.509722 0.0171875 0.0583333
1 0.291016 0.377083 0.0117188 0.0486111
