0 0.691797 0.234028 0.00859375 0.0430556
0 0.624609 0.193056 0.00859375 0.0361111
0 0.614062 0.19375 0.0109375 0.0347222
1 0.516016 0.255556 0.0164062 0.0472222
0 0.357812 0.156944 0.009375 0.0305556
0 0.618359 0.188194 0.0132813 0.0430556
1 0.520312 0.248611 0.009375 0.0444444
1 0.624609 0.192361 0.00859375 0.0402778
0 0.509375 0.259028 0.0125 0.0430556
1 0.675781 0.26875 0.009375 0.0486111
0 0.733984 0.269444 0.0101562 0.0472222
1 0.717969 0.239583 0.009375 0.0458333
1 0.742969 0.30625 0.0125 0.0486111
0 0.398438 0.191667 0.009375 0.0416667
0 0.605078 0.236111 0.0117188 0.0472222
1 0.55 0.3125 0.0109375 0.0555556
1 0.445312 0.232639 0.009375 0.0402778
1 0.757422 0.390972 0.0132813 0.0569444
0 0.349219 0.241667 0.0140625 0.0472222
0 0.200781 0.570139 0.015625 0.0680556
0 0.661328 0.390278 0.0117188 0.0555556
0 0.470703 0.322222 0.0148437 0.0527778
0 0.178125 0.397222 0.0125 0.0583333
1 0.278516 0.378472 0.0164062 0.0541667
1 0.615234 0.515972 0.0179687 0.0541667
