1 0.6 0.333333 0.0125 0.0472222
1 0.498437 0.331944 0.0078125 0.0416667
1 0.498828 0.313194 0.00859375 0.0430556
0 0.993359 0.583333 0.00703125 0.025
0 0.682031 0.3625 0.0109375 0.05
0 0.595312 0.309722 0.0078125 0.0305556
1 0.546484 0.345833 0.0101562 0.0361111
1 0.558203 0.303472 0.00859375 0.0319444
1 0.663281 0.393056 0.0109375 0.0444444
0 0.519922 0.297222 0.00859375 0.0361111
0 0.15 0.479861 0.0140625 0.0402778
0 0.196094 0.340972 0.0078125 0.0375
1 0.603125 0.341667 0.009375 0.0333333
1 0.189844 0.435417 0.0109375 0.0458333
0 0.0941406 0.428472 0.0101562 0.0458333
0 0.5625 0.396528 0.0109375 0.0458333
1 0.694531 0.470833 0.009375 0.0444444
1 0.242188 0.425694 0.009375 0.0402778
1 0.496094 0.444444 0.009375 0.0444444
0 0.453516 0.418056 0.0117188 0.0444444
0 0.316016 0.363194 0.00859375 0.0347222
0 0.215234 0.572917 0.0132813 0.0569444
4 0.7875 0.316667 0.071875 0.0805556
