1 0.557031 0.36875 0.015625 0.0430556
0 0.741797 0.320139 0.0101562 0.0430556
1 0.215625 0.421528 0.0078125 0.0541667
0 0.476953 0.263889 0.0101562 0.0333333
1 0.496094 0.261111 0.009375 0.0361111
1 0.219141 0.391667 0.00859375 0.0388889
0 0.608984 0.286806 0.00703125 0.0347222
0 0.701172 0.41875 0.00859375 0.0430556
1 0.734375 0.390972 0.0125 0.0458333
1 0.624219 0.317361 0.0109375 0.0375
1 0.483594 0.298611 0.0109375 0.0361111
0 0.216016 0.304167 0.00859375 0.0333333
0 0.106641 0.393056 0.0101562 0.0527778
0 0.419141 0.396528 0.0101562 0.0486111
1 0.571484 0.260417 0.00859375 0.0319444
1 0.549609 0.332639 0.0117188 0.0402778
0 0.558594 0.375 0.0125 0.0444444
1 0.707812 0.509722 0.0125 0.05
1 0.463672 0.426389 0.0148437 0.0472222
0 0.324219 0.330556 0.009375 0.0388889
0 0.125781 0.463194 0.0140625 0.0513889
0 0.183594 0.540972 0.0171875 0.0597222
4 0.864062 0.293056 0.075 0.0888889
