0 0.820703 0.309028 0.0101562 0.0375
0 0.433203 0.370833 0.0132813 0.0444444
0 0.485938 0.244444 0.009375 0.0361111
0 0.648828 0.279167 0.00859375 0.0388889
1 0.619531 0.232639 0.0078125 0.0347222
1 0.690625 0.30625 0.0109375 0.0402778
1 0.492188 0.282639 0.009375 0.0375
0 0.267578 0.277778 0.00859375 0.0361111
1 0.515234 0.234028 0.00703125 0.0347222
0 0.349609 0.3125 0.00859375 0.0416667
0 0.154687 0.365972 0.0109375 0.0486111
0 0.610937 0.356944 0.009375 0.05
0 0.680078 0.488889 0.0132813 0.05
0 0.151953 0.440278 0.0132813 0.0527778
1 0.832031 0.395833 0.0125 0.0527778
1 0.452734 0.424306 0.0132813 0.0513889
1 0.565625 0.328472 0.009375 0.0430556
1 0.258203 0.420833 0.0117188 0.05
1 0.716016 0.540972 0.0101562 0.0541667
0 0.407422 0.392361 0.0132813 0.0486111
1 0.228516 0.368056 0.00859375 0.0444444
0 0.196484 0.531944 0.0148437 0.0583333
4 0.953516 0.290278 0.0804688 0.0944444
