0 0.666016 0.224306 0.0101562 0.0375
0 0.586328 0.196528 0.0117188 0.0347222
1 0.707422 0.253472 0.0132813 0.0402778
0 0.709766 0.263889 0.0117188 0.0444444
0 0.671094 0.227083 0.0109375 0.0347222
1 0.671094 0.199306 0.0109375 0.0375
0 0.64375 0.202083 0.0109375 0.0402778
1 0.753516 0.280556 0.0132813 0.0444444
0 0.337891 0.20625 0.0101562 0.0402778
0 0.427734 0.29375 0.0117188 0.0430556
1 0.526563 0.233333 0.0109375 0.0444444
0 0.452734 0.249306 0.0132813 0.0402778
1 0.618359 0.239583 0.0132813 0.0375
1 0.543359 0.284028 0.0132813 0.0486111
1 0.366016 0.236111 0.0117188 0.0416667
0 0.242578 0.269444 0.0117188 0.0527778
1 0.299219 0.355556 0.0140625 0.0527778
0 0.211719 0.454167 0.0171875 0.0638889
1 0.661328 0.466667 0.0195312 0.0583333
1 0.758203 0.358333 0.0195312 0.0555556
0 0.663281 0.328472 0.015625 0.0458333
0 0.209766 0.355556 0.0195312 0.05
