1 0.702734 0.239583 0.0101562 0.0291667
0 0.645312 0.193056 0.0125 0.0361111
0 0.359766 0.201389 0.00859375 0.0361111
1 0.675391 0.195139 0.0101562 0.0375
1 0.633984 0.234722 0.0101562 0.0444444
1 0.548437 0.228472 0.0125 0.0486111
0 0.474609 0.240972 0.00859375 0.0430556
1 0.741016 0.288194 0.0164062 0.0458333
0 0.714063 0.265972 0.0125 0.0430556
0 0.441797 0.288889 0.0101562 0.0527778
0 0.273438 0.265278 0.0109375 0.0527778
1 0.316406 0.354861 0.0109375 0.0541667
0 0.224219 0.459028 0.0140625 0.0652778
1 0.558203 0.279861 0.0117188 0.0513889
0 0.662891 0.226389 0.0117188 0.0333333
1 0.393359 0.227083 0.0101562 0.0402778
1 0.758984 0.363194 0.0148437 0.0513889
0 0.673828 0.33125 0.0148437 0.0513889
0 0.226172 0.352778 0.0132813 0.0611111
1 0.666016 0.471528 0.0179687 0.0597222
