1 0.255469 0.227083 0.00625 0.0263889
1 0.344531 0.388194 0.0125 0.0375
0 0.453125 0.465278 0.01875 0.0527778
0 0.348437 0.389583 0.0109375 0.0319444
0 0.448828 0.460417 0.0117188 0.0375
0 0.455078 0.483333 0.0195312 0.0555556
0 0.654688 0.261806 0.0078125 0.0291667
1 0.510156 0.358333 0.009375 0.0416667
0 0.20625 0.3875 0.0109375 0.0444444
1 0.426172 0.393056 0.0101562 0.0388889
1 0.594141 0.397917 0.0117188 0.0430556
0 0.304688 0.29375 0.009375 0.0291667
0 0.727734 0.352778 0.0101562 0.0361111
1 0.644922 0.338194 0.0164062 0.0375
1 0.667578 0.385417 0.0132813 0.0402778
0 0.257422 0.490972 0.0132813 0.0486111
1 0.55 0.439583 0.015625 0.0486111
1 0.717578 0.4 0.0148437 0.0444444
0 0.744141 0.465972 0.0148437 0.0486111
1 0.680859 0.500694 0.0132813 0.0486111
1 0.614062 0.286806 0.0109375 0.0347222
0 0.853125 0.640972 0.015625 0.0569444
4 0.924219 0.313194 0.0765625 0.0875
