1 0.615625 0.339583 0.009375 0.0319444
0 0.730469 0.40625 0.0109375 0.0375
1 0.646094 0.303472 0.009375 0.0291667
1 0.738281 0.427083 0.0125 0.0375
0 0.574609 0.569444 0.0148437 0.05
0 0.338672 0.311111 0.00859375 0.0333333
0 0.875391 0.629167 0.0164062 0.0555556
1 0.685547 0.429167 0.0132813 0.0361111
1 0.739062 0.4875 0.009375 0.0472222
0 0.352344 0.545139 0.0125 0.0486111
0 0.690625 0.280556 0.00625 0.0305556
1 0.657812 0.483333 0.0125 0.0472222
0 0.405078 0.434722 0.0101562 0.0416667
0 0.224219 0.405556 0.0125 0.0416667
0 0.5625 0.49375 0.0140625 0.0458333
1 0.709766 0.390972 0.0117188 0.0402778
1 0.785937 0.403472 0.0109375 0.0458333
1 0.361328 0.404861 0.0101562 0.0347222
1 0.505469 0.485417 0.0125 0.0430556
1 0.603516 0.393056 0.0117188 0.0388889
4 0.875 0.327083 0.071875 0.0875
