1 0.641797 0.338194 0.0101562 0.0402778
0 0.517578 0.261806 0.00703125 0.0347222
0 0.535547 0.2625 0.00703125 0.0305556
1 0.517187 0.2625 0.0078125 0.0305556
1 0.552734 0.258333 0.00703125 0.0333333
1 0.850391 0.416667 0.0117188 0.0555556
0 0.603125 0.249306 0.009375 0.0347222
1 0.644531 0.270139 0.009375 0.0402778
0 0.548828 0.290972 0.00859375 0.0347222
0 0.619531 0.278472 0.0078125 0.0375
1 0.829687 0.310417 0.0078125 0.0402778
0 0.555859 0.351389 0.00859375 0.0472222
1 0.614062 0.340278 0.009375 0.0416667
1 0.496484 0.333333 0.0101562 0.0416667
0 0.460547 0.293056 0.00859375 0.0388889
1 0.850391 0.50625 0.0101562 0.0569444
0 0.564453 0.409722 0.0117188 0.0416667
0 0.396484 0.348611 0.00859375 0.0416667
0 0.819141 0.4125 0.0117188 0.0472222
1 0.742578 0.346528 0.0101562 0.0430556
0 0.361328 0.45 0.0101562 0.0527778
1 0.615625 0.500694 0.0125 0.0569444
4 0.179297 0.319444 0.0882813 0.0916667
