0 0.365625 0.155556 0.009375 0.0361111
0 0.614844 0.195139 0.0109375 0.0375
1 0.513672 0.254167 0.0132813 0.0472222
0 0.617578 0.1875 0.0117188 0.0444444
0 0.742188 0.304167 0.009375 0.05
1 0.517969 0.246528 0.0109375 0.0486111
1 0.626953 0.19375 0.0101562 0.0402778
0 0.510938 0.260417 0.0109375 0.0430556
1 0.676172 0.26875 0.0101562 0.0486111
0 0.732813 0.271528 0.0109375 0.0486111
1 0.742969 0.30625 0.009375 0.0430556
1 0.717188 0.240278 0.0109375 0.0444444
1 0.757422 0.386806 0.0117188 0.0569444
0 0.6625 0.386806 0.0125 0.0541667
0 0.473047 0.31875 0.0132813 0.0541667
0 0.396094 0.188889 0.009375 0.0416667
0 0.605469 0.235417 0.0109375 0.0430556
1 0.554297 0.3125 0.0132813 0.0555556
1 0.28125 0.379167 0.0109375 0.0555556
1 0.446094 0.230556 0.0109375 0.0416667
1 0.621875 0.513889 0.0140625 0.0555556
0 0.350781 0.239583 0.0109375 0.0486111
0 0.2125 0.572222 0.0171875 0.0638889
0 0.186719 0.393056 0.01875 0.0583333
