1 0.216406 0.397917 0.009375 0.0541667
0 0.448438 0.358333 0.0109375 0.0444444
0 0.737109 0.323611 0.00859375 0.0388889
0 0.476562 0.263889 0.009375 0.0333333
1 0.210938 0.425694 0.0125 0.0541667
1 0.621484 0.317361 0.00859375 0.0347222
1 0.495313 0.265972 0.009375 0.0375
0 0.605859 0.290278 0.00703125 0.0333333
1 0.569531 0.263194 0.0078125 0.0319444
1 0.219531 0.394444 0.009375 0.0388889
1 0.548437 0.334028 0.009375 0.0402778
0 0.557031 0.376389 0.0109375 0.0444444
0 0.698438 0.422917 0.009375 0.0402778
1 0.483203 0.303472 0.00859375 0.0347222
1 0.727734 0.393056 0.0117188 0.0444444
0 0.419922 0.399306 0.0132813 0.0458333
0 0.213672 0.306944 0.00859375 0.0388889
1 0.705859 0.508333 0.0117188 0.05
0 0.322266 0.331944 0.00859375 0.0388889
1 0.462891 0.428472 0.0117188 0.0486111
0 0.104297 0.397222 0.0101562 0.05
0 0.182031 0.544444 0.015625 0.0583333
0 0.124219 0.465972 0.0140625 0.0513889
4 0.859375 0.295139 0.078125 0.0847222
