1 0.431641 0.225694 0.0117188 0.0319444
0 0.441797 0.221528 0.0117188 0.0347222
1 0.523438 0.186806 0.009375 0.0347222
0 0.523828 0.185417 0.0101562 0.0375
1 0.427734 0.220833 0.0101562 0.0361111
1 0.463672 0.181944 0.00859375 0.0444444
1 0.668359 0.2 0.00703125 0.0333333
1 0.745703 0.280556 0.00859375 0.0527778
0 0.605469 0.184028 0.0078125 0.0347222
0 0.410547 0.179167 0.00703125 0.0361111
0 0.191016 0.230556 0.00859375 0.0416667
1 0.389453 0.276389 0.0101562 0.0472222
0 0.594531 0.388889 0.0109375 0.05
1 0.599609 0.506944 0.0148437 0.0638889
0 0.71875 0.29375 0.0109375 0.0513889
1 0.746875 0.384722 0.0109375 0.0555556
1 0.578906 0.320833 0.009375 0.05
0 0.366016 0.305556 0.0117188 0.0527778
1 0.732031 0.218056 0.009375 0.0416667
0 0.121484 0.364583 0.0148437 0.0541667
0 0.193359 0.555556 0.0195312 0.0694444
