1 0.980469 0.334028 0.0140625 0.0486111
0 0.417578 0.415972 0.0132813 0.0597222
0 0.375781 0.354861 0.0078125 0.0569444
1 0.44375 0.2625 0.009375 0.0361111
0 0.454688 0.274306 0.0109375 0.0375
1 0.460156 0.201389 0.0078125 0.0305556
1 0.783594 0.302083 0.009375 0.0402778
1 0.212109 0.372917 0.0101562 0.0486111
1 0.217578 0.441667 0.0117188 0.05
0 0.196484 0.344444 0.00859375 0.0472222
1 0.69375 0.247222 0.0125 0.0361111
0 0.305469 0.259028 0.009375 0.0375
0 0.171094 0.496528 0.0125 0.0541667
0 0.167969 0.425694 0.0140625 0.0513889
0 0.502734 0.234028 0.0101562 0.0375
1 0.872656 0.484722 0.0140625 0.0611111
0 0.459766 0.482639 0.0132813 0.0541667
0 0.635938 0.261806 0.0125 0.0375
0 0.691406 0.326389 0.0140625 0.0388889
1 0.592188 0.317361 0.0109375 0.0402778
1 0.378125 0.434028 0.0109375 0.0541667
1 0.400391 0.702778 0.0226563 0.0694444
