0 0.204688 0.339583 0.0078125 0.0291667
0 0.371094 0.408333 0.0109375 0.0388889
0 0.248437 0.346528 0.0109375 0.0402778
1 0.299609 0.413194 0.0132813 0.0486111
0 0.301562 0.300694 0.0078125 0.0319444
0 0.220313 0.423611 0.0109375 0.0472222
1 0.229687 0.324306 0.009375 0.0430556
0 0.630078 0.367361 0.0117188 0.0402778
0 0.323438 0.432639 0.0109375 0.0486111
0 0.567187 0.753472 0.021875 0.0597222
0 0.38125 0.354167 0.009375 0.0416667
0 0.135547 0.488194 0.0117188 0.0541667
1 0.320312 0.545139 0.0109375 0.0541667
1 0.489062 0.334722 0.0171875 0.0444444
0 0.533594 0.329861 0.0125 0.0402778
1 0.471484 0.423611 0.0117188 0.0472222
1 0.791797 0.510417 0.0148437 0.0513889
1 0.709375 0.71875 0.0203125 0.0625
1 0.191406 0.425694 0.009375 0.0402778
0 0.290234 0.730556 0.0195312 0.0638889
1 0.470703 0.556944 0.0132813 0.0555556
1 0.758594 0.397917 0.0109375 0.0541667
4 0.0804688 0.290278 0.0828125 0.0888889
