0 0.283984 0.175 0.0101562 0.0416667
0 0.364453 0.220139 0.00859375 0.0347222
0 0.332031 0.290972 0.0109375 0.0458333
1 0.647656 0.214583 0.0109375 0.0430556
0 0.671875 0.220833 0.0109375 0.0388889
1 0.351953 0.234028 0.00859375 0.0375
1 0.333594 0.292361 0.009375 0.0458333
0 0.370703 0.191667 0.0117188 0.0361111
0 0.136719 0.522917 0.0140625 0.0652778
1 0.751562 0.288889 0.0109375 0.0472222
1 0.668359 0.233333 0.0117188 0.0388889
0 0.0945313 0.3625 0.0125 0.05
1 0.713672 0.385417 0.0117188 0.0569444
1 0.438281 0.21875 0.009375 0.0402778
0 0.198828 0.244444 0.0101562 0.0444444
1 0.616406 0.247917 0.0109375 0.0402778
1 0.541406 0.347917 0.0109375 0.0486111
0 0.561719 0.389583 0.0140625 0.0541667
0 0.729688 0.295139 0.0125 0.0513889
1 0.579297 0.506944 0.0148437 0.0611111
0 0.571875 0.227778 0.009375 0.0388889
