0 0.441406 0.238194 0.0078125 0.0291667
0 0.161719 0.327083 0.0078125 0.0402778
0 0.544922 0.247917 0.00859375 0.0319444
0 0.444531 0.233333 0.0109375 0.0333333
1 0.579297 0.349306 0.0101562 0.0375
0 0.528906 0.247917 0.009375 0.0402778
1 0.530469 0.247917 0.009375 0.0319444
1 0.624609 0.275694 0.0101562 0.0375
1 0.354688 0.306944 0.009375 0.0361111
0 0.647266 0.263194 0.00859375 0.0375
1 0.839453 0.405556 0.00859375 0.0444444
0 0.377344 0.279861 0.0109375 0.0375
0 0.317578 0.366667 0.0117188 0.0388889
0 0.423047 0.323611 0.0132813 0.0388889
0 0.501562 0.2625 0.009375 0.0333333
1 0.796094 0.303472 0.009375 0.0375
1 0.675391 0.309722 0.0101562 0.0416667
0 0.315234 0.323611 0.00859375 0.0361111
1 0.54375 0.345833 0.0125 0.0444444
0 0.476953 0.372917 0.0132813 0.0458333
1 0.841797 0.482639 0.0117188 0.0652778
0 0.776563 0.414583 0.0109375 0.0486111
1 0.499219 0.452083 0.0171875 0.0430556
4 0.0992187 0.322222 0.0953125 0.0861111
