0 0.217187 0.397222 0.025 0.0416667
0 0.259766 0.375694 0.0101562 0.0430556
0 0.299219 0.395833 0.0109375 0.0333333
0 0.208984 0.397222 0.0101562 0.0361111
1 0.259375 0.374306 0.009375 0.0375
1 0.208984 0.396528 0.0101562 0.0319444
0 0.251172 0.341667 0.0101562 0.0388889
1 0.263281 0.309028 0.009375 0.0375
1 0.465234 0.306944 0.0101562 0.0361111
0 0.258203 0.40625 0.0101562 0.0430556
1 0.811328 0.479167 0.0132813 0.0583333
0 0.290625 0.305556 0.009375 0.0388889
0 0.221875 0.402778 0.0125 0.0416667
0 0.355469 0.343056 0.0078125 0.0361111
0 0.506641 0.327778 0.0117188 0.0416667
0 0.146484 0.425 0.0101562 0.0444444
0 0.604688 0.343056 0.0109375 0.0388889
1 0.477344 0.449306 0.0125 0.0430556
1 0.417969 0.397917 0.0140625 0.0347222
0 0.262891 0.622222 0.0148437 0.0611111
1 0.778516 0.3875 0.0117188 0.0472222
1 0.307813 0.4625 0.0109375 0.0388889
1 0.747266 0.626389 0.0148437 0.0638889
0 0.639063 0.613194 0.01875 0.0569444
4 0.141797 0.289583 0.0757812 0.0819444
