1 0.384375 0.475 0.0125 0.0527778
1 0.394531 0.429167 0.0140625 0.05
1 0.711719 0.306944 0.0109375 0.0416667
1 0.213672 0.363194 0.0101562 0.0430556
1 0.673047 0.207639 0.0101562 0.0291667
1 0.196484 0.386806 0.0101562 0.0430556
0 0.710547 0.305556 0.0117188 0.0444444
0 0.388672 0.327083 0.00859375 0.0458333
0 0.182422 0.354861 0.0117188 0.0458333
1 0.400781 0.200694 0.009375 0.0347222
1 0.308594 0.3 0.0078125 0.0416667
1 0.397266 0.409028 0.0148437 0.0486111
0 0.174219 0.524306 0.0140625 0.0569444
1 0.532812 0.340972 0.009375 0.0430556
0 0.459375 0.525694 0.0125 0.0569444
0 0.144922 0.414583 0.0117188 0.0541667
0 0.711328 0.404861 0.0117188 0.0486111
1 0.898438 0.547222 0.0125 0.0611111
0 0.259375 0.283333 0.0078125 0.0388889
0 0.517187 0.226389 0.009375 0.0361111
1 0.288672 0.689583 0.0164062 0.0708333
0 0.333594 0.397917 0.0125 0.0513889
