1 0.254297 0.238889 0.00546875 0.025
0 0.478516 0.495833 0.0148437 0.05
1 0.335938 0.399306 0.0109375 0.0458333
0 0.345313 0.402083 0.009375 0.0375
0 0.664453 0.270833 0.00703125 0.0305556
0 0.739844 0.368056 0.009375 0.0361111
0 0.196875 0.395139 0.0078125 0.0402778
0 0.3125 0.302778 0.009375 0.0305556
1 0.683203 0.396528 0.0117188 0.0430556
1 0.740234 0.4 0.0117188 0.0472222
1 0.539453 0.369444 0.0132813 0.0361111
0 0.277344 0.516667 0.0109375 0.0472222
1 0.628516 0.296528 0.0117188 0.0347222
1 0.440234 0.427083 0.0101562 0.0430556
0 0.746875 0.473611 0.009375 0.0472222
1 0.666406 0.35625 0.0109375 0.0402778
1 0.580469 0.457639 0.0140625 0.0486111
0 0.487109 0.494444 0.0179687 0.0527778
0 0.859766 0.6375 0.0132813 0.0583333
1 0.622266 0.40625 0.0101562 0.0430556
1 0.698438 0.49375 0.0125 0.0458333
4 0.901172 0.318056 0.0804688 0.0861111
