0 0.246094 0.375694 0.009375 0.0375
0 0.142188 0.3875 0.0171875 0.05
1 0.226953 0.278472 0.00703125 0.0319444
0 0.228125 0.3 0.009375 0.0361111
1 0.141406 0.393056 0.015625 0.0416667
1 0.199609 0.315278 0.00859375 0.0333333
0 0.178516 0.315972 0.00859375 0.0375
0 0.191797 0.348611 0.0101562 0.0361111
1 0.469922 0.259028 0.0117188 0.0347222
0 0.111719 0.367361 0.009375 0.0402778
1 0.770312 0.367361 0.0109375 0.0430556
1 0.526172 0.428472 0.0132813 0.0486111
0 0.333594 0.339583 0.009375 0.0402778
0 0.528906 0.299306 0.0109375 0.0402778
1 0.285547 0.451389 0.0164062 0.05
4 0.104687 0.276389 0.075 0.0833333
0 0.632812 0.317361 0.009375 0.0430556
0 0.695703 0.56875 0.0148437 0.0597222
1 0.816016 0.570139 0.0117188 0.0625
1 0.466406 0.377778 0.015625 0.0444444
0 0.378125 0.581944 0.0140625 0.0583333
1 0.789844 0.436806 0.0125 0.0625
