1 0.941406 0.43125 0.01875 0.0541667
1 0.4 0.236111 0.0078125 0.0333333
1 0.465234 0.788194 0.0164062 0.0708333
0 0.405078 0.350694 0.00859375 0.0430556
1 0.589453 0.240278 0.00859375 0.0305556
0 0.427734 0.230556 0.00703125 0.0333333
0 0.629297 0.275694 0.00859375 0.0319444
1 0.913281 0.491667 0.0171875 0.0527778
1 0.620703 0.343056 0.0101562 0.0361111
0 0.707422 0.434028 0.00859375 0.0513889
1 0.314453 0.316667 0.00859375 0.0361111
0 0.173047 0.455556 0.0117188 0.0527778
0 0.261719 0.288194 0.0078125 0.0402778
1 0.451953 0.40625 0.00859375 0.0458333
0 0.392578 0.442361 0.0101562 0.0458333
0 0.255859 0.56875 0.0148437 0.0569444
1 0.689844 0.305556 0.0109375 0.0388889
0 0.181641 0.359028 0.0117188 0.0458333
1 0.260156 0.339583 0.009375 0.0375
0 0.632422 0.529861 0.0117188 0.0541667
1 0.205859 0.455556 0.0101562 0.05
4 0.958984 0.302083 0.0726563 0.0902778
