1 0.846484 0.376389 0.0179687 0.05
0 0.563672 0.261111 0.00859375 0.0333333
0 0.642969 0.202778 0.009375 0.0333333
0 0.563281 0.211806 0.0109375 0.0319444
1 0.712109 0.275694 0.0117188 0.0430556
1 0.855859 0.366667 0.0148437 0.0388889
0 0.471484 0.244444 0.00859375 0.0416667
0 0.341016 0.222222 0.00859375 0.0361111
1 0.686719 0.246528 0.009375 0.0402778
0 0.840625 0.383333 0.015625 0.0444444
1 0.591797 0.220833 0.00859375 0.0388889
0 0.432422 0.354167 0.0117188 0.0444444
1 0.53125 0.247917 0.0078125 0.0375
0 0.601562 0.284028 0.0125 0.0375
1 0.451562 0.247917 0.0109375 0.0402778
1 0.646484 0.259722 0.00859375 0.0388889
1 0.620703 0.313889 0.0117188 0.0416667
1 0.464063 0.308333 0.0125 0.0472222
0 0.370313 0.572917 0.0125 0.0625
0 0.246094 0.294444 0.0125 0.0444444
1 0.774219 0.457639 0.01875 0.0569444
0 0.221484 0.402778 0.0148437 0.0472222
