1 0.651953 0.205556 0.00703125 0.0333333
1 0.431641 0.2125 0.0101562 0.0333333
1 0.445703 0.422917 0.0132813 0.0708333
1 0.776953 0.223611 0.00859375 0.0361111
0 0.7 0.221528 0.0078125 0.0375
0 0.532812 0.217361 0.0078125 0.0347222
1 0.439063 0.746528 0.0171875 0.0791667
0 0.76875 0.268056 0.009375 0.0388889
1 0.386328 0.2375 0.00859375 0.0388889
0 0.471094 0.243056 0.0078125 0.0361111
0 0.4125 0.317361 0.0109375 0.0430556
1 0.253516 0.331944 0.0101562 0.0472222
0 0.31875 0.241667 0.0109375 0.0361111
0 0.20625 0.385417 0.0140625 0.0486111
0 0.522656 0.454861 0.0109375 0.0569444
1 0.34375 0.375694 0.0109375 0.0486111
0 0.228516 0.323611 0.0117188 0.0472222
1 0.676562 0.29375 0.009375 0.0402778
0 0.204688 0.506944 0.0140625 0.0611111
1 0.865625 0.473611 0.015625 0.0555556
