1 0.530078 0.2375 0.0101562 0.0361111
1 0.725 0.246528 0.0109375 0.0486111
0 0.35625 0.153472 0.009375 0.0319444
0 0.675391 0.20625 0.0101562 0.0402778
1 0.527734 0.246528 0.0148437 0.0597222
0 0.524219 0.253472 0.0140625 0.0458333
1 0.723047 0.232639 0.0101562 0.0347222
1 0.630859 0.1875 0.0117188 0.0416667
0 0.726172 0.2625 0.0117188 0.0416667
0 0.338672 0.175694 0.00859375 0.0430556
1 0.679688 0.257639 0.0078125 0.0402778
1 0.747656 0.292361 0.0125 0.0513889
1 0.583984 0.300694 0.0101562 0.0513889
1 0.410156 0.215278 0.009375 0.0416667
0 0.335938 0.232639 0.009375 0.0513889
0 0.488672 0.302083 0.0148437 0.0569444
0 0.647266 0.235417 0.0117188 0.0430556
1 0.769531 0.369444 0.0125 0.0611111
1 0.316406 0.36875 0.0125 0.0597222
0 0.695703 0.36875 0.0117188 0.0541667
1 0.658984 0.492361 0.0148437 0.0652778
0 0.267188 0.536806 0.0171875 0.0763889
0 0.158984 0.384028 0.0164062 0.0597222
