0 0.557031 0.233333 0.009375 0.0388889
1 0.651563 0.231944 0.009375 0.0388889
0 0.722266 0.246528 0.0101562 0.0347222
0 0.650391 0.275694 0.0101562 0.0375
0 0.275 0.243056 0.0109375 0.0416667
1 0.734375 0.266667 0.009375 0.0388889
1 0.590234 0.271528 0.00859375 0.0402778
1 0.758984 0.283333 0.00859375 0.0416667
0 0.435156 0.311806 0.015625 0.0458333
0 0.427344 0.26875 0.009375 0.0458333
0 0.675 0.338889 0.0109375 0.0444444
0 0.608203 0.246528 0.0101562 0.0402778
1 0.519531 0.310417 0.0125 0.0486111
1 0.479688 0.261111 0.0140625 0.0416667
0 0.178906 0.302778 0.0140625 0.05
0 0.173047 0.381944 0.0164062 0.05
1 0.754297 0.347222 0.0164062 0.05
1 0.664453 0.45 0.0148437 0.0555556
0 0.188281 0.458333 0.0171875 0.0583333
1 0.296094 0.270139 0.009375 0.0430556
1 0.258594 0.374306 0.0125 0.0486111
