1 0.621875 0.330556 0.0078125 0.0305556
0 0.736719 0.484028 0.0125 0.0458333
1 0.705859 0.395139 0.00859375 0.0375
1 0.688672 0.429861 0.0101562 0.0402778
0 0.697656 0.276389 0.00625 0.0277778
1 0.672266 0.488889 0.0101562 0.0472222
1 0.751562 0.426389 0.009375 0.0388889
1 0.639453 0.300694 0.00859375 0.0291667
0 0.335156 0.310417 0.0078125 0.0319444
0 0.880469 0.629861 0.0125 0.0541667
0 0.571484 0.484722 0.0101562 0.0472222
1 0.361719 0.403472 0.0078125 0.0347222
0 0.594141 0.589583 0.0132813 0.0541667
1 0.608594 0.397917 0.0109375 0.0347222
0 0.361328 0.544444 0.0117188 0.0555556
0 0.414453 0.4375 0.0101562 0.0361111
0 0.225 0.405556 0.0125 0.0416667
1 0.790625 0.391667 0.0078125 0.0416667
1 0.517578 0.501389 0.0117188 0.0444444
1 0.751172 0.490278 0.0117188 0.0416667
4 0.873438 0.325694 0.0671875 0.0847222
