1 0.415625 0.420139 0.015625 0.0402778
0 0.144141 0.340972 0.00703125 0.0291667
0 0.414844 0.423611 0.01875 0.0444444
0 0.298438 0.304167 0.0078125 0.0361111
0 0.244531 0.354167 0.0109375 0.0472222
0 0.551172 0.322222 0.0117188 0.0388889
0 0.353516 0.45 0.0132813 0.05
1 0.487891 0.670833 0.0164062 0.0722222
0 0.378125 0.777083 0.0171875 0.0736111
1 0.192188 0.334028 0.009375 0.0430556
0 0.658203 0.873611 0.0273438 0.0833333
0 0.219922 0.434722 0.0101562 0.0527778
1 0.522266 0.341667 0.0179687 0.0388889
0 0.136328 0.525 0.0164062 0.0527778
1 0.512109 0.443056 0.0132813 0.05
1 0.328906 0.422222 0.015625 0.05
0 0.682813 0.35 0.0109375 0.0416667
0 0.391406 0.359028 0.0125 0.0402778
1 0.378906 0.599306 0.015625 0.0597222
1 0.168359 0.456944 0.0117188 0.0472222
1 0.786328 0.530556 0.0210938 0.0583333
1 0.773828 0.801389 0.0242187 0.0666667
1 0.778516 0.397917 0.0179687 0.0486111
4 0.0316406 0.288889 0.0601562 0.0916667
