0 0.446875 0.24375 0.009375 0.0263889
0 0.537109 0.259722 0.00703125 0.0333333
0 0.186719 0.329861 0.0078125 0.0402778
0 0.323438 0.370139 0.009375 0.0375
1 0.360156 0.315278 0.009375 0.0333333
0 0.380859 0.284722 0.00859375 0.0305556
0 0.504687 0.267361 0.009375 0.0347222
1 0.845312 0.411111 0.0109375 0.0416667
0 0.423828 0.331944 0.0101562 0.0388889
0 0.65625 0.272222 0.0078125 0.0361111
1 0.628516 0.2875 0.00859375 0.0361111
1 0.550391 0.352778 0.0117188 0.0416667
1 0.686328 0.320139 0.00703125 0.0402778
0 0.485547 0.381944 0.0132813 0.0416667
1 0.849219 0.488194 0.0125 0.0541667
0 0.321484 0.327083 0.00859375 0.0375
0 0.783594 0.423611 0.0109375 0.0444444
1 0.804297 0.314583 0.0101562 0.0375
1 0.491406 0.454167 0.0125 0.0444444
4 0.129688 0.331944 0.0859375 0.0888889
