1 0.669531 0.215278 0.0078125 0.0333333
1 0.427734 0.213889 0.00703125 0.0305556
0 0.216797 0.335417 0.0117188 0.0486111
1 0.23125 0.345833 0.009375 0.0472222
1 0.767187 0.232639 0.009375 0.0347222
1 0.4375 0.439583 0.0125 0.0625
0 0.708594 0.243056 0.0078125 0.0333333
1 0.657031 0.302083 0.009375 0.0402778
0 0.505078 0.226389 0.00703125 0.0333333
0 0.792969 0.275 0.0109375 0.0388889
0 0.48125 0.265972 0.0078125 0.0375
0 0.296094 0.252778 0.0078125 0.0361111
0 0.412109 0.340278 0.0101562 0.0472222
1 0.385938 0.772222 0.0171875 0.075
0 0.186328 0.529861 0.0148437 0.0652778
0 0.530078 0.472917 0.0117188 0.0569444
1 0.391406 0.247917 0.009375 0.0347222
1 0.28125 0.390972 0.0109375 0.0513889
0 0.195703 0.402778 0.0117188 0.0527778
1 0.897266 0.495139 0.0148437 0.0541667
