0 0.569531 0.252083 0.009375 0.0375
1 0.55 0.243056 0.0078125 0.0416667
0 0.664844 0.200694 0.0078125 0.0375
0 0.350781 0.218056 0.0078125 0.0361111
1 0.701953 0.240972 0.00859375 0.0430556
0 0.584375 0.209028 0.0078125 0.0375
0 0.493359 0.241667 0.00859375 0.0388889
0 0.628906 0.272917 0.009375 0.0402778
1 0.626953 0.311806 0.00859375 0.0430556
1 0.453125 0.245139 0.0078125 0.0375
1 0.473047 0.304167 0.00859375 0.0472222
1 0.659375 0.255556 0.0078125 0.0361111
1 0.615625 0.217361 0.0078125 0.0375
0 0.367969 0.580556 0.0140625 0.0666667
0 0.248828 0.289583 0.0117188 0.0486111
1 0.722266 0.272917 0.0101562 0.0402778
1 0.832422 0.370139 0.0148437 0.0486111
0 0.434766 0.346528 0.0117188 0.0430556
0 0.807422 0.380556 0.0164062 0.0444444
0 0.215625 0.402083 0.0140625 0.0513889
1 0.773047 0.458333 0.0132813 0.0583333
