0 0.663281 0.264583 0.0125 0.0375
0 0.273438 0.453472 0.015625 0.0486111
1 0.691406 0.286111 0.009375 0.0333333
0 0.666406 0.245833 0.009375 0.0277778
1 0.701563 0.272222 0.0078125 0.0333333
0 0.820703 0.373611 0.0101562 0.0416667
1 0.708984 0.324306 0.00859375 0.0347222
1 0.577344 0.322917 0.0140625 0.0375
1 0.809766 0.3875 0.0117188 0.0361111
0 0.659375 0.272222 0.009375 0.0305556
0 0.752344 0.347917 0.0078125 0.0402778
0 0.292188 0.311111 0.009375 0.0388889
1 0.138672 0.4 0.0132813 0.0444444
1 0.783203 0.339583 0.00859375 0.0347222
0 0.299609 0.552083 0.0148437 0.0541667
0 0.267578 0.447222 0.0132813 0.0444444
0 0.581641 0.418056 0.0148437 0.0444444
1 0.635156 0.4375 0.0109375 0.0472222
0 0.421484 0.326389 0.0101562 0.0361111
1 0.799219 0.464583 0.0125 0.0458333
0 0.209375 0.395833 0.0140625 0.0444444
1 0.283203 0.469444 0.0117188 0.0416667
4 0.963281 0.329167 0.071875 0.0944444
