0 0.566797 0.318056 0.00859375 0.0388889
0 0.499609 0.235417 0.00859375 0.0291667
1 0.498047 0.233333 0.00859375 0.0305556
0 0.585938 0.229861 0.0078125 0.0402778
0 0.273047 0.301389 0.00859375 0.0388889
1 0.578516 0.303472 0.00703125 0.0319444
0 0.585156 0.242361 0.0078125 0.0375
0 0.491797 0.254861 0.00859375 0.0263889
1 0.459766 0.236806 0.00703125 0.0291667
0 0.507812 0.321528 0.0078125 0.0430556
0 0.517187 0.266667 0.0078125 0.0388889
0 0.440234 0.267361 0.00703125 0.0347222
0 0.637891 0.277778 0.00859375 0.0333333
1 0.424219 0.326389 0.0078125 0.0388889
0 0.369922 0.320833 0.00859375 0.0444444
1 0.851953 0.424306 0.0132813 0.0541667
1 0.619531 0.25 0.009375 0.0361111
1 0.833594 0.303472 0.009375 0.0402778
0 0.327344 0.388194 0.009375 0.0458333
0 0.477734 0.377083 0.00859375 0.0458333
1 0.748438 0.336111 0.0078125 0.0416667
1 0.804297 0.522917 0.0148437 0.0569444
0 0.783984 0.425694 0.0132813 0.0513889
1 0.503906 0.45 0.0140625 0.0444444
4 0.185937 0.309722 0.0890625 0.0916667
