1 0.958203 0.377778 0.0132813 0.0444444
0 0.149219 0.40625 0.0125 0.0486111
0 0.382422 0.45 0.0132813 0.0527778
1 0.147266 0.404167 0.0132813 0.05
1 0.201172 0.355556 0.0101562 0.0472222
1 0.250391 0.425 0.0132813 0.0583333
1 0.562891 0.241667 0.00859375 0.0333333
0 0.666406 0.302778 0.009375 0.0361111
1 0.201953 0.649306 0.0117188 0.0652778
1 0.46875 0.336806 0.009375 0.0430556
0 0.457031 0.245139 0.009375 0.0375
0 0.180859 0.347917 0.00859375 0.0458333
1 0.654297 0.325 0.00859375 0.0388889
1 0.378906 0.215278 0.0078125 0.0333333
0 0.278125 0.382639 0.009375 0.0486111
0 0.356641 0.513889 0.0132813 0.0527778
0 0.878125 0.413194 0.0109375 0.0486111
0 0.345703 0.302778 0.00859375 0.0388889
0 0.246484 0.286806 0.00859375 0.0402778
0 0.140625 0.478472 0.0109375 0.0569444
1 0.295703 0.29375 0.00859375 0.0402778
1 0.88125 0.617361 0.0203125 0.0625
