0 0.901563 0.371528 0.0125 0.0347222
1 0.194922 0.229167 0.00703125 0.0305556
1 0.550781 0.344444 0.009375 0.0416667
0 0.323828 0.334028 0.00859375 0.0402778
1 0.552734 0.352778 0.00859375 0.0333333
1 0.422266 0.252083 0.00859375 0.0319444
1 0.310937 0.295833 0.0078125 0.0333333
1 0.574219 0.274306 0.0078125 0.0347222
1 0.327344 0.302083 0.0078125 0.0347222
0 0.469141 0.4125 0.0101562 0.0444444
1 0.628516 0.308333 0.00859375 0.0361111
1 0.545703 0.323611 0.00859375 0.0333333
0 0.230078 0.275 0.00859375 0.0333333
0 0.450391 0.229167 0.00703125 0.0305556
1 0.379687 0.411111 0.0109375 0.0472222
1 0.726172 0.378472 0.0101562 0.0458333
0 0.533203 0.252083 0.00859375 0.0319444
0 0.666797 0.420139 0.00859375 0.0375
0 0.591797 0.381944 0.00859375 0.0416667
1 0.722266 0.514583 0.0117188 0.0486111
0 0.154687 0.352083 0.0109375 0.0458333
0 0.187891 0.447917 0.0148437 0.0513889
0 0.337891 0.554167 0.0148437 0.0583333
4 0.914062 0.306944 0.08125 0.0916667
