0 0.517969 0.320139 0.009375 0.0347222
1 0.637109 0.269444 0.00703125 0.0333333
0 0.361719 0.279861 0.0078125 0.0347222
1 0.535547 0.359722 0.00859375 0.0416667
0 0.719531 0.320833 0.0125 0.0361111
1 0.465234 0.442361 0.0164062 0.0430556
0 0.744141 0.472222 0.0117188 0.0416667
1 0.635547 0.326389 0.00859375 0.0361111
0 0.677344 0.257639 0.009375 0.0347222
0 0.431641 0.503472 0.0132813 0.0541667
0 0.453516 0.385417 0.0132813 0.0402778
1 0.733203 0.425 0.0117188 0.0444444
0 0.296484 0.363194 0.0101562 0.0430556
1 0.701172 0.3875 0.0101562 0.0444444
0 0.878516 0.689583 0.0132813 0.0652778
1 0.576953 0.389583 0.0101562 0.0430556
0 0.250781 0.449306 0.0171875 0.0458333
1 0.407031 0.34375 0.009375 0.0375
1 0.414844 0.401389 0.009375 0.0416667
1 0.70625 0.540278 0.0125 0.0555556
