0 0.646094 0.193056 0.0125 0.0361111
1 0.675391 0.195139 0.0101562 0.0375
0 0.360547 0.200694 0.0101562 0.0402778
1 0.741016 0.293056 0.0132813 0.0444444
1 0.635156 0.236111 0.009375 0.0444444
1 0.549609 0.228472 0.0117188 0.0486111
1 0.701953 0.238889 0.0101562 0.0305556
0 0.442578 0.289583 0.0117188 0.0486111
0 0.476172 0.241667 0.00859375 0.0444444
0 0.224609 0.459722 0.0148437 0.0638889
0 0.714453 0.265278 0.0101562 0.0444444
1 0.317187 0.354861 0.0109375 0.0541667
0 0.662891 0.225694 0.0117188 0.0319444
1 0.758594 0.363194 0.015625 0.0513889
0 0.275391 0.264583 0.0117188 0.0513889
0 0.674219 0.332639 0.0140625 0.0513889
1 0.394922 0.226389 0.0101562 0.0416667
1 0.558984 0.28125 0.0117188 0.0486111
0 0.226953 0.353472 0.0132813 0.0597222
1 0.666016 0.471528 0.0179687 0.0597222
