1 0.557422 0.338194 0.0117188 0.0402778
1 0.710547 0.293056 0.0101562 0.0333333
0 0.630859 0.239583 0.0117188 0.0291667
1 0.721484 0.266667 0.00859375 0.0277778
1 0.826953 0.377778 0.0101562 0.0444444
0 0.803125 0.384028 0.0109375 0.0402778
0 0.323828 0.297917 0.00859375 0.0375
0 0.654297 0.252083 0.0132813 0.0291667
0 0.299609 0.431944 0.0148437 0.0472222
0 0.842578 0.415972 0.0101562 0.0430556
0 0.439453 0.322222 0.0117188 0.0361111
1 0.815625 0.450694 0.0109375 0.0430556
0 0.246094 0.379861 0.0125 0.0430556
1 0.728125 0.3625 0.0109375 0.0388889
1 0.138672 0.393056 0.0101562 0.0416667
1 0.802734 0.509028 0.0164062 0.0458333
1 0.275391 0.482639 0.0117188 0.0486111
1 0.644141 0.473611 0.0132813 0.0527778
0 0.316406 0.552083 0.01875 0.0513889
0 0.5625 0.436806 0.015625 0.0486111
