0 0.675781 0.229167 0.0109375 0.0388889
0 0.7125 0.358333 0.009375 0.0444444
1 0.0546875 0.194444 0.009375 0.0388889
0 0.35 0.172917 0.009375 0.0402778
0 0.348437 0.160417 0.009375 0.0375
1 0.757422 0.290278 0.0101562 0.0388889
0 0.673828 0.200694 0.00859375 0.0375
1 0.733594 0.246528 0.009375 0.0430556
0 0.733984 0.263889 0.0101562 0.0388889
0 0.673047 0.2375 0.00859375 0.0416667
0 0.352734 0.178472 0.00703125 0.0402778
0 0.5375 0.259722 0.009375 0.0388889
1 0.649219 0.190278 0.0125 0.0444444
1 0.6875 0.254861 0.009375 0.0458333
1 0.598828 0.301389 0.0132813 0.0527778
1 0.546875 0.245139 0.009375 0.0458333
1 0.732031 0.236111 0.0078125 0.0333333
0 0.711719 0.375 0.0109375 0.0611111
1 0.755078 0.3 0.0101562 0.0527778
0 0.498828 0.294444 0.0132813 0.0527778
0 0.348437 0.236806 0.0109375 0.0430556
1 0.419141 0.215972 0.0101562 0.0402778
1 0.780859 0.372222 0.0132813 0.0555556
1 0.329297 0.364583 0.0117188 0.0569444
0 0.169531 0.383333 0.015625 0.0583333
0 0.246875 0.521528 0.015625 0.0708333
1 0.682813 0.495139 0.0171875 0.0652778
