0 0.720312 0.363889 0.00625 0.0222222
0 0.591406 0.348611 0.0125 0.0416667
0 0.548828 0.286111 0.00859375 0.0333333
1 0.411719 0.274306 0.009375 0.0402778
0 0.586328 0.321528 0.0101562 0.0347222
0 0.560156 0.208333 0.00625 0.0333333
1 0.4375 0.26875 0.0078125 0.0375
1 0.592188 0.35 0.0125 0.0416667
0 0.479297 0.376389 0.0148437 0.0472222
1 0.592969 0.284028 0.0078125 0.0319444
0 0.394922 0.278472 0.00703125 0.0347222
0 0.541797 0.227083 0.00859375 0.0375
1 0.676562 0.298611 0.0125 0.0388889
0 0.361328 0.568056 0.0148437 0.0611111
1 0.404297 0.338194 0.00859375 0.0430556
0 0.283594 0.247917 0.0078125 0.0347222
0 0.201562 0.320833 0.0109375 0.0472222
1 0.517578 0.236806 0.00859375 0.0375
0 0.801172 0.394444 0.00859375 0.0416667
1 0.650781 0.2625 0.0125 0.0361111
1 0.797266 0.455556 0.0132813 0.05
0 0.200781 0.426389 0.0125 0.05
1 0.825391 0.359722 0.00859375 0.0416667
