0 0.682031 0.320139 0.0109375 0.0347222
1 0.609375 0.275 0.009375 0.0388889
0 0.501172 0.261111 0.00859375 0.0333333
0 0.502344 0.295833 0.009375 0.0361111
1 0.789844 0.384028 0.009375 0.0430556
0 0.400391 0.309028 0.00859375 0.0375
0 0.609766 0.275694 0.00859375 0.0375
1 0.515234 0.276389 0.00859375 0.0361111
0 0.275781 0.500694 0.0125 0.0597222
1 0.455469 0.347222 0.0078125 0.0388889
0 0.769531 0.378472 0.0109375 0.0430556
0 0.582812 0.250694 0.009375 0.0319444
0 0.530078 0.359722 0.0132813 0.0444444
1 0.810156 0.472222 0.0125 0.0666667
1 0.689844 0.348611 0.009375 0.0416667
1 0.747656 0.304861 0.009375 0.0402778
1 0.586719 0.349306 0.009375 0.0430556
0 0.291406 0.372917 0.0109375 0.0375
0 0.605859 0.447222 0.0132813 0.05
1 0.544922 0.283333 0.00859375 0.0361111
1 0.571094 0.51875 0.0125 0.0569444
4 0.09375 0.333333 0.0859375 0.0944444
