0 0.394922 0.452083 0.0132813 0.0458333
1 0.394531 0.451389 0.0140625 0.0472222
0 0.196484 0.363194 0.0117188 0.0430556
0 0.639063 0.320833 0.0109375 0.05
1 0.197266 0.363194 0.0101562 0.0402778
1 0.136719 0.426389 0.0140625 0.0472222
1 0.6375 0.325 0.0109375 0.0472222
0 0.128906 0.504861 0.0140625 0.0513889
0 0.246484 0.298611 0.0101562 0.0388889
0 0.339063 0.325 0.009375 0.0333333
0 0.857813 0.445139 0.009375 0.0430556
1 0.166406 0.686806 0.0140625 0.0625
1 0.903125 0.680556 0.0171875 0.0722222
0 0.437109 0.2625 0.00859375 0.0333333
1 0.278516 0.306944 0.00859375 0.0361111
0 0.254297 0.407639 0.0101562 0.0430556
0 0.326172 0.5375 0.0117188 0.05
1 0.370703 0.226389 0.00859375 0.0333333
1 0.540625 0.263889 0.0078125 0.0361111
1 0.454297 0.348611 0.0101562 0.0444444
1 0.231641 0.450694 0.0117188 0.0486111
