0 0.247266 0.375 0.00859375 0.0388889
1 0.225 0.275694 0.0078125 0.0291667
0 0.142969 0.3875 0.0171875 0.05
0 0.226953 0.300694 0.00859375 0.0347222
1 0.141016 0.394444 0.0148437 0.0388889
1 0.199219 0.313889 0.0078125 0.0333333
0 0.179297 0.316667 0.00859375 0.0416667
0 0.191016 0.348611 0.00859375 0.0388889
1 0.770312 0.367361 0.009375 0.0430556
0 0.111719 0.36875 0.009375 0.0402778
0 0.334375 0.340972 0.009375 0.0375
1 0.470313 0.258333 0.0109375 0.0361111
0 0.528906 0.298611 0.009375 0.0388889
1 0.526172 0.427778 0.0132813 0.05
4 0.103516 0.277083 0.0742188 0.0819444
1 0.286328 0.453472 0.0164062 0.0486111
0 0.632812 0.317361 0.009375 0.0430556
1 0.467187 0.377083 0.015625 0.0458333
0 0.696094 0.568056 0.0171875 0.0611111
1 0.815625 0.56875 0.0109375 0.0625
1 0.789844 0.439583 0.0125 0.0569444
0 0.380078 0.583333 0.0132813 0.0583333
