0 0.523047 0.280556 0.0117188 0.0305556
0 0.508594 0.272917 0.0078125 0.0263889
1 0.536328 0.285417 0.00703125 0.0347222
1 0.632031 0.253472 0.0078125 0.0347222
1 0.401953 0.320139 0.00859375 0.0375
0 0.390625 0.326389 0.0078125 0.0361111
0 0.592578 0.256944 0.00703125 0.0333333
0 0.298828 0.386806 0.0101562 0.0486111
0 0.634766 0.284722 0.00859375 0.0333333
0 0.442969 0.380556 0.009375 0.0444444
0 0.486328 0.313889 0.0117188 0.0444444
0 0.460547 0.282639 0.00859375 0.0402778
1 0.579687 0.315278 0.009375 0.0361111
1 0.849609 0.428472 0.0101562 0.0513889
1 0.848437 0.324306 0.009375 0.0402778
1 0.714063 0.34375 0.009375 0.0458333
1 0.782812 0.527778 0.0125 0.0555556
1 0.385938 0.454861 0.015625 0.0513889
0 0.778906 0.438194 0.0125 0.0541667
4 0.180859 0.319444 0.0945313 0.0944444
