1 0.457812 0.357639 0.0140625 0.0486111
1 0.426172 0.400694 0.0148437 0.0625
0 0.426953 0.416667 0.0148437 0.05
1 0.423828 0.389583 0.0132813 0.0375
0 0.384375 0.415278 0.0234375 0.0472222
0 0.677344 0.279167 0.0125 0.0388889
0 0.222656 0.325694 0.0125 0.0430556
0 0.642969 0.504167 0.0140625 0.0638889
1 0.537891 0.614583 0.0164062 0.0680556
0 0.695703 0.259722 0.0101562 0.0416667
1 0.672656 0.330556 0.0125 0.0472222
0 0.336328 0.265972 0.0117188 0.0375
1 0.241797 0.359028 0.0132813 0.0430556
1 0.123047 0.508333 0.0148437 0.0638889
0 0.751953 0.763194 0.0226563 0.0819444
1 0.655859 0.239583 0.0101562 0.0375
1 0.782031 0.504861 0.0140625 0.0625
1 0.532422 0.449306 0.0117188 0.0569444
0 0.381641 0.490972 0.0195312 0.0569444
0 0.171094 0.422222 0.015625 0.0555556
1 0.797266 0.41875 0.0179687 0.0569444
