1 0.515625 0.361806 0.0109375 0.0430556
1 0.633984 0.302778 0.00859375 0.0388889
1 0.539844 0.330556 0.009375 0.0388889
1 0.398828 0.246528 0.00703125 0.0319444
1 0.310547 0.307639 0.00859375 0.0375
1 0.735547 0.392361 0.00859375 0.0430556
0 0.650391 0.469444 0.0132813 0.0472222
0 0.435547 0.229861 0.00703125 0.0319444
1 0.564453 0.263194 0.00859375 0.0347222
1 0.280078 0.3125 0.00859375 0.0361111
0 0.323828 0.353472 0.00859375 0.0402778
0 0.540625 0.254861 0.0078125 0.0347222
0 0.605859 0.392361 0.0101562 0.0458333
1 0.672656 0.6 0.0109375 0.0555556
0 0.430078 0.433333 0.0101562 0.0527778
0 0.229297 0.282639 0.00859375 0.0347222
1 0.321484 0.448611 0.0117188 0.0472222
0 0.164062 0.357639 0.0109375 0.0458333
0 0.305469 0.553472 0.015625 0.0569444
0 0.173828 0.465972 0.0148437 0.0513889
4 0.904297 0.302778 0.0835937 0.0916667
