0 0.522266 0.265972 0.00859375 0.0458333
0 0.367188 0.211111 0.0078125 0.0416667
0 0.364453 0.225 0.0101562 0.0416667
1 0.3625 0.225 0.009375 0.0416667
1 0.669531 0.210417 0.009375 0.0375
0 0.328125 0.288194 0.009375 0.0458333
1 0.341406 0.284722 0.009375 0.0388889
1 0.55 0.34375 0.009375 0.0513889
1 0.762891 0.2875 0.00859375 0.0472222
1 0.69375 0.228472 0.009375 0.0402778
1 0.722266 0.38125 0.0101562 0.0541667
0 0.0894531 0.361806 0.00859375 0.0513889
0 0.576563 0.390972 0.0125 0.0541667
0 0.384375 0.186806 0.0140625 0.0347222
0 0.555859 0.220139 0.00859375 0.0430556
1 0.448438 0.215972 0.009375 0.0402778
1 0.604297 0.238194 0.00859375 0.0430556
0 0.739453 0.297222 0.0101562 0.0527778
0 0.188672 0.239583 0.0101562 0.0458333
1 0.582031 0.507639 0.0140625 0.0625
0 0.140625 0.527778 0.0140625 0.0638889
