0 0.705078 0.270833 0.0117188 0.0444444
0 0.699219 0.265972 0.0109375 0.0430556
1 0.710156 0.258333 0.0109375 0.0388889
1 0.665625 0.204167 0.009375 0.0388889
1 0.75625 0.282639 0.0109375 0.0486111
0 0.428906 0.295833 0.0125 0.0444444
0 0.638281 0.206944 0.0109375 0.0388889
0 0.678516 0.229167 0.0117188 0.0361111
0 0.327734 0.210417 0.00859375 0.0430556
0 0.201562 0.356944 0.009375 0.0583333
0 0.230469 0.272222 0.0140625 0.05
1 0.293359 0.359028 0.0132813 0.0541667
0 0.659375 0.330556 0.0140625 0.0472222
1 0.6125 0.243056 0.0109375 0.0416667
0 0.203906 0.452083 0.0125 0.0597222
1 0.354297 0.238889 0.00859375 0.0416667
1 0.517578 0.238889 0.0117188 0.0444444
1 0.538281 0.285417 0.015625 0.0486111
1 0.659375 0.461111 0.0203125 0.0638889
1 0.758203 0.35625 0.0195312 0.0513889
0 0.445703 0.249306 0.0132813 0.0402778
