0 0.270312 0.202083 0.0109375 0.0319444
1 0.444141 0.210417 0.00859375 0.0347222
0 0.448047 0.227778 0.0117188 0.0444444
1 0.649609 0.208333 0.0117188 0.0333333
1 0.360547 0.34375 0.0148437 0.0402778
0 0.548437 0.216667 0.0109375 0.0333333
0 0.288672 0.232639 0.0117188 0.0375
1 0.790234 0.230556 0.0101562 0.0361111
0 0.702734 0.227083 0.00859375 0.0375
1 0.474219 0.718056 0.015625 0.0805556
1 0.379687 0.229167 0.0078125 0.0361111
1 0.683203 0.288889 0.0101562 0.0388889
0 0.767578 0.270139 0.00859375 0.0402778
0 0.385938 0.306944 0.0140625 0.0416667
0 0.21875 0.311806 0.0140625 0.0458333
1 0.260938 0.314583 0.0125 0.0430556
1 0.458984 0.41875 0.0117188 0.0597222
0 0.203516 0.375 0.0148437 0.0472222
0 0.206641 0.495139 0.0132813 0.0569444
0 0.522656 0.446528 0.015625 0.0486111
1 0.839063 0.458333 0.0171875 0.0555556
