0 0.680859 0.379861 0.00703125 0.0208333
0 0.535547 0.302778 0.00859375 0.0388889
1 0.380469 0.284722 0.0078125 0.0444444
0 0.609375 0.369444 0.0125 0.0333333
1 0.609766 0.370139 0.0117188 0.0319444
1 0.391797 0.275694 0.00703125 0.0375
0 0.592969 0.347222 0.009375 0.0388889
0 0.536719 0.235417 0.009375 0.0291667
1 0.630859 0.268056 0.00859375 0.0361111
0 0.258984 0.257639 0.00703125 0.0375
0 0.364453 0.295139 0.00859375 0.0319444
1 0.489844 0.243056 0.0078125 0.0333333
1 0.392188 0.353472 0.0109375 0.0430556
1 0.662891 0.309028 0.00859375 0.0402778
0 0.519141 0.214583 0.00703125 0.0319444
1 0.577734 0.300694 0.00859375 0.0402778
4 0.985937 0.325694 0.028125 0.0958333
0 0.176953 0.332639 0.0101562 0.0458333
0 0.516016 0.381944 0.0132813 0.0388889
0 0.724219 0.400694 0.009375 0.0486111
0 0.360938 0.560417 0.0140625 0.0625
0 0.191016 0.434028 0.0148437 0.0513889
1 0.775 0.358333 0.009375 0.0444444
1 0.767187 0.456944 0.0109375 0.0555556
