0 0.591797 0.291667 0.00703125 0.0277778
1 0.694141 0.339583 0.0101562 0.0319444
0 0.594531 0.295139 0.009375 0.0319444
1 0.152734 0.270139 0.00703125 0.0291667
1 0.544922 0.309722 0.00703125 0.0305556
1 0.528906 0.316667 0.009375 0.0333333
1 0.596094 0.299306 0.009375 0.0319444
1 0.598437 0.306944 0.0078125 0.0277778
0 0.694531 0.338889 0.009375 0.0305556
1 0.585156 0.334722 0.009375 0.0388889
0 0.720312 0.342361 0.0078125 0.0291667
0 0.596875 0.377778 0.0078125 0.0444444
1 0.617188 0.340278 0.009375 0.0361111
0 0.164844 0.477778 0.0109375 0.0555556
0 0.627734 0.305556 0.00703125 0.0333333
1 0.249219 0.445833 0.0109375 0.0416667
1 0.678516 0.374306 0.00859375 0.0430556
0 0.502734 0.4125 0.0117188 0.0444444
1 0.717578 0.427778 0.0101562 0.0416667
0 0.232422 0.566667 0.0117188 0.0555556
0 0.09375 0.427083 0.0109375 0.0486111
0 0.329297 0.358333 0.0101562 0.0388889
0 0.195703 0.340278 0.00859375 0.0388889
1 0.551953 0.438889 0.0132813 0.0444444
1 0.158984 0.417361 0.0132813 0.0430556
4 0.801953 0.315972 0.0773437 0.0902778
