0 0.419531 0.405556 0.0203125 0.0583333
0 0.899609 0.330556 0.0132813 0.0555556
0 0.901563 0.3125 0.0125 0.0444444
1 0.532031 0.208333 0.0078125 0.0305556
0 0.520312 0.236111 0.0078125 0.0333333
1 0.505469 0.270139 0.0078125 0.0347222
1 0.434375 0.417361 0.0140625 0.0513889
0 0.172656 0.435417 0.0140625 0.0513889
0 0.323438 0.255556 0.009375 0.0388889
1 0.722656 0.609722 0.0140625 0.0638889
0 0.705859 0.289583 0.00859375 0.0402778
1 0.603516 0.345833 0.0101562 0.0472222
0 0.721094 0.36875 0.009375 0.0458333
1 0.280859 0.454861 0.0148437 0.0541667
0 0.202344 0.350694 0.0125 0.0458333
1 0.934375 0.445139 0.0140625 0.0597222
0 0.243359 0.518056 0.0117188 0.0583333
0 0.648047 0.505556 0.0132813 0.0555556
0 0.407813 0.396528 0.0140625 0.0486111
0 0.376563 0.30625 0.009375 0.0430556
1 0.658594 0.226389 0.0078125 0.0388889
1 0.764453 0.301389 0.0101562 0.0444444
1 0.239453 0.370833 0.0132813 0.05
