0 0.264062 0.180556 0.0078125 0.025
0 0.473047 0.411806 0.00859375 0.0458333
0 0.408594 0.421528 0.01875 0.0541667
1 0.520312 0.206944 0.0078125 0.0305556
0 0.517969 0.241667 0.0078125 0.0416667
1 0.605078 0.356944 0.00859375 0.0472222
0 0.326172 0.258333 0.0101562 0.0388889
0 0.194922 0.359028 0.0117188 0.0458333
1 0.714063 0.640972 0.0140625 0.0680556
1 0.672656 0.225694 0.009375 0.0375
1 0.494141 0.270139 0.00859375 0.0375
0 0.730859 0.380556 0.00859375 0.0472222
0 0.394531 0.400694 0.0140625 0.0513889
1 0.758203 0.307639 0.0101562 0.0402778
0 0.372266 0.311806 0.00859375 0.0402778
0 0.626562 0.513194 0.0125 0.0597222
0 0.239063 0.521528 0.0140625 0.0597222
1 0.416797 0.425 0.0148437 0.05
0 0.169531 0.443056 0.0125 0.0527778
0 0.701953 0.29375 0.00859375 0.0347222
1 0.270703 0.472222 0.0179687 0.0527778
1 0.927734 0.456944 0.0117188 0.0555556
1 0.232422 0.380556 0.0132813 0.0416667
