0 0.9375 0.415972 0.0125 0.0541667
0 0.587891 0.252778 0.00703125 0.0333333
1 0.587891 0.250694 0.00703125 0.0347222
1 0.487891 0.381944 0.0101562 0.0472222
1 0.663281 0.298611 0.0078125 0.0361111
0 0.446484 0.226389 0.00703125 0.0305556
1 0.408203 0.239583 0.00859375 0.0319444
0 0.254297 0.277778 0.00859375 0.0388889
0 0.414062 0.431944 0.0125 0.0472222
0 0.663672 0.501389 0.0117188 0.0527778
0 0.172656 0.459028 0.0140625 0.0458333
0 0.354297 0.347917 0.00859375 0.0486111
1 0.557031 0.333333 0.0109375 0.0388889
1 0.261328 0.459028 0.0132813 0.0486111
0 0.659766 0.403472 0.0101562 0.0430556
1 0.326953 0.308333 0.00859375 0.0361111
1 0.590234 0.702083 0.0210938 0.0680556
0 0.190234 0.352083 0.0101562 0.0430556
1 0.804688 0.426389 0.0140625 0.0416667
1 0.279297 0.325 0.00859375 0.0361111
0 0.296094 0.55 0.0171875 0.0555556
4 0.937891 0.300694 0.0773437 0.0902778
