0 0.774609 0.314583 0.0101562 0.0430556
1 0.226562 0.409722 0.0140625 0.0583333
0 0.623828 0.278472 0.00703125 0.0347222
1 0.504687 0.247222 0.009375 0.0388889
0 0.232812 0.288889 0.009375 0.0416667
1 0.589844 0.244444 0.0078125 0.0361111
1 0.559375 0.325694 0.009375 0.0402778
0 0.576563 0.370833 0.009375 0.0388889
0 0.335156 0.31875 0.0078125 0.0375
0 0.479297 0.252083 0.00859375 0.0375
0 0.702344 0.447917 0.0125 0.0430556
0 0.120312 0.380556 0.0109375 0.05
1 0.489453 0.285417 0.0117188 0.0402778
1 0.460547 0.425694 0.0148437 0.0486111
1 0.641797 0.310417 0.0101562 0.0402778
0 0.180078 0.5375 0.0132813 0.0583333
1 0.779688 0.386806 0.0109375 0.0458333
1 0.221484 0.38125 0.0117188 0.0458333
0 0.132812 0.448611 0.015625 0.0527778
1 0.23125 0.415278 0.0125 0.05
0 0.414453 0.390278 0.0101562 0.0527778
1 0.717578 0.520833 0.0132813 0.0527778
4 0.905469 0.286806 0.0796875 0.0902778
