0 0.740234 0.256944 0.00703125 0.0277778
1 0.725781 0.268056 0.009375 0.0388889
1 0.744922 0.292361 0.00859375 0.0402778
1 0.588672 0.277778 0.0132813 0.0361111
0 0.262891 0.253472 0.00859375 0.0375
0 0.602734 0.254167 0.00859375 0.0361111
1 0.641406 0.236806 0.0125 0.0402778
0 0.641016 0.286111 0.0117188 0.0416667
0 0.167187 0.313194 0.0125 0.0486111
0 0.441016 0.322222 0.0132813 0.0444444
1 0.742969 0.347222 0.0140625 0.0444444
0 0.679297 0.340972 0.0117188 0.0430556
1 0.470313 0.269444 0.0109375 0.0444444
1 0.517187 0.320139 0.0140625 0.0486111
0 0.167969 0.391667 0.015625 0.0472222
0 0.420703 0.275 0.0132813 0.0388889
1 0.253516 0.377083 0.00859375 0.0513889
1 0.278516 0.283333 0.00859375 0.0416667
1 0.665234 0.445139 0.0148437 0.0513889
0 0.197656 0.464583 0.0125 0.0541667
