0 0.709375 0.309028 0.0140625 0.0430556
1 0.711719 0.309722 0.0109375 0.0416667
1 0.2125 0.359028 0.009375 0.0486111
1 0.663281 0.209722 0.0078125 0.0305556
1 0.398047 0.198611 0.00703125 0.0305556
0 0.524609 0.223611 0.00859375 0.0388889
1 0.523438 0.338194 0.0109375 0.0430556
0 0.178906 0.350694 0.009375 0.0375
1 0.189844 0.383333 0.009375 0.0416667
1 0.379297 0.407639 0.0132813 0.0513889
1 0.308594 0.295833 0.0078125 0.0416667
0 0.447656 0.51875 0.0109375 0.0597222
0 0.146484 0.407639 0.0117188 0.0513889
0 0.259766 0.278472 0.00859375 0.0402778
0 0.381641 0.316667 0.0101562 0.0416667
1 0.278906 0.680556 0.015625 0.0694444
0 0.710938 0.402083 0.0125 0.0486111
1 0.894141 0.549306 0.0132813 0.0625
0 0.166797 0.515972 0.0132813 0.0597222
0 0.329688 0.384722 0.0125 0.0527778
