0 0.45625 0.374306 0.009375 0.0347222
1 0.455078 0.377083 0.0117188 0.0402778
0 0.878125 0.305556 0.009375 0.0333333
0 0.514063 0.235417 0.009375 0.0375
1 0.536719 0.215972 0.009375 0.0375
1 0.275 0.433333 0.0140625 0.0472222
1 0.508203 0.274306 0.00859375 0.0347222
0 0.683203 0.361111 0.0101562 0.0472222
1 0.654297 0.226389 0.00859375 0.0361111
0 0.307031 0.261111 0.009375 0.0388889
1 0.451953 0.413194 0.0132813 0.0486111
1 0.592578 0.333333 0.0117188 0.0444444
0 0.171484 0.434028 0.0117188 0.0486111
0 0.193359 0.349306 0.0117188 0.0458333
1 0.753906 0.299306 0.0109375 0.0430556
0 0.692578 0.283333 0.00859375 0.0416667
1 0.723437 0.573611 0.0140625 0.0583333
1 0.905859 0.421528 0.0132813 0.0541667
0 0.227344 0.517361 0.0125 0.0625
1 0.245312 0.3625 0.0109375 0.0444444
0 0.672266 0.502778 0.0132813 0.0555556
0 0.416797 0.393056 0.0148437 0.0527778
0 0.375781 0.306944 0.009375 0.0416667
4 0.986328 0.286111 0.0273438 0.0888889
