0 0.621094 0.309028 0.0078125 0.0347222
1 0.646094 0.379167 0.009375 0.0333333
1 0.606641 0.286111 0.00703125 0.0305556
0 0.635547 0.388889 0.0117188 0.0333333
0 0.708594 0.265972 0.0078125 0.0319444
0 0.306641 0.305556 0.00703125 0.0305556
1 0.74375 0.411806 0.0125 0.0402778
1 0.662891 0.515278 0.0132813 0.05
0 0.398438 0.431944 0.009375 0.0444444
1 0.509375 0.526389 0.0109375 0.0527778
0 0.727344 0.473611 0.0109375 0.0388889
0 0.582031 0.488889 0.0109375 0.0472222
1 0.790234 0.367361 0.0101562 0.0347222
0 0.623438 0.627778 0.0125 0.0611111
1 0.569141 0.394444 0.0117188 0.0416667
0 0.351172 0.559722 0.0132813 0.0527778
0 0.198437 0.403472 0.0109375 0.0458333
1 0.321875 0.392361 0.009375 0.0375
1 0.791797 0.513194 0.0117188 0.0486111
0 0.870703 0.624306 0.0148437 0.0569444
1 0.658203 0.436806 0.0132813 0.0375
4 0.860937 0.319444 0.075 0.0833333
