0 0.213672 0.216667 0.00859375 0.0333333
1 0.485547 0.214583 0.0101562 0.0375
1 0.660156 0.221528 0.009375 0.0430556
0 0.598828 0.216667 0.00859375 0.0388889
0 0.51875 0.444444 0.0109375 0.0583333
1 0.675391 0.295139 0.0101562 0.0402778
1 0.312109 0.3125 0.0117188 0.0416667
0 0.419922 0.241667 0.00859375 0.0388889
1 0.232812 0.284722 0.0109375 0.0388889
0 0.728516 0.240278 0.0101562 0.0361111
0 0.166406 0.3 0.0125 0.05
1 0.791406 0.258333 0.009375 0.0361111
1 0.390234 0.231944 0.0101562 0.0388889
0 0.330469 0.313194 0.0140625 0.0458333
0 0.153125 0.370139 0.0140625 0.0513889
0 0.784375 0.29375 0.0125 0.0347222
1 0.519531 0.622222 0.0140625 0.0722222
1 0.767187 0.438889 0.015625 0.0583333
0 0.158203 0.476389 0.0195312 0.0583333
1 0.490625 0.402083 0.0125 0.0541667
