1 0.678516 0.355556 0.0101562 0.0444444
0 0.680469 0.346528 0.009375 0.0375
1 0.493359 0.3125 0.00703125 0.0472222
1 0.495313 0.302778 0.00625 0.025
1 0.492188 0.336111 0.0078125 0.0444444
0 0.993359 0.582639 0.00703125 0.0263889
0 0.510547 0.297917 0.00703125 0.0319444
0 0.592969 0.311806 0.0078125 0.0319444
0 0.680469 0.363194 0.0078125 0.0402778
1 0.553906 0.302778 0.0078125 0.0305556
1 0.661328 0.392361 0.0101562 0.0430556
1 0.601562 0.341667 0.009375 0.0361111
0 0.313281 0.363889 0.009375 0.0333333
0 0.196094 0.342361 0.0078125 0.0402778
0 0.559766 0.397222 0.00859375 0.0444444
1 0.490625 0.445139 0.0109375 0.0430556
1 0.541797 0.347917 0.00859375 0.0375
0 0.0933594 0.427778 0.0101562 0.0472222
1 0.192188 0.438194 0.0109375 0.0430556
1 0.691797 0.477083 0.00859375 0.0486111
1 0.238672 0.425694 0.0101562 0.0402778
0 0.144922 0.48125 0.0117188 0.0458333
0 0.446875 0.41875 0.0109375 0.0402778
0 0.211719 0.572917 0.015625 0.0569444
4 0.787891 0.315972 0.0710938 0.0791667
