0 0.348828 0.289583 0.00703125 0.0347222
0 0.671094 0.335417 0.009375 0.0402778
1 0.523438 0.279861 0.0109375 0.0430556
0 0.522266 0.269444 0.00859375 0.0361111
1 0.810156 0.404861 0.009375 0.0402778
1 0.626172 0.279167 0.00859375 0.0388889
0 0.5875 0.255556 0.0109375 0.0361111
0 0.610547 0.279167 0.00859375 0.0333333
0 0.529688 0.298611 0.009375 0.0333333
1 0.776172 0.313194 0.00859375 0.0402778
1 0.599609 0.51875 0.0117188 0.0597222
0 0.428125 0.305556 0.0078125 0.0333333
0 0.345313 0.365278 0.0078125 0.0388889
1 0.479688 0.34375 0.0078125 0.0402778
1 0.60625 0.354861 0.009375 0.0430556
0 0.54375 0.364583 0.009375 0.0430556
1 0.709375 0.354167 0.0109375 0.0416667
1 0.555078 0.280556 0.00859375 0.0361111
0 0.605469 0.438889 0.009375 0.0416667
1 0.827344 0.485417 0.0140625 0.0597222
0 0.788672 0.393056 0.0101562 0.0444444
0 0.316797 0.483333 0.0117188 0.0555556
4 0.139062 0.331944 0.08125 0.0944444
