1 0.425781 0.402083 0.015625 0.0541667
1 0.457422 0.356944 0.0132813 0.05
1 0.425 0.388889 0.0125 0.0361111
0 0.383984 0.418056 0.0257812 0.0583333
0 0.428516 0.420833 0.0148437 0.0444444
0 0.678125 0.279861 0.0125 0.0375
0 0.223828 0.327778 0.0148437 0.0388889
0 0.336719 0.265972 0.0109375 0.0375
0 0.642969 0.504861 0.0140625 0.0625
0 0.695703 0.257639 0.0101562 0.0402778
1 0.541406 0.616667 0.0171875 0.0611111
1 0.655859 0.2375 0.00859375 0.0388889
1 0.242578 0.359722 0.0117188 0.0444444
1 0.671484 0.329861 0.0117188 0.0458333
1 0.123047 0.507639 0.0164062 0.0625
0 0.381641 0.491667 0.0179687 0.0555556
0 0.171875 0.422917 0.015625 0.0569444
0 0.753906 0.768056 0.0234375 0.0722222
1 0.782422 0.50625 0.0148437 0.0625
1 0.531641 0.450694 0.0117188 0.0569444
1 0.795703 0.417361 0.0179687 0.0569444
