1 0.2125 0.258333 0.00625 0.0277778
1 0.898047 0.563889 0.0210938 0.0611111
0 0.652344 0.284028 0.00625 0.0263889
1 0.844922 0.351389 0.0101562 0.0277778
4 0.844922 0.3375 0.0476562 0.075
0 0.730078 0.261806 0.00546875 0.0263889
0 0.623438 0.615972 0.0171875 0.0513889
1 0.641797 0.621528 0.0132813 0.0541667
1 0.572656 0.28125 0.0078125 0.0319444
0 0.367188 0.4125 0.009375 0.0416667
0 0.602734 0.352083 0.00859375 0.0347222
1 0.488672 0.386111 0.0101562 0.0388889
0 0.264844 0.313194 0.0078125 0.0319444
0 0.162891 0.400694 0.0101562 0.0430556
0 0.568359 0.593056 0.0132813 0.0555556
1 0.723437 0.388194 0.009375 0.0402778
1 0.658203 0.336806 0.0101562 0.0347222
1 0.643359 0.413889 0.0101562 0.0388889
0 0.714453 0.463889 0.0117188 0.0416667
0 0.885938 0.603472 0.0140625 0.0541667
1 0.257812 0.381944 0.0078125 0.0361111
4 0.841406 0.320139 0.0703125 0.0763889
1 0.396875 0.575694 0.01875 0.0569444
0 0.262109 0.573611 0.0164062 0.0555556
1 0.905078 0.554861 0.0195312 0.0458333
