0 0.473047 0.40625 0.00859375 0.0458333
0 0.910156 0.325694 0.0109375 0.0458333
1 0.523828 0.209028 0.00859375 0.0319444
0 0.517969 0.239583 0.0078125 0.0375
1 0.496875 0.269444 0.0109375 0.0388889
1 0.664453 0.227778 0.0117188 0.0333333
0 0.324609 0.257639 0.0101562 0.0375
1 0.605469 0.355556 0.009375 0.0444444
1 0.420312 0.424306 0.0109375 0.0486111
0 0.729688 0.378472 0.009375 0.0458333
0 0.195312 0.354167 0.0109375 0.05
1 0.758984 0.305556 0.0101562 0.0416667
1 0.272656 0.468056 0.0140625 0.0555556
1 0.714844 0.629167 0.0125 0.0638889
0 0.701953 0.29375 0.0101562 0.0375
0 0.395312 0.395833 0.0125 0.0527778
0 0.169141 0.442361 0.0117188 0.0513889
0 0.372266 0.311806 0.00859375 0.0402778
1 0.929297 0.456944 0.0117188 0.0583333
0 0.239844 0.518056 0.0109375 0.0583333
0 0.629297 0.513889 0.0164062 0.0555556
1 0.232422 0.377778 0.0117188 0.0472222
