1 0.980469 0.333333 0.0125 0.0472222
0 0.416016 0.418056 0.0132813 0.0527778
0 0.375 0.355556 0.0078125 0.0583333
1 0.458594 0.200694 0.0078125 0.0319444
0 0.454297 0.277778 0.0101562 0.0361111
1 0.441406 0.263194 0.009375 0.0402778
1 0.784766 0.299306 0.00859375 0.0430556
0 0.196484 0.340972 0.00859375 0.0486111
1 0.217969 0.440972 0.0109375 0.0513889
0 0.169141 0.425 0.0117188 0.0527778
1 0.695703 0.245833 0.00859375 0.0361111
1 0.212109 0.371528 0.0101562 0.0458333
0 0.169922 0.496528 0.0117188 0.0541667
0 0.501953 0.234028 0.00859375 0.0375
0 0.694141 0.325694 0.0132813 0.0458333
1 0.873828 0.486806 0.0132813 0.0569444
0 0.638281 0.263194 0.0109375 0.0375
0 0.304297 0.260417 0.00859375 0.0347222
0 0.457031 0.481944 0.015625 0.05
1 0.592578 0.317361 0.0101562 0.0402778
1 0.398047 0.703472 0.0226563 0.0680556
1 0.378906 0.434722 0.0109375 0.0527778
