0 0.625 0.185417 0.0109375 0.0375
1 0.551562 0.201389 0.009375 0.0361111
1 0.407422 0.225694 0.0117188 0.0347222
0 0.414062 0.178472 0.0078125 0.0430556
1 0.485156 0.190972 0.0109375 0.0375
0 0.526172 0.188194 0.0101562 0.0347222
1 0.748438 0.385417 0.0140625 0.0569444
1 0.687891 0.199306 0.0117188 0.0402778
1 0.580078 0.329167 0.0101562 0.0527778
0 0.189063 0.233333 0.0109375 0.0472222
1 0.741016 0.222917 0.00703125 0.0430556
0 0.606641 0.391667 0.0132813 0.05
1 0.379297 0.277083 0.00859375 0.0486111
1 0.752344 0.280556 0.009375 0.05
0 0.114844 0.365278 0.0109375 0.0527778
0 0.721875 0.29375 0.0125 0.0458333
0 0.357031 0.304167 0.0140625 0.05
0 0.179688 0.550694 0.015625 0.0708333
1 0.598437 0.504167 0.0171875 0.0638889
