1 0.241797 0.368056 0.0101562 0.0527778
0 0.9125 0.402083 0.0171875 0.0458333
0 0.420703 0.485417 0.0101562 0.0458333
1 0.601953 0.227778 0.00859375 0.0305556
1 0.239063 0.363194 0.009375 0.0347222
1 0.398438 0.229167 0.0078125 0.0333333
1 0.244531 0.403472 0.009375 0.0375
1 0.367969 0.770139 0.0171875 0.0791667
0 0.199609 0.367361 0.0101562 0.0430556
0 0.273438 0.302083 0.009375 0.0347222
0 0.433594 0.242361 0.0078125 0.0375
1 0.727734 0.3125 0.0117188 0.0416667
1 0.432813 0.43125 0.0125 0.0513889
0 0.686328 0.322222 0.00859375 0.0388889
0 0.425391 0.35 0.0101562 0.0416667
0 0.377344 0.436111 0.0125 0.0527778
1 0.662891 0.353472 0.0101562 0.0375
0 0.208203 0.570833 0.0132813 0.0583333
0 0.553906 0.545833 0.015625 0.0527778
0 0.714844 0.441667 0.0125 0.05
1 0.302344 0.332639 0.009375 0.0430556
0 0.162891 0.447222 0.0132813 0.05
1 0.928516 0.529861 0.0164062 0.0541667
4 0.98125 0.309028 0.0375 0.104167
