0 0.342578 0.148611 0.00859375 0.025
0 0.534375 0.252778 0.0109375 0.0444444
0 0.673828 0.2 0.0101562 0.0416667
0 0.729297 0.261111 0.0101562 0.0361111
1 0.5375 0.241667 0.0109375 0.0527778
0 0.342969 0.158333 0.0109375 0.0416667
0 0.661719 0.231944 0.009375 0.0472222
1 0.727344 0.232639 0.009375 0.0375
1 0.684375 0.252083 0.009375 0.0486111
0 0.340625 0.174306 0.009375 0.0430556
1 0.640625 0.186111 0.0109375 0.0472222
1 0.774609 0.36875 0.0164062 0.0569444
1 0.594922 0.299306 0.0117188 0.0541667
1 0.752344 0.291667 0.0078125 0.05
1 0.411328 0.2125 0.00859375 0.0388889
0 0.702734 0.36875 0.0132813 0.0597222
0 0.340234 0.23125 0.0132813 0.0458333
1 0.326562 0.3625 0.0140625 0.0555556
0 0.494141 0.29375 0.0132813 0.0541667
0 0.154687 0.383333 0.0125 0.0583333
1 0.673047 0.49375 0.0195312 0.0680556
0 0.251172 0.528472 0.0148437 0.0736111
