0 0.66875 0.274306 0.009375 0.0375
1 0.202734 0.249306 0.00703125 0.0263889
1 0.655859 0.318056 0.00859375 0.0333333
1 0.144141 0.409722 0.0164062 0.0444444
0 0.148047 0.411111 0.0101562 0.0444444
1 0.666016 0.294444 0.00703125 0.0333333
0 0.779688 0.344444 0.009375 0.0222222
0 0.648438 0.293056 0.0078125 0.0305556
1 0.6875 0.333333 0.0078125 0.0444444
0 0.656641 0.354861 0.00859375 0.0458333
1 0.576953 0.319444 0.00859375 0.0333333
0 0.671875 0.265972 0.00625 0.0263889
1 0.708594 0.355556 0.0109375 0.0444444
0 0.241016 0.325 0.00859375 0.0361111
1 0.61875 0.298611 0.0078125 0.0333333
1 0.262891 0.461111 0.0117188 0.0472222
0 0.228125 0.461111 0.0125 0.05
1 0.601562 0.414583 0.0125 0.0402778
1 0.133984 0.409722 0.0117188 0.0388889
1 0.748438 0.414583 0.0140625 0.0430556
0 0.563672 0.397917 0.00859375 0.0430556
0 0.382422 0.336806 0.00703125 0.0402778
0 0.276563 0.547917 0.0125 0.0569444
4 0.860156 0.320139 0.0796875 0.0791667
