0 0.353125 0.29375 0.0078125 0.0402778
1 0.528125 0.280556 0.0078125 0.0333333
0 0.542188 0.302778 0.009375 0.0333333
0 0.596484 0.25625 0.0101562 0.0347222
0 0.613281 0.279861 0.009375 0.0319444
1 0.560156 0.277778 0.0078125 0.0361111
0 0.374219 0.3625 0.0078125 0.0416667
1 0.635547 0.281944 0.00859375 0.0388889
0 0.550781 0.3625 0.0109375 0.0416667
1 0.494531 0.343056 0.009375 0.0388889
1 0.826563 0.409722 0.009375 0.0472222
0 0.600391 0.429861 0.0101562 0.0402778
0 0.446094 0.304167 0.0078125 0.0333333
0 0.802734 0.404861 0.0101562 0.0486111
1 0.616016 0.356944 0.00859375 0.0444444
1 0.611719 0.515972 0.0125 0.0541667
1 0.723828 0.355556 0.0101562 0.0444444
1 0.797656 0.316667 0.009375 0.0416667
1 0.839453 0.496528 0.0117188 0.0541667
0 0.339844 0.473611 0.0109375 0.0527778
4 0.163281 0.331944 0.084375 0.0944444
