0 0.414453 0.397917 0.0101562 0.0541667
0 0.223438 0.345139 0.0109375 0.0513889
1 0.788281 0.267361 0.009375 0.0402778
1 0.225781 0.354861 0.0109375 0.0486111
1 0.423047 0.207639 0.00703125 0.0291667
0 0.844922 0.297222 0.0101562 0.0333333
0 0.500391 0.245139 0.00859375 0.0375
0 0.713281 0.259028 0.009375 0.0347222
0 0.278906 0.265278 0.0078125 0.0388889
1 0.632422 0.313889 0.0101562 0.0416667
0 0.482422 0.288889 0.00859375 0.0388889
1 0.421094 0.449306 0.0140625 0.0569444
0 0.167578 0.548611 0.0132813 0.0638889
0 0.415234 0.373611 0.0117188 0.05
1 0.402734 0.258333 0.00859375 0.0361111
1 0.907422 0.506944 0.0132813 0.0611111
1 0.341016 0.785417 0.0148437 0.0763889
0 0.204297 0.426389 0.0117188 0.0555556
0 0.519141 0.502083 0.0132813 0.0541667
1 0.255078 0.415278 0.0117188 0.0527778
1 0.694531 0.2375 0.0078125 0.0333333
