0 0.246875 0.311806 0.009375 0.0402778
0 0.546875 0.324306 0.009375 0.0458333
1 0.507812 0.25625 0.0078125 0.0319444
0 0.478125 0.244444 0.009375 0.0333333
0 0.515625 0.277083 0.0109375 0.0319444
1 0.622266 0.254861 0.00859375 0.0347222
1 0.401953 0.320833 0.0101562 0.0444444
0 0.596484 0.250694 0.00859375 0.0347222
1 0.579297 0.311111 0.00859375 0.0444444
0 0.634766 0.279167 0.00859375 0.0388889
0 0.309766 0.380556 0.0132813 0.0444444
0 0.382812 0.320139 0.0109375 0.0430556
0 0.483203 0.317361 0.0101562 0.0458333
1 0.782031 0.529167 0.0125 0.0611111
0 0.458203 0.26875 0.0101562 0.0402778
1 0.847266 0.427778 0.0101562 0.0555556
1 0.744531 0.340972 0.0109375 0.0458333
0 0.449219 0.375 0.0109375 0.05
1 0.4375 0.445139 0.0125 0.0541667
0 0.770312 0.4375 0.0109375 0.0583333
1 0.842578 0.318056 0.00859375 0.0416667
4 0.183984 0.311806 0.0914062 0.0930556
