0 0.690234 0.267361 0.0148437 0.0458333
0 0.675 0.311111 0.015625 0.0555556
0 0.389453 0.41875 0.0289063 0.0486111
0 0.229297 0.343056 0.0195312 0.0416667
1 0.460156 0.358333 0.015625 0.0472222
1 0.419922 0.385417 0.0132813 0.0402778
0 0.383984 0.409028 0.0164062 0.0430556
1 0.233594 0.356944 0.0140625 0.0416667
0 0.673437 0.276389 0.015625 0.0416667
0 0.430469 0.416667 0.0125 0.0472222
1 0.651953 0.235417 0.0148437 0.0347222
0 0.335938 0.265972 0.0140625 0.0430556
1 0.537109 0.447917 0.0132813 0.0569444
1 0.674609 0.329167 0.0148437 0.0472222
0 0.219922 0.326389 0.0117188 0.0388889
1 0.801172 0.415278 0.0132813 0.0583333
1 0.121484 0.507639 0.0148437 0.0625
1 0.78125 0.504861 0.015625 0.0625
0 0.694922 0.258333 0.0117188 0.0472222
0 0.64375 0.5 0.0140625 0.0638889
0 0.173047 0.417361 0.0164062 0.0569444
0 0.743359 0.757639 0.0210938 0.0763889
1 0.527344 0.611806 0.025 0.0652778
0 0.378125 0.494444 0.01875 0.0583333
