1 0.513672 0.271528 0.0101562 0.0375
0 0.546875 0.324306 0.009375 0.0458333
1 0.509375 0.256944 0.0078125 0.0333333
0 0.516016 0.277778 0.0101562 0.0333333
1 0.622656 0.254861 0.0078125 0.0347222
0 0.478906 0.246528 0.009375 0.0319444
1 0.401953 0.320833 0.0101562 0.0444444
0 0.596875 0.252778 0.0078125 0.0333333
1 0.579687 0.311111 0.0078125 0.0444444
0 0.634766 0.278472 0.00859375 0.0402778
0 0.483594 0.316667 0.009375 0.0444444
1 0.782422 0.527778 0.0117188 0.0638889
0 0.309766 0.380556 0.0132813 0.0444444
0 0.449219 0.375 0.0109375 0.05
0 0.383203 0.319444 0.0117188 0.0416667
1 0.847656 0.428472 0.0109375 0.0541667
0 0.458594 0.270833 0.009375 0.0388889
1 0.744531 0.341667 0.0109375 0.0472222
1 0.436719 0.445833 0.0140625 0.0527778
0 0.769922 0.4375 0.0117188 0.0583333
1 0.843359 0.318056 0.00859375 0.0416667
4 0.183984 0.311806 0.0914062 0.0930556
