0 0.364844 0.408333 0.0109375 0.0416667
0 0.212891 0.3375 0.00859375 0.0305556
0 0.3 0.300694 0.009375 0.0347222
1 0.234375 0.321528 0.009375 0.0402778
1 0.4875 0.334028 0.0109375 0.0430556
0 0.248437 0.344444 0.0109375 0.0388889
1 0.296094 0.410417 0.0109375 0.0458333
1 0.195312 0.41875 0.0109375 0.0458333
0 0.220313 0.423611 0.0109375 0.0472222
0 0.135547 0.480556 0.0117188 0.0527778
0 0.529297 0.329861 0.0164062 0.0402778
0 0.316016 0.427778 0.0164062 0.0527778
0 0.378906 0.350694 0.0125 0.0402778
0 0.623438 0.363194 0.0125 0.0375
1 0.705859 0.706944 0.0242187 0.0666667
1 0.310937 0.536111 0.015625 0.0527778
1 0.79375 0.503472 0.0140625 0.0513889
1 0.466797 0.545139 0.0148437 0.0597222
0 0.565625 0.731944 0.0203125 0.0555556
1 0.462109 0.417361 0.0148437 0.0430556
0 0.280469 0.725 0.021875 0.0638889
1 0.758984 0.394444 0.0132813 0.0527778
4 0.0898438 0.288889 0.078125 0.0916667
