0 0.566016 0.213889 0.0132813 0.0361111
0 0.670313 0.258333 0.0125 0.0388889
1 0.7625 0.284028 0.009375 0.0486111
0 0.439063 0.254861 0.0109375 0.0430556
0 0.301953 0.224306 0.0101562 0.0430556
1 0.660156 0.215278 0.009375 0.0388889
1 0.274219 0.365278 0.0140625 0.0527778
0 0.695703 0.234722 0.0117188 0.0333333
1 0.598047 0.25625 0.0101562 0.0375
1 0.723828 0.2625 0.0101562 0.0388889
0 0.619531 0.225694 0.0109375 0.0430556
0 0.194531 0.45625 0.021875 0.0541667
0 0.428125 0.298611 0.015625 0.0472222
1 0.527734 0.29375 0.0117188 0.0513889
1 0.327344 0.252083 0.0109375 0.0430556
1 0.498047 0.247917 0.0117188 0.0430556
0 0.185937 0.371528 0.015625 0.0541667
0 0.658594 0.33125 0.015625 0.0458333
0 0.203125 0.284028 0.0125 0.0513889
1 0.757422 0.351389 0.0210938 0.05
1 0.658594 0.459722 0.0203125 0.0583333
