1 0.601172 0.335417 0.0117188 0.0430556
0 0.502344 0.300694 0.00625 0.0291667
1 0.5 0.316667 0.0078125 0.0416667
0 0.682031 0.35625 0.0109375 0.0430556
1 0.548047 0.345139 0.00859375 0.0347222
0 0.99375 0.584722 0.0078125 0.0277778
0 0.522266 0.297917 0.00703125 0.0347222
0 0.596875 0.309722 0.0078125 0.0305556
1 0.189063 0.434028 0.0109375 0.0458333
1 0.603906 0.342361 0.009375 0.0319444
1 0.664062 0.391667 0.0109375 0.0416667
1 0.560938 0.301389 0.0078125 0.0277778
0 0.196094 0.340972 0.0078125 0.0375
0 0.0941406 0.428472 0.0101562 0.0458333
0 0.151562 0.479167 0.0140625 0.0444444
1 0.498828 0.443056 0.0101562 0.0444444
0 0.564453 0.395833 0.0101562 0.0444444
0 0.456641 0.418056 0.0101562 0.0444444
1 0.24375 0.427083 0.0109375 0.0402778
1 0.696094 0.46875 0.009375 0.0402778
0 0.216797 0.572917 0.0117188 0.0569444
0 0.316406 0.361806 0.009375 0.0347222
4 0.787891 0.316667 0.0726563 0.0805556
