1 0.210547 0.347222 0.0148437 0.0361111
1 0.416016 0.433333 0.0179687 0.0305556
1 0.389062 0.367361 0.0140625 0.0402778
1 0.207422 0.35625 0.0117188 0.0402778
0 0.380469 0.396528 0.015625 0.0430556
0 0.219141 0.322222 0.0148437 0.0416667
1 0.125391 0.501389 0.0148437 0.0555556
0 0.647656 0.49375 0.0125 0.0625
0 0.658984 0.28125 0.0148437 0.0430556
0 0.434375 0.402083 0.0125 0.0458333
0 0.167578 0.408333 0.0132813 0.0527778
0 0.351172 0.49375 0.0164062 0.0541667
1 0.679688 0.334028 0.009375 0.0486111
1 0.635156 0.238194 0.015625 0.0402778
0 0.328906 0.271528 0.015625 0.0402778
1 0.804297 0.421528 0.0132813 0.0569444
1 0.490234 0.602778 0.0164062 0.0694444
0 0.705078 0.734028 0.0179687 0.0736111
0 0.689062 0.265972 0.0125 0.0486111
1 0.557422 0.441667 0.0132813 0.0555556
1 0.785937 0.515278 0.0203125 0.0694444
