1 0.347266 0.447222 0.0195312 0.0416667
1 0.452344 0.3375 0.009375 0.0361111
1 0.354297 0.466667 0.0148437 0.0472222
0 0.701563 0.259028 0.0109375 0.0513889
1 0.348047 0.468056 0.0164062 0.0472222
0 0.351562 0.44375 0.0171875 0.0402778
0 0.348437 0.483333 0.0125 0.0416667
0 0.700391 0.279861 0.0101562 0.0402778
1 0.538672 0.4125 0.0101562 0.05
0 0.700391 0.246528 0.00859375 0.0375
1 0.671875 0.239583 0.0125 0.0375
1 0.287109 0.326389 0.0148437 0.0388889
1 0.760938 0.397917 0.0109375 0.0513889
0 0.355859 0.263194 0.0101562 0.0375
1 0.773828 0.480556 0.0117188 0.0583333
1 0.716016 0.610417 0.0195312 0.0569444
0 0.396875 0.459028 0.0109375 0.0430556
0 0.182422 0.43125 0.0148437 0.0486111
1 0.496875 0.366667 0.0171875 0.0472222
0 0.241016 0.319444 0.0117188 0.0416667
0 0.695312 0.509722 0.015625 0.0555556
1 0.63125 0.315972 0.0140625 0.0430556
1 0.205469 0.4625 0.0140625 0.05
0 0.833984 0.75625 0.0210938 0.0708333
