0 0.583594 0.299306 0.0109375 0.0430556
0 0.554688 0.249306 0.0109375 0.0319444
0 0.584766 0.265972 0.0101562 0.0402778
0 0.758594 0.295139 0.009375 0.0236111
1 0.585156 0.25625 0.0078125 0.0347222
1 0.584766 0.304861 0.00859375 0.0347222
0 0.226953 0.282639 0.00859375 0.0319444
0 0.785156 0.282639 0.0078125 0.0319444
1 0.717969 0.315278 0.009375 0.0388889
1 0.770703 0.345833 0.0117188 0.0416667
0 0.625391 0.316667 0.0101562 0.0388889
0 0.703516 0.359722 0.00859375 0.0416667
1 0.448047 0.291667 0.0117188 0.0416667
1 0.673047 0.270139 0.00859375 0.0375
0 0.361719 0.302083 0.009375 0.0375
1 0.233203 0.31875 0.00859375 0.0347222
1 0.687891 0.429167 0.0132813 0.0416667
1 0.2375 0.395139 0.0078125 0.0402778
1 0.517187 0.347917 0.0125 0.0430556
0 0.460938 0.348611 0.015625 0.0416667
0 0.153906 0.414583 0.0125 0.0486111
0 0.243359 0.488889 0.0132813 0.05
0 0.130078 0.349306 0.0101562 0.0430556
4 0.944141 0.332639 0.0851562 0.0986111
