0 0.565625 0.240278 0.009375 0.0444444
0 0.547266 0.180556 0.0101562 0.0416667
1 0.546484 0.179861 0.0101562 0.0402778
0 0.485938 0.231944 0.009375 0.0388889
0 0.402734 0.177778 0.00703125 0.0388889
0 0.591016 0.192361 0.0101562 0.0319444
1 0.433984 0.1875 0.00859375 0.0361111
0 0.194922 0.232639 0.0101562 0.0430556
1 0.649219 0.194444 0.009375 0.0388889
1 0.576172 0.3125 0.0101562 0.0527778
1 0.470703 0.230556 0.0101562 0.0333333
1 0.717578 0.220139 0.0101562 0.0402778
0 0.710938 0.299306 0.0109375 0.0458333
0 0.580078 0.39375 0.0101562 0.0569444
1 0.739844 0.283333 0.009375 0.05
0 0.133984 0.367361 0.0179687 0.0569444
1 0.74375 0.384722 0.015625 0.0555556
0 0.369922 0.309028 0.0117188 0.0541667
1 0.418359 0.271528 0.0164062 0.0402778
1 0.521094 0.192361 0.009375 0.0347222
0 0.210547 0.56875 0.0164062 0.0652778
1 0.598828 0.510417 0.0164062 0.0513889
