1 0.959766 0.364583 0.0132813 0.0430556
0 0.379297 0.447222 0.0101562 0.0527778
1 0.151953 0.388194 0.0117188 0.0430556
0 0.154297 0.397222 0.0164062 0.0555556
0 0.812891 0.411111 0.0132813 0.0444444
0 0.677344 0.298611 0.009375 0.0361111
0 0.290234 0.384722 0.0101562 0.0388889
0 0.476953 0.236111 0.00703125 0.0333333
1 0.266016 0.413889 0.0101562 0.0472222
1 0.301562 0.2875 0.009375 0.0388889
1 0.66875 0.323611 0.009375 0.0388889
1 0.382812 0.209722 0.0078125 0.0333333
1 0.202734 0.354861 0.00859375 0.0430556
0 0.175781 0.350694 0.0109375 0.0486111
1 0.582422 0.229861 0.00859375 0.0347222
1 0.859375 0.586806 0.015625 0.0569444
0 0.248828 0.282639 0.0101562 0.0375
0 0.353125 0.294444 0.0078125 0.0361111
0 0.146875 0.473611 0.0171875 0.0555556
1 0.478516 0.332639 0.00859375 0.0458333
0 0.374219 0.5125 0.0140625 0.0555556
1 0.217187 0.643056 0.015625 0.0666667
