1 0.557813 0.338194 0.0109375 0.0402778
0 0.633203 0.238889 0.0117188 0.0277778
1 0.711328 0.292361 0.0101562 0.0319444
0 0.841797 0.4125 0.0101562 0.0388889
1 0.720703 0.265278 0.00859375 0.0305556
0 0.655078 0.250694 0.0132813 0.0319444
0 0.802344 0.38125 0.009375 0.0430556
1 0.825781 0.376389 0.0109375 0.0444444
0 0.323828 0.298611 0.0101562 0.0361111
1 0.805078 0.509028 0.0132813 0.0486111
0 0.245703 0.379861 0.0101562 0.0430556
1 0.814453 0.447222 0.0132813 0.0444444
1 0.276563 0.481944 0.0140625 0.0472222
0 0.439453 0.322222 0.0101562 0.0361111
1 0.726562 0.359722 0.0125 0.0388889
1 0.644141 0.470833 0.0132813 0.0527778
1 0.139453 0.393056 0.0132813 0.0416667
0 0.298438 0.431944 0.0125 0.0472222
0 0.564062 0.436111 0.015625 0.0444444
0 0.315234 0.554167 0.0179687 0.0527778
