4 0.0113281 0.271528 0.0210938 0.0791667
0 0.266016 0.297917 0.00859375 0.0347222
1 0.252734 0.283333 0.00859375 0.0277778
0 0.278516 0.331944 0.0117188 0.0416667
0 0.130859 0.366667 0.0132813 0.0361111
0 0.211328 0.325 0.0117188 0.0388889
0 0.584766 0.288889 0.0101562 0.0388889
1 0.546875 0.240972 0.009375 0.0347222
0 0.659375 0.293056 0.009375 0.0388889
1 0.499609 0.420833 0.0148437 0.0555556
1 0.763672 0.411806 0.0148437 0.0541667
1 0.789062 0.522917 0.0125 0.0597222
1 0.549219 0.404167 0.0125 0.0472222
1 0.708203 0.346528 0.0101562 0.0486111
1 0.0800781 0.426389 0.0132813 0.0416667
0 0.535156 0.629861 0.015625 0.0597222
0 0.199609 0.420833 0.0148437 0.0472222
1 0.380469 0.525694 0.015625 0.0597222
0 0.394141 0.358333 0.0164062 0.0444444
0 0.660547 0.50625 0.0148437 0.0569444
