0 0.639844 0.234722 0.009375 0.0277778
0 0.183594 0.438889 0.0109375 0.0444444
1 0.862891 0.347222 0.0101562 0.0222222
0 0.726172 0.286806 0.00703125 0.0291667
1 0.629687 0.305556 0.009375 0.0361111
0 0.739062 0.259722 0.00625 0.0305556
1 0.883984 0.454861 0.0195312 0.0375
0 0.188672 0.4375 0.0117188 0.0444444
0 0.630078 0.30625 0.00703125 0.0347222
1 0.648828 0.282639 0.00703125 0.0291667
0 0.878125 0.420139 0.009375 0.0319444
1 0.546484 0.2625 0.00859375 0.0305556
1 0.270312 0.420833 0.009375 0.0333333
1 0.460938 0.317361 0.009375 0.0347222
0 0.546484 0.413889 0.0117188 0.0416667
1 0.708984 0.335417 0.00859375 0.0375
0 0.3375 0.328472 0.0078125 0.0319444
0 0.201562 0.300694 0.0078125 0.0319444
1 0.592969 0.415278 0.0109375 0.0416667
0 0.684766 0.367361 0.00859375 0.0375
1 0.609766 0.336111 0.0132813 0.0388889
0 0.100781 0.374306 0.0109375 0.0458333
1 0.215625 0.339583 0.009375 0.0319444
0 0.443359 0.51875 0.0132813 0.0513889
4 0.833203 0.3125 0.0773437 0.0888889
