0 0.938672 0.484722 0.00546875 0.0194444
0 0.644922 0.308333 0.00859375 0.0388889
0 0.190625 0.352083 0.0078125 0.0347222
0 0.146875 0.417361 0.0109375 0.0486111
1 0.203516 0.359722 0.0101562 0.0361111
1 0.139453 0.421528 0.0117188 0.0458333
1 0.23125 0.441667 0.0109375 0.0527778
1 0.635547 0.326389 0.0101562 0.0388889
0 0.135547 0.493056 0.0132813 0.0472222
0 0.442187 0.255556 0.009375 0.0361111
1 0.373437 0.224306 0.0078125 0.0319444
0 0.329688 0.523611 0.0140625 0.05
0 0.874219 0.425 0.0109375 0.0388889
0 0.259766 0.397917 0.0132813 0.0458333
1 0.544922 0.259722 0.00859375 0.0361111
0 0.340625 0.316667 0.009375 0.0361111
1 0.455469 0.341667 0.009375 0.0416667
1 0.282813 0.303472 0.009375 0.0402778
0 0.245703 0.292361 0.0101562 0.0375
1 0.181641 0.664583 0.0148437 0.0652778
1 0.9 0.661806 0.0171875 0.0680556
