1 0.467187 0.446528 0.025 0.0402778
0 0.518359 0.319444 0.0117188 0.0333333
0 0.473047 0.451389 0.0117188 0.0388889
1 0.639453 0.268056 0.00703125 0.0361111
1 0.637891 0.325 0.00859375 0.0388889
1 0.459766 0.447222 0.0117188 0.0444444
0 0.679297 0.257639 0.00859375 0.0347222
0 0.45 0.382639 0.0125 0.0458333
1 0.739844 0.428472 0.0109375 0.0458333
1 0.540234 0.359028 0.00859375 0.0430556
0 0.365234 0.275 0.00859375 0.0361111
0 0.71875 0.318056 0.0078125 0.0361111
0 0.298438 0.360417 0.0109375 0.0458333
1 0.578906 0.389583 0.0109375 0.0458333
1 0.716016 0.545833 0.0101562 0.0555556
0 0.88125 0.696528 0.0140625 0.0625
0 0.435547 0.506944 0.0132813 0.05
1 0.704297 0.3875 0.0101562 0.0444444
1 0.406641 0.34375 0.0117188 0.0375
1 0.414453 0.403472 0.0101562 0.0402778
0 0.251953 0.447222 0.0164062 0.0472222
0 0.746094 0.472222 0.0125 0.0416667
