1 0.862109 0.336111 0.0148437 0.0416667
1 0.858594 0.340278 0.009375 0.0305556
0 0.732031 0.25625 0.00625 0.0291667
1 0.6375 0.363889 0.009375 0.0361111
1 0.564062 0.26875 0.0078125 0.0319444
0 0.629297 0.327083 0.00859375 0.0319444
0 0.611328 0.494444 0.0117188 0.0527778
1 0.670313 0.307639 0.0078125 0.0319444
0 0.230078 0.303472 0.00859375 0.0347222
0 0.728906 0.40625 0.009375 0.0375
1 0.721875 0.358333 0.009375 0.0388889
0 0.540234 0.566667 0.0148437 0.05
1 0.641797 0.499306 0.0132813 0.0458333
1 0.960938 0.519444 0.0125 0.0416667
0 0.1375 0.377778 0.0109375 0.0388889
0 0.916797 0.5125 0.0117188 0.0472222
1 0.301953 0.486806 0.0101562 0.0458333
0 0.214844 0.5 0.0109375 0.0555556
1 0.240234 0.352778 0.00703125 0.0305556
0 0.348437 0.361111 0.009375 0.0361111
1 0.478516 0.34375 0.00859375 0.0375
4 0.834766 0.310417 0.0710938 0.0847222
