0 0.470313 0.252778 0.009375 0.0388889
1 0.495313 0.255556 0.009375 0.0333333
1 0.472656 0.250694 0.009375 0.0347222
1 0.401172 0.322222 0.00859375 0.0444444
1 0.619922 0.254861 0.0101562 0.0347222
0 0.513672 0.272917 0.00859375 0.0375
0 0.483203 0.319444 0.00859375 0.0416667
0 0.377734 0.31875 0.00859375 0.0430556
0 0.596484 0.250694 0.00859375 0.0347222
0 0.454297 0.266667 0.00859375 0.0416667
1 0.577734 0.311111 0.00859375 0.0444444
0 0.634766 0.277778 0.00859375 0.0388889
0 0.309375 0.380556 0.0109375 0.0472222
0 0.449609 0.374306 0.0101562 0.0486111
1 0.783203 0.528472 0.0117188 0.0652778
1 0.846875 0.425694 0.009375 0.0541667
1 0.746875 0.340278 0.009375 0.0472222
1 0.444922 0.445139 0.0117188 0.0513889
1 0.839453 0.315972 0.0117188 0.0430556
0 0.770703 0.4375 0.0117188 0.0583333
4 0.183984 0.314583 0.0882813 0.0902778
