0 0.764844 0.314583 0.0109375 0.0486111
1 0.225 0.413194 0.0109375 0.0541667
0 0.226953 0.293056 0.00859375 0.0388889
1 0.502734 0.248611 0.00703125 0.0361111
0 0.619141 0.283333 0.0101562 0.0361111
0 0.569531 0.371528 0.009375 0.0430556
1 0.219141 0.384028 0.0101562 0.0430556
1 0.557422 0.327083 0.0101562 0.0402778
0 0.478906 0.254167 0.0078125 0.0361111
0 0.332812 0.321528 0.0078125 0.0375
1 0.584766 0.247917 0.00859375 0.0375
1 0.464063 0.424306 0.0140625 0.0486111
1 0.766016 0.388194 0.0117188 0.0486111
1 0.634375 0.313194 0.0109375 0.0402778
0 0.704687 0.438194 0.009375 0.0430556
1 0.716406 0.513194 0.0125 0.0513889
1 0.489453 0.292361 0.0101562 0.0375
0 0.128516 0.453472 0.0132813 0.0486111
0 0.415234 0.392361 0.0117188 0.0486111
0 0.180859 0.539583 0.0164062 0.0597222
0 0.116016 0.382639 0.0117188 0.0513889
4 0.892187 0.286806 0.08125 0.0958333
