0 0.913281 0.395833 0.0171875 0.0416667
1 0.229687 0.370833 0.009375 0.0388889
1 0.234375 0.388889 0.0140625 0.0527778
4 0.989062 0.300694 0.0203125 0.0736111
1 0.425781 0.428472 0.0109375 0.0513889
1 0.617578 0.225 0.00859375 0.0333333
1 0.725781 0.311806 0.0109375 0.0430556
1 0.398047 0.222917 0.00859375 0.0347222
0 0.451562 0.240972 0.009375 0.0319444
0 0.41875 0.344444 0.009375 0.0416667
0 0.694531 0.320833 0.0078125 0.0416667
0 0.203906 0.363194 0.009375 0.0430556
1 0.631641 0.351389 0.0132813 0.0416667
0 0.709766 0.434722 0.0101562 0.0527778
0 0.269531 0.297222 0.009375 0.0361111
1 0.349219 0.749306 0.015625 0.0736111
1 0.301562 0.328472 0.009375 0.0430556
0 0.530469 0.54375 0.015625 0.0541667
0 0.158594 0.442361 0.0140625 0.0513889
0 0.368359 0.4375 0.0148437 0.0527778
0 0.199219 0.567361 0.015625 0.0569444
1 0.916406 0.531944 0.01875 0.0527778
