1 0.222656 0.409722 0.015625 0.0555556
0 0.766406 0.320139 0.0109375 0.0513889
1 0.226953 0.413889 0.0101562 0.0527778
0 0.619531 0.283333 0.009375 0.0361111
0 0.570312 0.371528 0.009375 0.0430556
0 0.478516 0.254167 0.00859375 0.0361111
0 0.227344 0.292361 0.009375 0.0402778
1 0.502734 0.247917 0.00703125 0.0375
1 0.489062 0.292361 0.009375 0.0347222
1 0.557813 0.327778 0.009375 0.0388889
1 0.463281 0.423611 0.0125 0.05
0 0.333203 0.320833 0.00859375 0.0388889
1 0.21875 0.384028 0.009375 0.0430556
0 0.415234 0.392361 0.0132813 0.0458333
0 0.704297 0.436806 0.0101562 0.0486111
1 0.635156 0.313889 0.0109375 0.0416667
1 0.767578 0.388889 0.0117188 0.05
1 0.716406 0.514583 0.0109375 0.0541667
1 0.584766 0.248611 0.0101562 0.0388889
0 0.128516 0.452778 0.0132813 0.05
0 0.180859 0.538889 0.0164062 0.0611111
0 0.116016 0.382639 0.0117188 0.0513889
4 0.893359 0.286806 0.0804688 0.0930556
