0 0.228906 0.286111 0.0078125 0.0416667
1 0.142188 0.39375 0.015625 0.0430556
0 0.143359 0.3875 0.0164062 0.05
0 0.228906 0.303472 0.009375 0.0375
1 0.228125 0.276389 0.0078125 0.0305556
1 0.2 0.315972 0.009375 0.0347222
0 0.18125 0.316667 0.009375 0.0388889
0 0.191406 0.350694 0.0109375 0.0375
0 0.111719 0.367361 0.009375 0.0402778
1 0.469141 0.259722 0.0132813 0.0361111
1 0.770703 0.367361 0.0117188 0.0430556
1 0.525391 0.428472 0.0117188 0.0513889
0 0.528516 0.298611 0.0132813 0.0388889
0 0.333594 0.339583 0.0109375 0.0375
4 0.103125 0.275 0.075 0.0833333
1 0.465234 0.378472 0.0164062 0.0458333
0 0.632031 0.316667 0.0109375 0.0416667
1 0.815625 0.571528 0.0140625 0.0625
1 0.284375 0.453472 0.0171875 0.0486111
1 0.791406 0.440278 0.0109375 0.0583333
0 0.695312 0.569444 0.0125 0.0611111
0 0.377344 0.581944 0.015625 0.0583333
