0 0.640625 0.195139 0.0078125 0.0375
0 0.727344 0.259028 0.0109375 0.0430556
0 0.383203 0.191667 0.00859375 0.0388889
1 0.726562 0.234028 0.009375 0.0347222
1 0.667578 0.188889 0.0117188 0.0444444
1 0.600391 0.292361 0.0117188 0.0541667
0 0.688281 0.225 0.009375 0.0444444
1 0.678516 0.259722 0.00859375 0.0388889
1 0.687109 0.490278 0.0132813 0.0638889
1 0.330859 0.35625 0.0117188 0.0541667
0 0.527344 0.245833 0.0109375 0.0472222
0 0.332031 0.254861 0.0109375 0.0513889
0 0.488672 0.286806 0.0117188 0.0569444
0 0.694531 0.345139 0.0125 0.0541667
1 0.421875 0.222222 0.009375 0.0416667
1 0.569141 0.229167 0.0101562 0.05
1 0.752734 0.3 0.0117188 0.05
0 0.237891 0.359722 0.0117188 0.0611111
0 0.235938 0.481944 0.015625 0.0666667
1 0.780469 0.364583 0.0109375 0.0569444
