0 0.376172 0.366667 0.00703125 0.05
1 0.2125 0.388889 0.0109375 0.05
1 0.217187 0.460417 0.0109375 0.0513889
1 0.709375 0.231944 0.0078125 0.0361111
0 0.508594 0.478472 0.0109375 0.0513889
1 0.760156 0.311806 0.009375 0.0430556
1 0.46875 0.273611 0.009375 0.0416667
0 0.516406 0.2375 0.0078125 0.0416667
0 0.635547 0.273611 0.00859375 0.0388889
0 0.19375 0.356944 0.0109375 0.05
0 0.189453 0.490278 0.0132813 0.0555556
1 0.499219 0.690972 0.0171875 0.0708333
0 0.69375 0.345139 0.0109375 0.0458333
1 0.603516 0.33125 0.00859375 0.0458333
0 0.328125 0.252083 0.0078125 0.0402778
1 0.376563 0.422222 0.0109375 0.0527778
1 0.492969 0.205556 0.0078125 0.0333333
0 0.440625 0.28125 0.0109375 0.0430556
0 0.15625 0.427778 0.0140625 0.0527778
1 0.878516 0.477778 0.0164062 0.0555556
