1 0.714063 0.26875 0.009375 0.0347222
1 0.710156 0.285417 0.009375 0.0375
0 0.646484 0.238889 0.0117188 0.0277778
1 0.569922 0.328472 0.00859375 0.0375
0 0.837109 0.390278 0.0132813 0.0361111
1 0.814453 0.359028 0.0101562 0.0402778
1 0.721094 0.342361 0.009375 0.0347222
0 0.663672 0.259722 0.0117188 0.0305556
0 0.23125 0.386111 0.0109375 0.0444444
0 0.791016 0.360417 0.0101562 0.0375
1 0.282422 0.478472 0.0117188 0.0402778
0 0.312109 0.304861 0.00859375 0.0347222
0 0.433203 0.322917 0.0101562 0.0375
1 0.641797 0.456944 0.0117188 0.05
4 0.985156 0.329167 0.0296875 0.0888889
0 0.309375 0.552083 0.0125 0.0541667
1 0.817578 0.419444 0.0148437 0.0416667
0 0.286719 0.436111 0.0125 0.0416667
1 0.141016 0.395139 0.00859375 0.0430556
0 0.573047 0.427083 0.0148437 0.0430556
1 0.805469 0.484722 0.015625 0.0472222
