1 0.420312 0.270139 0.009375 0.0347222
0 0.554688 0.282639 0.0078125 0.0375
1 0.428906 0.270139 0.0078125 0.0347222
0 0.417188 0.265278 0.0078125 0.0333333
0 0.5875 0.206944 0.0078125 0.0333333
1 0.540625 0.234028 0.0125 0.0402778
0 0.577734 0.308333 0.0101562 0.0388889
0 0.302734 0.242361 0.00859375 0.0375
0 0.846094 0.394444 0.0109375 0.0388889
1 0.660156 0.258333 0.0109375 0.0361111
0 0.214844 0.421528 0.0109375 0.0513889
1 0.685938 0.292361 0.0125 0.0402778
1 0.423828 0.327778 0.00859375 0.0444444
1 0.607813 0.278472 0.009375 0.0402778
1 0.46875 0.263194 0.0078125 0.0347222
1 0.596484 0.334028 0.0117188 0.0486111
1 0.859375 0.368056 0.0140625 0.0416667
0 0.448047 0.371528 0.0148437 0.0402778
0 0.3625 0.570139 0.015625 0.0625
0 0.217969 0.314583 0.0125 0.0458333
1 0.791797 0.460417 0.0179687 0.0569444
