0 0.518359 0.325694 0.0101562 0.0319444
0 0.421484 0.413889 0.0101562 0.0388889
1 0.514844 0.35625 0.009375 0.0430556
1 0.61875 0.275 0.0109375 0.0361111
1 0.626172 0.326389 0.0101562 0.0333333
0 0.279687 0.370139 0.009375 0.0430556
0 0.425 0.486111 0.0140625 0.0472222
1 0.405078 0.390278 0.0101562 0.0333333
0 0.717188 0.327083 0.0109375 0.0375
1 0.499609 0.429167 0.0148437 0.0388889
0 0.455078 0.398611 0.0132813 0.0388889
0 0.258594 0.452778 0.0125 0.0444444
1 0.659375 0.522222 0.015625 0.0444444
0 0.342578 0.286111 0.00859375 0.0333333
0 0.667969 0.261806 0.0078125 0.0347222
0 0.858594 0.663889 0.0140625 0.0638889
1 0.567578 0.386111 0.00859375 0.0388889
1 0.707812 0.411806 0.0125 0.0430556
0 0.743359 0.461111 0.0101562 0.0444444
1 0.680078 0.381944 0.0101562 0.0388889
1 0.416406 0.348611 0.0078125 0.0361111
4 0.980078 0.31875 0.0382813 0.0902778
