0 0.260938 0.39375 0.009375 0.0430556
0 0.224609 0.355556 0.0164062 0.0416667
1 0.225 0.343056 0.0109375 0.0444444
1 0.196484 0.395833 0.0148437 0.0333333
0 0.191797 0.39375 0.0132813 0.0402778
0 0.270703 0.295833 0.00703125 0.0361111
1 0.255078 0.295139 0.00859375 0.0375
1 0.461328 0.281944 0.00859375 0.0361111
1 0.221875 0.354861 0.009375 0.0375
1 0.810547 0.460417 0.0117188 0.0513889
0 0.229297 0.325694 0.0101562 0.0347222
0 0.328516 0.344444 0.0101562 0.0388889
0 0.131641 0.39375 0.00859375 0.0486111
0 0.236328 0.373611 0.0117188 0.0527778
1 0.284766 0.445833 0.0117188 0.0444444
1 0.794141 0.38125 0.0148437 0.0458333
0 0.5125 0.3125 0.009375 0.0416667
0 0.694922 0.597917 0.0195312 0.0597222
1 0.511719 0.422222 0.0125 0.0527778
0 0.619531 0.332639 0.009375 0.0458333
0 0.316797 0.581944 0.0164062 0.05
1 0.417969 0.390972 0.0125 0.0458333
4 0.14375 0.280556 0.0734375 0.0722222
1 0.808594 0.602083 0.015625 0.0569444
