1 0.524609 0.184028 0.0117188 0.0319444
0 0.527734 0.184028 0.0117188 0.0347222
0 0.742188 0.283333 0.009375 0.0611111
0 0.598437 0.184028 0.009375 0.0319444
1 0.519531 0.190278 0.0109375 0.0333333
1 0.45625 0.184028 0.0109375 0.0375
0 0.452344 0.224306 0.009375 0.0375
1 0.661328 0.191667 0.0132813 0.0472222
1 0.439453 0.222917 0.0117188 0.0375
0 0.192578 0.232639 0.0117188 0.0430556
1 0.742969 0.281944 0.009375 0.0527778
1 0.599219 0.50625 0.0140625 0.0625
0 0.408984 0.177778 0.00859375 0.0361111
0 0.125391 0.363194 0.0101562 0.0541667
0 0.590234 0.390972 0.0117188 0.0513889
1 0.577734 0.318056 0.00859375 0.0527778
1 0.745313 0.384028 0.0109375 0.0541667
1 0.392578 0.276389 0.0164062 0.0416667
0 0.716797 0.293056 0.0101562 0.05
1 0.728125 0.217361 0.0078125 0.0430556
0 0.366406 0.306944 0.0125 0.0527778
0 0.194922 0.554861 0.0164062 0.0708333
