0 0.671484 0.332639 0.0132813 0.0402778
1 0.671875 0.330556 0.0125 0.0388889
1 0.521094 0.272917 0.0109375 0.0347222
0 0.348828 0.286111 0.00859375 0.0361111
0 0.519141 0.270833 0.0117188 0.0361111
0 0.610547 0.278472 0.00859375 0.0347222
1 0.621484 0.279861 0.00859375 0.0375
0 0.585547 0.254167 0.00859375 0.0361111
0 0.526563 0.297917 0.0109375 0.0347222
1 0.475781 0.345833 0.0078125 0.0444444
0 0.337891 0.365972 0.00859375 0.0402778
1 0.807031 0.4 0.009375 0.05
0 0.422656 0.309028 0.0078125 0.0375
0 0.783594 0.390972 0.009375 0.0458333
1 0.603906 0.353472 0.009375 0.0458333
0 0.539453 0.365278 0.0148437 0.0416667
1 0.705078 0.35 0.00859375 0.0388889
1 0.769922 0.314583 0.0101562 0.0402778
1 0.822266 0.484722 0.0132813 0.0527778
1 0.553516 0.28125 0.00859375 0.0347222
0 0.605078 0.441667 0.0101562 0.0472222
1 0.59375 0.515972 0.0125 0.0569444
0 0.309375 0.488194 0.0125 0.0541667
4 0.133594 0.329861 0.084375 0.0902778
