0 0.572656 0.242361 0.00625 0.0291667
0 0.203125 0.338194 0.009375 0.0402778
0 0.766406 0.274306 0.00625 0.0291667
1 0.828906 0.3375 0.009375 0.0305556
0 0.591016 0.290278 0.00859375 0.0305556
0 0.198437 0.303472 0.0078125 0.0347222
1 0.542578 0.269444 0.00703125 0.0361111
0 0.626953 0.340972 0.00859375 0.0319444
0 0.752734 0.371528 0.00703125 0.0319444
1 0.580078 0.320139 0.00703125 0.0319444
0 0.15 0.429861 0.0140625 0.0458333
1 0.682813 0.329167 0.009375 0.0361111
1 0.519922 0.375 0.0101562 0.0416667
1 0.628906 0.282639 0.009375 0.0319444
0 0.332812 0.319444 0.0078125 0.0333333
0 0.491406 0.36875 0.009375 0.0375
1 0.439063 0.307639 0.0078125 0.0347222
1 0.205078 0.338194 0.00859375 0.0347222
1 0.73125 0.416667 0.0109375 0.0416667
0 0.311328 0.504167 0.0101562 0.0444444
0 0.0992187 0.375694 0.009375 0.0458333
1 0.231641 0.408333 0.0117188 0.0416667
4 0.853516 0.329167 0.0710938 0.0861111
