0 0.552734 0.291667 0.00703125 0.0277778
0 0.683594 0.338889 0.0078125 0.0333333
1 0.523438 0.315278 0.0078125 0.0361111
0 0.55625 0.295139 0.0125 0.0319444
0 0.695703 0.345139 0.00703125 0.0347222
1 0.566797 0.3375 0.00859375 0.0388889
1 0.611328 0.342361 0.00859375 0.0347222
1 0.578906 0.301389 0.0078125 0.0305556
0 0.612109 0.310417 0.00859375 0.0347222
0 0.582422 0.38125 0.0101562 0.0402778
0 0.0929687 0.428472 0.0109375 0.0458333
0 0.480859 0.415972 0.0117188 0.0430556
0 0.157422 0.477778 0.0101562 0.0472222
1 0.526953 0.441667 0.0132813 0.0444444
0 0.326172 0.360417 0.0101562 0.0347222
1 0.708594 0.445139 0.0109375 0.0402778
0 0.196484 0.339583 0.00859375 0.0375
1 0.673047 0.379861 0.0101562 0.0375
1 0.248828 0.435417 0.0117188 0.0402778
1 0.178516 0.421528 0.0101562 0.0486111
0 0.226172 0.567361 0.0164062 0.0569444
4 0.793359 0.314583 0.0695312 0.0791667
