0 0.868359 0.519444 0.00546875 0.0194444
0 0.732422 0.254861 0.00703125 0.0291667
1 0.560938 0.265972 0.0078125 0.0319444
0 0.223828 0.303472 0.00859375 0.0347222
0 0.632812 0.321528 0.0078125 0.0319444
1 0.722656 0.353472 0.009375 0.0375
0 0.723437 0.4 0.0109375 0.0444444
1 0.669922 0.303472 0.00703125 0.0319444
1 0.295312 0.474306 0.0109375 0.0486111
0 0.210547 0.485417 0.0132813 0.0513889
1 0.633984 0.356944 0.0101562 0.0416667
0 0.601953 0.476389 0.0117188 0.05
1 0.2375 0.347917 0.0078125 0.0319444
0 0.9125 0.49375 0.0109375 0.0430556
0 0.130078 0.377083 0.0101562 0.0430556
1 0.946875 0.506944 0.0125 0.0416667
0 0.532812 0.554167 0.0140625 0.05
0 0.346094 0.354167 0.0078125 0.0388889
1 0.633984 0.480556 0.0117188 0.05
1 0.476953 0.338194 0.00859375 0.0375
4 0.834375 0.311111 0.071875 0.0861111
