1 0.672656 0.386806 0.0203125 0.0458333
1 0.487109 0.318056 0.0101562 0.0416667
1 0.483594 0.340972 0.009375 0.0430556
1 0.485547 0.33125 0.0101562 0.0402778
0 0.68125 0.338194 0.009375 0.0347222
0 0.996094 0.582639 0.0046875 0.0291667
1 0.550781 0.300694 0.0078125 0.0291667
0 0.680469 0.378472 0.009375 0.0430556
0 0.502344 0.296528 0.0078125 0.0347222
0 0.590234 0.310417 0.00859375 0.0319444
1 0.601562 0.340972 0.009375 0.0375
0 0.3125 0.3625 0.009375 0.0333333
0 0.554297 0.4 0.0101562 0.0444444
1 0.662109 0.39375 0.0117188 0.0430556
0 0.195312 0.339583 0.0078125 0.0347222
1 0.539844 0.345833 0.0078125 0.0361111
1 0.19375 0.441667 0.0109375 0.0472222
1 0.233594 0.422917 0.009375 0.0402778
1 0.482812 0.44375 0.0140625 0.0458333
0 0.0929687 0.427083 0.0109375 0.0458333
1 0.689453 0.481944 0.0101562 0.0472222
0 0.439453 0.41875 0.0117188 0.0430556
0 0.206641 0.570139 0.0132813 0.0597222
0 0.139453 0.48125 0.0132813 0.0458333
4 0.790234 0.313889 0.0710938 0.0833333
