1 0.701953 0.395833 0.0257812 0.0444444
0 0.528125 0.329861 0.0109375 0.0319444
0 0.448047 0.45625 0.0148437 0.0430556
1 0.528125 0.329861 0.0109375 0.0347222
1 0.424219 0.382639 0.009375 0.0402778
0 0.444531 0.446528 0.0109375 0.0458333
1 0.503906 0.350694 0.0078125 0.0375
0 0.723047 0.347222 0.0132813 0.0388889
0 0.353516 0.383333 0.0132813 0.0333333
0 0.307422 0.295139 0.00859375 0.0347222
0 0.654297 0.261806 0.00703125 0.0291667
1 0.638281 0.331944 0.0140625 0.0388889
1 0.610156 0.281944 0.0125 0.0333333
0 0.744922 0.464583 0.0101562 0.0513889
1 0.541406 0.434722 0.015625 0.0472222
0 0.449609 0.486111 0.0148437 0.0416667
0 0.219531 0.382639 0.009375 0.0430556
1 0.583594 0.392361 0.0109375 0.0430556
1 0.665625 0.382639 0.0109375 0.0458333
0 0.254297 0.481944 0.0117188 0.05
1 0.711328 0.399306 0.0148437 0.0458333
0 0.851172 0.645139 0.0148437 0.0569444
1 0.676172 0.503472 0.0164062 0.0486111
4 0.933203 0.311111 0.0789063 0.0888889
