1 0.554297 0.379167 0.0195312 0.0527778
1 0.33125 0.486111 0.015625 0.0527778
0 0.332031 0.495833 0.0171875 0.0472222
1 0.678906 0.247222 0.0109375 0.0388889
1 0.561328 0.397917 0.0148437 0.0486111
0 0.702344 0.244444 0.009375 0.0416667
0 0.360938 0.413889 0.01875 0.0444444
0 0.711328 0.286806 0.0148437 0.0430556
1 0.753125 0.396528 0.015625 0.0513889
1 0.639844 0.31875 0.0109375 0.0402778
1 0.325781 0.325 0.0125 0.0333333
0 0.726953 0.507639 0.0117188 0.0597222
1 0.783203 0.472917 0.0117188 0.0541667
0 0.447266 0.452778 0.0179687 0.0444444
0 0.266406 0.33125 0.0140625 0.0430556
1 0.531641 0.3625 0.0132813 0.0416667
1 0.765234 0.608333 0.0210938 0.0611111
0 0.886719 0.765278 0.0234375 0.075
0 0.200391 0.441667 0.0179687 0.0472222
1 0.28125 0.438194 0.0171875 0.0430556
0 0.371094 0.261806 0.0125 0.0375
