0 0.491797 0.440278 0.0132813 0.0527778
1 0.491016 0.440278 0.0148437 0.0527778
1 0.623828 0.763889 0.0148437 0.0333333
1 0.616797 0.775694 0.0179687 0.0597222
1 0.387891 0.411806 0.0132813 0.0486111
0 0.545313 0.289583 0.009375 0.0402778
0 0.398828 0.502778 0.0132813 0.0583333
1 0.658203 0.751389 0.0226563 0.0777778
0 0.711719 0.295139 0.0109375 0.0375
0 0.205469 0.445833 0.0125 0.0527778
1 0.123047 0.520833 0.0117188 0.0555556
1 0.103516 0.348611 0.0117188 0.0444444
0 0.240234 0.358333 0.0101562 0.05
0 0.379297 0.363889 0.0132813 0.0444444
0 0.777344 0.774306 0.0203125 0.0763889
1 0.589063 0.329861 0.0109375 0.0458333
0 0.273438 0.286806 0.009375 0.0402778
1 0.553906 0.66875 0.01875 0.0652778
1 0.766406 0.380556 0.01875 0.0472222
0 0.623828 0.605556 0.0226563 0.0666667
0 0.16875 0.601389 0.01875 0.0666667
1 0.791016 0.604167 0.0164062 0.0666667
1 0.592969 0.490278 0.0171875 0.0555556
