1 0.851562 0.377778 0.021875 0.05
0 0.562891 0.260417 0.0117188 0.0291667
1 0.859766 0.367361 0.0117188 0.0375
0 0.466016 0.248611 0.00859375 0.0361111
1 0.451172 0.251389 0.00859375 0.0388889
1 0.587109 0.223611 0.0101562 0.0416667
0 0.638672 0.202083 0.00703125 0.0319444
0 0.3375 0.225 0.009375 0.0361111
0 0.560547 0.211111 0.0101562 0.0305556
1 0.461328 0.310417 0.0101562 0.0486111
0 0.431641 0.354167 0.0117188 0.0472222
1 0.641797 0.2625 0.0101562 0.0361111
0 0.597656 0.285417 0.0125 0.0375
0 0.848047 0.383333 0.0164062 0.05
1 0.526953 0.25 0.00859375 0.0361111
1 0.707031 0.277778 0.0140625 0.0388889
1 0.683203 0.248611 0.0101562 0.0388889
0 0.244531 0.295833 0.0109375 0.0472222
1 0.619531 0.315278 0.009375 0.0416667
1 0.775391 0.461111 0.0179687 0.0527778
0 0.369531 0.573611 0.01875 0.0611111
0 0.221875 0.404861 0.015625 0.0513889
