0 0.551953 0.282639 0.00859375 0.0347222
1 0.376953 0.333333 0.0148437 0.0444444
0 0.230469 0.329861 0.009375 0.0347222
1 0.521094 0.250694 0.0078125 0.0291667
1 0.553516 0.290278 0.00859375 0.0361111
0 0.504297 0.248611 0.00546875 0.0277778
0 0.30625 0.385417 0.0078125 0.0319444
1 0.621484 0.251389 0.00703125 0.0361111
1 0.566016 0.317361 0.00703125 0.0375
1 0.380078 0.327083 0.00859375 0.0319444
0 0.540234 0.282639 0.00703125 0.0291667
0 0.567969 0.25 0.0078125 0.0333333
0 0.632422 0.28125 0.00703125 0.0375
0 0.289453 0.385417 0.00859375 0.0430556
0 0.371094 0.338194 0.0109375 0.0402778
0 0.440234 0.290278 0.00703125 0.0416667
1 0.843359 0.321528 0.00859375 0.0402778
1 0.696484 0.343056 0.00859375 0.0416667
1 0.852734 0.425694 0.00859375 0.0486111
0 0.432813 0.377083 0.009375 0.0430556
0 0.480078 0.317361 0.00859375 0.0402778
0 0.789844 0.432639 0.009375 0.0513889
1 0.349609 0.452778 0.0148437 0.05
1 0.793359 0.522917 0.0117188 0.0625
4 0.179688 0.321528 0.0890625 0.0930556
