0 0.330859 0.493056 0.0132813 0.0361111
1 0.341016 0.475694 0.0210938 0.0402778
0 0.340234 0.480556 0.0226563 0.0416667
0 0.333203 0.482639 0.0179687 0.0569444
1 0.676953 0.245833 0.00859375 0.0416667
0 0.701953 0.245139 0.0101562 0.0347222
1 0.311328 0.324306 0.0117188 0.0375
1 0.552344 0.399306 0.0125 0.0458333
0 0.349609 0.426389 0.0148437 0.0444444
0 0.708203 0.285417 0.0117188 0.0430556
0 0.429688 0.447222 0.0140625 0.0444444
0 0.720703 0.505556 0.0179687 0.0555556
0 0.191016 0.434028 0.0117188 0.0541667
0 0.258594 0.326389 0.015625 0.0416667
0 0.366797 0.261111 0.0132813 0.0361111
1 0.75625 0.394444 0.009375 0.0527778
1 0.255078 0.442361 0.0132813 0.0430556
0 0.869141 0.761806 0.0164062 0.0708333
1 0.634375 0.316667 0.0140625 0.0416667
1 0.752734 0.6125 0.0226563 0.0611111
1 0.520703 0.363889 0.0179687 0.0416667
1 0.78125 0.473611 0.0203125 0.0583333
