1 0.613672 0.273611 0.0132813 0.0333333
0 0.610937 0.274306 0.0109375 0.0347222
1 0.822266 0.484028 0.0164062 0.0513889
0 0.344922 0.280556 0.0101562 0.0333333
0 0.511719 0.266667 0.009375 0.0333333
0 0.517187 0.300694 0.0078125 0.0319444
1 0.698047 0.348611 0.0101562 0.0416667
1 0.800391 0.390972 0.0101562 0.0430556
1 0.550781 0.280556 0.0078125 0.0361111
0 0.412891 0.310417 0.0101562 0.0375
0 0.536719 0.359722 0.0125 0.0444444
1 0.586719 0.51875 0.015625 0.0597222
0 0.584375 0.251389 0.009375 0.0333333
1 0.760547 0.307639 0.00859375 0.0375
0 0.319141 0.365972 0.00859375 0.0402778
1 0.599219 0.349306 0.009375 0.0430556
1 0.466797 0.344444 0.00859375 0.0416667
1 0.817187 0.476389 0.0171875 0.0583333
0 0.60625 0.443056 0.0125 0.0472222
0 0.777344 0.38125 0.009375 0.0458333
0 0.295703 0.490278 0.0117188 0.05
4 0.116797 0.33125 0.0851562 0.0930556
