1 0.658594 0.21875 0.0078125 0.0402778
0 0.211719 0.220833 0.0109375 0.0361111
1 0.478516 0.215972 0.00703125 0.0291667
0 0.590234 0.219444 0.00703125 0.0333333
0 0.520312 0.444444 0.0109375 0.0666667
0 0.780469 0.288194 0.0109375 0.0430556
1 0.672656 0.292361 0.0078125 0.0402778
0 0.160156 0.370139 0.0171875 0.0486111
1 0.791016 0.254167 0.00859375 0.0388889
1 0.511719 0.6375 0.0140625 0.0666667
0 0.722266 0.238194 0.00859375 0.0402778
1 0.233203 0.286806 0.0101562 0.0375
1 0.382812 0.227778 0.0109375 0.0388889
1 0.320703 0.315278 0.0117188 0.0444444
0 0.172266 0.299306 0.0132813 0.0458333
0 0.336719 0.309722 0.0140625 0.0416667
1 0.483984 0.403472 0.0117188 0.0541667
0 0.420703 0.238194 0.00859375 0.0375
1 0.775391 0.440972 0.0148437 0.0597222
0 0.165625 0.477083 0.01875 0.0569444
