1 0.846094 0.334028 0.046875 0.0652778
0 0.577344 0.242361 0.0078125 0.0263889
1 0.594922 0.295833 0.00859375 0.0361111
1 0.133203 0.26875 0.00703125 0.0291667
0 0.691797 0.284028 0.00703125 0.0236111
0 0.763281 0.271528 0.0078125 0.0319444
1 0.843359 0.34375 0.0210938 0.0375
1 0.541406 0.268056 0.0078125 0.0361111
0 0.196875 0.300694 0.0078125 0.0347222
0 0.595312 0.290278 0.0078125 0.0305556
0 0.765234 0.372222 0.00703125 0.0333333
1 0.683594 0.329861 0.0078125 0.0375
0 0.151172 0.429167 0.00859375 0.0444444
1 0.524219 0.378472 0.0109375 0.0430556
1 0.626953 0.284028 0.00703125 0.0291667
0 0.630859 0.343056 0.00859375 0.0333333
1 0.742188 0.420833 0.0109375 0.0416667
0 0.497656 0.370833 0.0125 0.0388889
1 0.439453 0.306944 0.00859375 0.0333333
1 0.582812 0.322222 0.0078125 0.0333333
0 0.332812 0.319444 0.0078125 0.0333333
0 0.321094 0.5 0.015625 0.0472222
1 0.233203 0.40625 0.00859375 0.0402778
1 0.203516 0.338889 0.00859375 0.0361111
0 0.0960938 0.375 0.009375 0.0416667
4 0.844141 0.325694 0.0820312 0.0875
