1 0.655469 0.208333 0.0078125 0.0333333
0 0.700391 0.228472 0.00859375 0.0291667
1 0.766016 0.222917 0.0101562 0.0319444
0 0.524609 0.219444 0.00703125 0.0388889
1 0.428906 0.213889 0.0078125 0.0333333
1 0.383984 0.238889 0.00859375 0.0388889
0 0.314844 0.247917 0.009375 0.0347222
0 0.523438 0.461806 0.0109375 0.0569444
0 0.474609 0.25 0.0101562 0.0361111
1 0.246484 0.3375 0.0101562 0.0444444
1 0.442969 0.433333 0.0125 0.0611111
0 0.771094 0.270139 0.0078125 0.0375
0 0.222656 0.327083 0.009375 0.0486111
1 0.423047 0.755556 0.0164062 0.0833333
0 0.203516 0.390278 0.0117188 0.05
0 0.415234 0.321528 0.0101562 0.0430556
1 0.323828 0.380556 0.0132813 0.05
1 0.670313 0.294444 0.0109375 0.0388889
0 0.197266 0.513889 0.0148437 0.0611111
1 0.873047 0.479167 0.0179687 0.0611111
