0 0.723828 0.298611 0.0101562 0.0444444
1 0.69375 0.249306 0.009375 0.0486111
0 0.407813 0.203472 0.009375 0.0347222
1 0.466016 0.250694 0.0101562 0.0430556
1 0.723047 0.31875 0.0101562 0.0430556
0 0.576172 0.197917 0.0117188 0.0402778
1 0.655078 0.288194 0.00859375 0.0458333
1 0.732813 0.420139 0.0140625 0.0625
1 0.555078 0.210417 0.0101562 0.0375
1 0.491797 0.310417 0.0101562 0.0513889
0 0.580078 0.240972 0.0101562 0.0430556
0 0.328516 0.259028 0.0117188 0.0486111
0 0.439844 0.255556 0.0109375 0.0416667
0 0.435937 0.329167 0.0140625 0.0527778
1 0.226172 0.384722 0.00859375 0.05
1 0.405859 0.236111 0.0101562 0.0388889
1 0.526953 0.509722 0.0179687 0.0583333
0 0.0828125 0.556944 0.0140625 0.0722222
0 0.0332031 0.416667 0.0132813 0.05
0 0.575 0.446528 0.015625 0.0569444
