1 0.707031 0.401389 0.015625 0.05
0 0.733203 0.411111 0.0117188 0.0472222
0 0.572266 0.566667 0.0148437 0.0472222
1 0.646875 0.304167 0.009375 0.0305556
1 0.737109 0.485417 0.0101562 0.0486111
1 0.733984 0.422917 0.0117188 0.0430556
0 0.338672 0.311111 0.00859375 0.0333333
1 0.685156 0.428472 0.015625 0.0375
0 0.351562 0.545833 0.0125 0.05
0 0.875391 0.629861 0.0164062 0.0569444
0 0.690234 0.280556 0.00546875 0.0305556
0 0.560938 0.494444 0.0125 0.0444444
0 0.403906 0.436111 0.009375 0.0416667
0 0.223828 0.405556 0.0117188 0.0416667
1 0.360938 0.403472 0.009375 0.0347222
1 0.602344 0.392361 0.0125 0.0375
1 0.784766 0.404167 0.0101562 0.0444444
1 0.657031 0.482639 0.0125 0.0486111
1 0.709766 0.390972 0.0132813 0.0402778
1 0.503906 0.484028 0.0125 0.0402778
4 0.874609 0.326389 0.0710938 0.0888889
