1 0.646094 0.303472 0.0078125 0.0291667
1 0.720703 0.420139 0.0101562 0.0430556
1 0.727344 0.490972 0.009375 0.0430556
0 0.740625 0.479167 0.009375 0.0444444
1 0.589453 0.390278 0.0101562 0.0361111
0 0.682813 0.28125 0.0078125 0.0291667
0 0.335938 0.313194 0.009375 0.0319444
1 0.774609 0.405556 0.00859375 0.0388889
0 0.745703 0.399306 0.0117188 0.0402778
0 0.390625 0.430556 0.0109375 0.0388889
0 0.547656 0.550694 0.0125 0.0486111
1 0.639453 0.479861 0.0148437 0.0430556
1 0.353125 0.402778 0.0109375 0.0388889
0 0.546484 0.495833 0.0132813 0.0416667
0 0.869922 0.629861 0.0132813 0.0541667
1 0.483984 0.475 0.0101562 0.0416667
1 0.671875 0.425694 0.0125 0.0375
0 0.217578 0.404167 0.0117188 0.0416667
1 0.702344 0.382639 0.0125 0.0347222
0 0.334375 0.536806 0.0171875 0.0486111
4 0.878906 0.327083 0.0671875 0.0819444
