1 0.266016 0.249306 0.00703125 0.0236111
1 0.647656 0.305556 0.0078125 0.0305556
1 0.726172 0.490972 0.0101562 0.0430556
0 0.682031 0.28125 0.00625 0.0291667
1 0.586719 0.385417 0.0109375 0.0347222
0 0.544922 0.497222 0.0148437 0.0444444
0 0.334375 0.313889 0.009375 0.0305556
0 0.741016 0.479167 0.0101562 0.0472222
0 0.54375 0.546528 0.0140625 0.0513889
0 0.387109 0.429167 0.0117188 0.0388889
1 0.351562 0.402778 0.009375 0.0388889
0 0.746875 0.397917 0.0109375 0.0402778
1 0.634766 0.479167 0.0117188 0.0444444
1 0.701172 0.38125 0.0101562 0.0347222
0 0.216406 0.402778 0.0109375 0.0444444
1 0.480859 0.472917 0.0132813 0.0430556
1 0.717578 0.418056 0.0101562 0.0444444
1 0.772656 0.403472 0.0109375 0.0430556
1 0.667969 0.425694 0.009375 0.0375
0 0.332422 0.536806 0.0164062 0.0513889
0 0.86875 0.630556 0.015625 0.0555556
4 0.880078 0.326389 0.0710938 0.0805556
