0 0.602734 0.193056 0.0117188 0.0361111
1 0.701953 0.238194 0.0101562 0.0291667
0 0.647656 0.190278 0.0109375 0.0333333
1 0.636719 0.2375 0.009375 0.0472222
1 0.740625 0.29375 0.0125 0.0458333
1 0.675 0.194444 0.0109375 0.0361111
0 0.44375 0.288194 0.0125 0.0486111
0 0.362109 0.199306 0.00859375 0.0430556
0 0.662891 0.222917 0.0101562 0.0319444
1 0.551562 0.228472 0.009375 0.0458333
0 0.479297 0.242361 0.00859375 0.0402778
0 0.225391 0.460417 0.0164062 0.0652778
1 0.560938 0.280556 0.0125 0.05
1 0.757812 0.363889 0.0171875 0.0527778
0 0.714063 0.263194 0.0109375 0.0458333
0 0.675391 0.33125 0.0132813 0.0541667
1 0.317187 0.352778 0.0109375 0.0527778
0 0.278516 0.2625 0.0117188 0.0527778
1 0.396875 0.227778 0.009375 0.0388889
0 0.228516 0.354167 0.0132813 0.0583333
1 0.667188 0.472917 0.0171875 0.0625
