1 0.716016 0.263889 0.0101562 0.0333333
1 0.557813 0.3375 0.0109375 0.0361111
0 0.638281 0.246528 0.0171875 0.0291667
1 0.561719 0.334722 0.0109375 0.0388889
0 0.635547 0.238194 0.0117188 0.0291667
1 0.720703 0.265278 0.0101562 0.0305556
1 0.712109 0.291667 0.00859375 0.0333333
0 0.798828 0.375 0.0101562 0.0361111
0 0.65625 0.252778 0.0125 0.0305556
0 0.321875 0.302083 0.009375 0.0347222
0 0.244531 0.382639 0.009375 0.0486111
0 0.840625 0.409722 0.009375 0.0388889
0 0.439844 0.323611 0.0078125 0.0361111
1 0.821875 0.372917 0.0109375 0.0402778
1 0.814844 0.440972 0.0140625 0.0402778
1 0.80625 0.50625 0.0125 0.0513889
1 0.277734 0.480556 0.0148437 0.0444444
0 0.296484 0.434722 0.0117188 0.05
0 0.566797 0.438889 0.0132813 0.0416667
1 0.64375 0.466667 0.0125 0.05
1 0.726172 0.359028 0.0101562 0.0402778
0 0.314453 0.552778 0.0132813 0.0583333
1 0.139844 0.39375 0.0140625 0.0402778
