0 0.223047 0.3375 0.00859375 0.0416667
1 0.863672 0.53125 0.0179687 0.0847222
0 0.447266 0.240972 0.00859375 0.0347222
1 0.560156 0.260417 0.009375 0.0347222
0 0.529297 0.260417 0.0117188 0.0319444
1 0.348828 0.327778 0.0101562 0.0388889
0 0.678125 0.28125 0.0078125 0.0347222
0 0.489453 0.2625 0.00859375 0.0305556
0 0.404687 0.335417 0.0078125 0.0402778
0 0.361328 0.29375 0.00859375 0.0347222
0 0.323047 0.328472 0.00859375 0.0347222
1 0.863672 0.422917 0.0101562 0.0486111
0 0.309375 0.368056 0.0078125 0.0416667
0 0.46875 0.380556 0.0125 0.0416667
1 0.860937 0.506944 0.0109375 0.0527778
1 0.619141 0.295833 0.0101562 0.0388889
0 0.804297 0.430556 0.0117188 0.0444444
1 0.708203 0.3375 0.00859375 0.0388889
1 0.830469 0.325 0.0109375 0.0416667
1 0.538281 0.350694 0.0109375 0.0402778
1 0.430469 0.439583 0.0171875 0.0430556
4 0.165625 0.332639 0.0796875 0.0930556
