1 0.683203 0.247222 0.00859375 0.0361111
1 0.725 0.245833 0.0109375 0.0527778
0 0.530078 0.253472 0.0132813 0.0513889
0 0.335938 0.167361 0.009375 0.0375
0 0.348437 0.152083 0.0109375 0.0375
0 0.674219 0.205556 0.009375 0.05
1 0.532422 0.246528 0.0117188 0.0513889
1 0.725 0.231944 0.009375 0.0361111
0 0.727344 0.263889 0.0109375 0.0416667
1 0.680859 0.257639 0.0101562 0.0430556
1 0.749219 0.292361 0.009375 0.0513889
1 0.588281 0.300694 0.0109375 0.0513889
0 0.3375 0.178472 0.0109375 0.0402778
0 0.653906 0.234722 0.009375 0.0527778
1 0.770703 0.36875 0.0132813 0.0569444
1 0.321875 0.371528 0.0140625 0.0569444
0 0.335547 0.232639 0.0132813 0.0458333
1 0.409375 0.213889 0.0078125 0.0388889
0 0.491797 0.300694 0.0117188 0.0541667
0 0.698047 0.370139 0.0101562 0.0597222
1 0.634766 0.1875 0.0117188 0.0416667
0 0.154687 0.383333 0.01875 0.0638889
1 0.665234 0.495833 0.0179687 0.0666667
0 0.259375 0.534028 0.01875 0.0736111
