1 0.429297 0.41875 0.0117188 0.0513889
0 0.458594 0.275694 0.0109375 0.0402778
1 0.460547 0.271528 0.0101562 0.0402778
0 0.375391 0.356944 0.0101562 0.0527778
0 0.512109 0.236111 0.00859375 0.0361111
1 0.699609 0.236111 0.0101562 0.0388889
0 0.320312 0.256944 0.009375 0.0388889
0 0.630469 0.268056 0.009375 0.0388889
1 0.769922 0.305556 0.00859375 0.0416667
1 0.479297 0.201389 0.0101562 0.0361111
1 0.596484 0.325 0.00859375 0.0472222
0 0.195312 0.351389 0.009375 0.0472222
0 0.484766 0.478472 0.0132813 0.0541667
1 0.215234 0.452778 0.0117188 0.0527778
0 0.686719 0.336111 0.0125 0.0444444
1 0.871484 0.477778 0.0117188 0.0583333
1 0.214453 0.379861 0.0101562 0.0513889
0 0.162109 0.427778 0.0132813 0.0527778
0 0.183203 0.490278 0.0117188 0.0583333
1 0.450781 0.69375 0.0140625 0.0680556
1 0.379297 0.427083 0.0101562 0.0486111
