0 0.606641 0.195139 0.00859375 0.0319444
0 0.482031 0.272222 0.0109375 0.0333333
0 0.601953 0.2 0.0164062 0.0388889
0 0.419922 0.233333 0.0132813 0.0472222
0 0.482031 0.2625 0.015625 0.05
0 0.479297 0.263889 0.00859375 0.0388889
1 0.703516 0.268056 0.0101562 0.0416667
1 0.492188 0.256944 0.009375 0.0444444
1 0.597656 0.20625 0.0125 0.0375
0 0.734766 0.291667 0.0101562 0.0444444
1 0.721094 0.249306 0.009375 0.0402778
1 0.680469 0.286806 0.0109375 0.0486111
1 0.727344 0.320833 0.0109375 0.0416667
0 0.599219 0.248611 0.0109375 0.0444444
0 0.0523437 0.433333 0.0125 0.0527778
1 0.249609 0.3875 0.0148437 0.05
0 0.344922 0.254861 0.0132813 0.0458333
0 0.410156 0.204167 0.0125 0.0388889
1 0.501172 0.315278 0.0101562 0.0527778
1 0.571875 0.520833 0.0125 0.0666667
1 0.421094 0.238194 0.009375 0.0375
0 0.608984 0.440278 0.0148437 0.0638889
0 0.441016 0.334028 0.0117188 0.0569444
1 0.742578 0.415278 0.0132813 0.0583333
0 0.116016 0.583333 0.0226563 0.0722222
