0 0.390625 0.339583 0.009375 0.0319444
0 0.591406 0.227083 0.0078125 0.0319444
1 0.628125 0.251389 0.009375 0.0388889
1 0.390625 0.324306 0.009375 0.0375
0 0.3875 0.330556 0.0109375 0.0416667
1 0.538281 0.291667 0.015625 0.0361111
1 0.572656 0.315972 0.009375 0.0402778
0 0.439063 0.379861 0.0078125 0.0458333
0 0.578906 0.252083 0.0078125 0.0319444
1 0.515234 0.258333 0.0101562 0.0333333
0 0.634766 0.286111 0.00859375 0.0361111
0 0.453516 0.288889 0.00859375 0.0416667
0 0.296484 0.386111 0.0101562 0.0444444
1 0.850781 0.427083 0.009375 0.0513889
1 0.701953 0.345139 0.00859375 0.0402778
1 0.845312 0.322917 0.0109375 0.0402778
0 0.489844 0.317361 0.0125 0.0375
0 0.782812 0.435417 0.0109375 0.0513889
1 0.785547 0.523611 0.0132813 0.0611111
1 0.366016 0.456944 0.0132813 0.0527778
4 0.179297 0.322222 0.0929687 0.0944444
