0 0.163672 0.197917 0.0101562 0.0319444
1 0.703516 0.268056 0.0101562 0.0416667
0 0.420703 0.233333 0.0132813 0.0472222
1 0.493359 0.25625 0.00859375 0.0430556
0 0.482422 0.2625 0.0132813 0.05
0 0.734766 0.290972 0.0101562 0.0430556
1 0.721094 0.247917 0.009375 0.0402778
1 0.597656 0.206944 0.0109375 0.0361111
1 0.680078 0.285417 0.0101562 0.0486111
1 0.727734 0.319444 0.0117188 0.0444444
0 0.599609 0.248611 0.0101562 0.0444444
0 0.053125 0.432639 0.0125 0.0513889
1 0.573438 0.520139 0.0125 0.0652778
0 0.344141 0.252778 0.0132813 0.0444444
1 0.250781 0.386111 0.0125 0.0527778
1 0.500781 0.315278 0.0125 0.05
0 0.410156 0.204167 0.0125 0.0416667
1 0.421484 0.238194 0.0101562 0.0375
0 0.609766 0.4375 0.0164062 0.0583333
0 0.441016 0.333333 0.0117188 0.0583333
1 0.742188 0.415278 0.0125 0.0583333
0 0.117188 0.579167 0.0171875 0.0722222
