0 0.404687 0.413194 0.0125 0.0541667
0 0.692578 0.24375 0.0101562 0.0402778
1 0.693359 0.246528 0.0101562 0.0430556
1 0.423828 0.20625 0.00703125 0.0291667
0 0.690234 0.263889 0.0101562 0.0361111
0 0.220703 0.347222 0.0117188 0.05
1 0.792188 0.278472 0.0109375 0.0402778
1 0.222266 0.355556 0.0101562 0.0472222
1 0.405469 0.261806 0.0078125 0.0375
0 0.278125 0.266667 0.0078125 0.0388889
0 0.200781 0.432639 0.0125 0.0513889
1 0.624609 0.313889 0.0101562 0.0416667
0 0.402734 0.378472 0.0101562 0.0513889
1 0.414062 0.453472 0.009375 0.0513889
0 0.841016 0.310417 0.00859375 0.0375
1 0.909766 0.510417 0.0132813 0.0597222
0 0.496875 0.248611 0.0078125 0.0388889
0 0.505469 0.504861 0.0125 0.0569444
0 0.471875 0.291667 0.009375 0.0361111
0 0.164453 0.549306 0.0132813 0.0625
1 0.34375 0.781944 0.0203125 0.0833333
1 0.248437 0.420833 0.0109375 0.0527778
