0 0.238281 0.371528 0.0140625 0.0402778
1 0.266406 0.401389 0.0140625 0.0416667
0 0.266406 0.4 0.0140625 0.0388889
0 0.229687 0.361111 0.0078125 0.0333333
0 0.242188 0.388194 0.0109375 0.0375
1 0.462109 0.289583 0.00859375 0.0375
0 0.236328 0.327778 0.0101562 0.0333333
0 0.199609 0.395139 0.0148437 0.0430556
1 0.810938 0.464583 0.0140625 0.0569444
0 0.333594 0.345833 0.0109375 0.0388889
0 0.138281 0.401389 0.009375 0.0416667
0 0.276563 0.296528 0.0078125 0.0375
1 0.258203 0.299306 0.0101562 0.0402778
0 0.617969 0.336111 0.0109375 0.0444444
1 0.795703 0.385417 0.0148437 0.0430556
0 0.510156 0.315972 0.009375 0.0402778
0 0.689453 0.600694 0.0148437 0.0569444
4 0.147266 0.281944 0.0726563 0.0777778
1 0.291797 0.446528 0.0195312 0.0430556
0 0.311328 0.585417 0.0210938 0.0513889
1 0.509375 0.427083 0.015625 0.0430556
1 0.411328 0.395833 0.0148437 0.0416667
1 0.802734 0.60625 0.0195312 0.0597222
