0 0.762891 0.3375 0.0148437 0.0222222
1 0.134375 0.411111 0.0171875 0.0527778
0 0.130859 0.413889 0.0164062 0.0444444
0 0.757422 0.338194 0.0101562 0.0263889
1 0.650391 0.290972 0.00703125 0.0291667
1 0.636328 0.31875 0.00859375 0.0319444
0 0.126172 0.41875 0.0101562 0.0430556
0 0.664844 0.274306 0.00625 0.0291667
1 0.598828 0.303472 0.0101562 0.0347222
1 0.565625 0.319444 0.0078125 0.0333333
1 0.749609 0.411806 0.0117188 0.0402778
0 0.641016 0.3625 0.00859375 0.0416667
0 0.211328 0.466667 0.0101562 0.0527778
0 0.225 0.33125 0.0078125 0.0347222
1 0.665234 0.331944 0.00703125 0.0416667
0 0.554297 0.4 0.0101562 0.0444444
1 0.699609 0.356944 0.00859375 0.0444444
1 0.139062 0.409028 0.0109375 0.0458333
1 0.257422 0.459028 0.0117188 0.0486111
0 0.263281 0.550694 0.0109375 0.0652778
0 0.365234 0.341667 0.00859375 0.0388889
1 0.596875 0.418056 0.009375 0.0444444
4 0.837109 0.315278 0.0742188 0.0861111
