0 0.660547 0.240278 0.00703125 0.025
0 0.734375 0.254861 0.00625 0.0319444
1 0.55625 0.263889 0.0078125 0.0333333
1 0.664062 0.29375 0.0078125 0.0347222
0 0.633984 0.315972 0.00859375 0.0319444
0 0.203125 0.463889 0.0125 0.0527778
0 0.212109 0.302083 0.00859375 0.0347222
1 0.719141 0.341667 0.00859375 0.0388889
1 0.471484 0.329861 0.00859375 0.0347222
0 0.576563 0.449306 0.0125 0.0458333
0 0.901563 0.461111 0.009375 0.0361111
0 0.708594 0.385417 0.009375 0.0347222
1 0.285156 0.449306 0.009375 0.0430556
1 0.628125 0.349306 0.009375 0.0375
1 0.228906 0.340278 0.009375 0.0333333
1 0.926953 0.488889 0.0117188 0.0444444
0 0.116406 0.375 0.0109375 0.0416667
0 0.341406 0.340278 0.0078125 0.0388889
1 0.619531 0.45 0.0109375 0.0472222
0 0.503516 0.534722 0.0164062 0.05
4 0.834766 0.313194 0.0742188 0.0875
