1 0.383203 0.418056 0.0195312 0.0638889
1 0.508594 0.210417 0.0109375 0.0347222
1 0.384766 0.434028 0.0117188 0.0430556
0 0.380469 0.402083 0.0171875 0.0541667
0 0.333203 0.255556 0.00859375 0.0388889
1 0.605469 0.35625 0.009375 0.0458333
1 0.752344 0.314583 0.0078125 0.0430556
1 0.219141 0.396528 0.0117188 0.0458333
0 0.182031 0.369444 0.0109375 0.05
0 0.397656 0.297917 0.009375 0.0402778
0 0.516406 0.247222 0.009375 0.0416667
0 0.585547 0.515278 0.0132813 0.0555556
1 0.236719 0.485417 0.0140625 0.0541667
0 0.207422 0.520139 0.0148437 0.0541667
1 0.477734 0.273611 0.00859375 0.0388889
0 0.721875 0.375 0.009375 0.0472222
1 0.729297 0.226389 0.00703125 0.0333333
0 0.160156 0.440972 0.0140625 0.0541667
1 0.644531 0.674306 0.0234375 0.0652778
0 0.689062 0.293056 0.0125 0.0388889
1 0.910156 0.470139 0.015625 0.0541667
