0 0.698828 0.88125 0.0242187 0.0875
1 0.593359 0.853472 0.0242187 0.0958333
1 0.615234 0.791667 0.0164062 0.0694444
1 0.1125 0.346528 0.0109375 0.0486111
1 0.565625 0.327778 0.0140625 0.0472222
1 0.122266 0.501389 0.0132813 0.0555556
0 0.544922 0.293056 0.0117188 0.0416667
0 0.598437 0.713194 0.015625 0.0680556
0 0.268359 0.290278 0.0117188 0.0416667
0 0.142969 0.588194 0.0140625 0.0597222
0 0.229297 0.35625 0.0164062 0.0458333
0 0.198828 0.441667 0.0148437 0.0555556
0 0.713672 0.310417 0.0101562 0.0430556
1 0.360938 0.415278 0.0125 0.0527778
1 0.771484 0.379861 0.0101562 0.0486111
0 0.375781 0.359722 0.0125 0.0472222
1 0.486719 0.66875 0.0171875 0.0680556
0 0.376563 0.480556 0.0171875 0.0555556
1 0.568359 0.454861 0.0117188 0.0513889
1 0.770312 0.601389 0.0203125 0.0694444
