0 0.81875 0.538889 0.0046875 0.0194444
0 0.732422 0.256944 0.00546875 0.0277778
1 0.563281 0.268056 0.0078125 0.0333333
0 0.629297 0.325694 0.00859375 0.0291667
0 0.538672 0.565278 0.0148437 0.05
1 0.636328 0.361111 0.0101562 0.0361111
1 0.3 0.484722 0.0125 0.0444444
1 0.670313 0.306944 0.0078125 0.0333333
0 0.228125 0.304861 0.0078125 0.0347222
1 0.721875 0.357639 0.009375 0.0375
0 0.728516 0.404861 0.00859375 0.0375
1 0.957031 0.511111 0.0125 0.0444444
0 0.135547 0.377083 0.0101562 0.0402778
0 0.214453 0.492361 0.0101562 0.0513889
1 0.639844 0.491667 0.0125 0.05
0 0.915625 0.509722 0.0109375 0.0527778
0 0.348047 0.361111 0.00859375 0.0333333
0 0.608984 0.490972 0.0132813 0.0486111
1 0.239844 0.351389 0.0078125 0.0333333
1 0.478516 0.343056 0.00859375 0.0361111
4 0.834766 0.311111 0.0726563 0.0861111
