0 0.510547 0.265972 0.0101562 0.0291667
1 0.598437 0.25625 0.0078125 0.0319444
0 0.325781 0.341667 0.009375 0.0388889
0 0.482422 0.24375 0.00859375 0.0291667
0 0.530859 0.251389 0.00859375 0.0305556
0 0.646484 0.277083 0.00703125 0.0375
1 0.561719 0.296528 0.0078125 0.0319444
0 0.507031 0.270139 0.009375 0.0291667
1 0.522266 0.326389 0.0117188 0.0361111
0 0.394141 0.290972 0.0101562 0.0375
1 0.700781 0.339583 0.0078125 0.0402778
0 0.426172 0.375694 0.00859375 0.0430556
0 0.429297 0.322222 0.0132813 0.0361111
0 0.275391 0.374306 0.00859375 0.0486111
1 0.832812 0.320833 0.009375 0.0416667
1 0.341016 0.3375 0.00859375 0.0416667
1 0.351172 0.436111 0.0101562 0.0472222
0 0.797266 0.432639 0.0132813 0.0458333
1 0.855078 0.424306 0.0117188 0.0486111
1 0.819922 0.515278 0.0210938 0.0666667
4 0.173828 0.329167 0.0898438 0.0916667
