1 0.955078 0.359722 0.0148437 0.0472222
0 0.380078 0.444444 0.0132813 0.0527778
1 0.379687 0.445139 0.0109375 0.0486111
1 0.164453 0.384028 0.0101562 0.0458333
1 0.861328 0.5625 0.0117188 0.0611111
0 0.152734 0.400694 0.0101562 0.0513889
1 0.207422 0.354861 0.0101562 0.0430556
0 0.308984 0.372222 0.0117188 0.0361111
0 0.508594 0.228472 0.0078125 0.0319444
1 0.613281 0.218056 0.009375 0.0333333
1 0.30625 0.284028 0.0078125 0.0402778
1 0.389844 0.200694 0.0078125 0.0347222
1 0.305859 0.406944 0.0132813 0.0444444
0 0.177344 0.347917 0.0109375 0.0430556
0 0.253516 0.278472 0.0101562 0.0402778
1 0.494141 0.328472 0.0101562 0.0430556
0 0.728516 0.401389 0.0164062 0.0444444
1 0.690625 0.316667 0.0140625 0.0472222
0 0.366797 0.292361 0.0101562 0.0402778
0 0.405859 0.515278 0.0148437 0.0527778
1 0.241797 0.652083 0.0164062 0.0680556
0 0.151562 0.4875 0.0140625 0.0583333
