0 0.390625 0.485417 0.0109375 0.0625
1 0.211328 0.388889 0.0101562 0.0388889
1 0.716406 0.304167 0.0078125 0.0388889
1 0.214453 0.368056 0.0117188 0.0388889
1 0.670313 0.213889 0.0078125 0.0333333
0 0.704297 0.3125 0.0101562 0.0388889
0 0.401172 0.333333 0.00859375 0.0472222
1 0.403125 0.20625 0.0078125 0.0319444
0 0.190625 0.359722 0.0125 0.05
1 0.308984 0.307639 0.0101562 0.0402778
0 0.710156 0.413194 0.0109375 0.0513889
0 0.148438 0.425694 0.0140625 0.0541667
1 0.4125 0.415972 0.0125 0.0513889
0 0.50625 0.23125 0.0078125 0.0347222
0 0.1875 0.538889 0.0140625 0.0583333
0 0.344922 0.4125 0.0117188 0.0527778
0 0.260938 0.2875 0.009375 0.0416667
0 0.480859 0.534028 0.0148437 0.0541667
1 0.557031 0.346528 0.0125 0.0430556
1 0.305859 0.709028 0.0179687 0.0708333
1 0.902734 0.538194 0.0132813 0.0597222
