1 0.596484 0.347917 0.0117188 0.0402778
0 0.542969 0.214583 0.0078125 0.0402778
0 0.595703 0.338889 0.0132813 0.0444444
1 0.400391 0.279167 0.0101562 0.0416667
0 0.541016 0.225694 0.0101562 0.0430556
0 0.381641 0.284722 0.00859375 0.0388889
1 0.585156 0.290972 0.0109375 0.0402778
1 0.507812 0.238889 0.009375 0.0361111
0 0.274219 0.250694 0.009375 0.0347222
1 0.396094 0.344444 0.0109375 0.0416667
1 0.64375 0.263194 0.009375 0.0375
1 0.670703 0.302778 0.0101562 0.0444444
0 0.195312 0.43125 0.0125 0.0486111
1 0.421094 0.270139 0.009375 0.0375
0 0.193359 0.327083 0.0117188 0.0430556
1 0.791797 0.45625 0.0179687 0.0486111
0 0.494531 0.379167 0.0125 0.0472222
1 0.805859 0.358333 0.00859375 0.0444444
0 0.359375 0.565278 0.0109375 0.0638889
0 0.770312 0.393056 0.0109375 0.05
