0 0.612109 0.197917 0.0117188 0.0402778
0 0.505469 0.2625 0.0171875 0.0472222
1 0.617969 0.204861 0.0109375 0.0319444
0 0.733594 0.272222 0.0109375 0.0416667
0 0.734766 0.288194 0.0101562 0.0513889
1 0.614453 0.199306 0.0132813 0.0430556
1 0.512109 0.250694 0.00859375 0.0402778
0 0.639844 0.411806 0.0125 0.0597222
0 0.500781 0.265972 0.0125 0.0430556
1 0.720312 0.25 0.0109375 0.0472222
1 0.735156 0.314583 0.0078125 0.0375
0 0.604297 0.240972 0.0101562 0.0486111
1 0.676953 0.280556 0.00703125 0.0444444
0 0.405078 0.195139 0.00859375 0.0402778
1 0.437109 0.236111 0.00859375 0.0388889
0 0.121094 0.413889 0.0140625 0.0527778
1 0.594531 0.518056 0.0140625 0.0638889
0 0.345703 0.24375 0.00859375 0.0458333
1 0.519922 0.317361 0.0101562 0.0513889
0 0.15 0.577778 0.0171875 0.0694444
1 0.748438 0.404861 0.0140625 0.0625
1 0.265234 0.379167 0.0132813 0.0555556
0 0.455078 0.331944 0.0164062 0.0527778
