0 0.939844 0.41875 0.0140625 0.0513889
1 0.589844 0.239583 0.0078125 0.0319444
0 0.603125 0.260417 0.00625 0.0319444
1 0.471875 0.393056 0.0078125 0.0472222
0 0.675391 0.409028 0.0101562 0.0458333
0 0.40625 0.431944 0.009375 0.0444444
0 0.444141 0.226389 0.00859375 0.0305556
1 0.554688 0.73125 0.015625 0.0625
0 0.256641 0.28125 0.00859375 0.0347222
1 0.324219 0.309028 0.0109375 0.0402778
1 0.406641 0.238194 0.00703125 0.0319444
1 0.666797 0.299306 0.00859375 0.0347222
1 0.573047 0.333333 0.0132813 0.0388889
0 0.370703 0.346528 0.00703125 0.0375
0 0.167578 0.457639 0.0132813 0.0513889
0 0.283594 0.552778 0.0109375 0.0555556
0 0.655469 0.511806 0.0109375 0.0541667
1 0.273047 0.325694 0.00859375 0.0375
1 0.235938 0.459722 0.0140625 0.0472222
0 0.188672 0.351389 0.0101562 0.0388889
1 0.838281 0.446528 0.0140625 0.0458333
4 0.946094 0.300694 0.08125 0.0930556
