0 0.469141 0.255556 0.0148437 0.0444444
0 0.713672 0.253472 0.00859375 0.0430556
1 0.723437 0.317361 0.0078125 0.0375
0 0.726172 0.309028 0.0101562 0.0458333
1 0.714063 0.251389 0.0078125 0.0444444
0 0.728516 0.288194 0.0101562 0.0430556
1 0.579687 0.208333 0.009375 0.0416667
0 0.410547 0.205556 0.00859375 0.0361111
1 0.675 0.285417 0.009375 0.0458333
0 0.595703 0.197917 0.00859375 0.0375
1 0.478906 0.252083 0.009375 0.0486111
0 0.464063 0.260417 0.009375 0.0430556
0 0.590625 0.245833 0.0125 0.0444444
0 0.341797 0.254861 0.0117188 0.0458333
1 0.238672 0.384722 0.0101562 0.0527778
1 0.414062 0.236806 0.009375 0.0375
0 0.0316406 0.425 0.0101562 0.0527778
1 0.494531 0.3125 0.0109375 0.0527778
0 0.437891 0.329861 0.0132813 0.0569444
1 0.739453 0.416667 0.0117188 0.0611111
0 0.1 0.572917 0.015625 0.0680556
1 0.554688 0.514583 0.0203125 0.0652778
0 0.594922 0.444444 0.0164062 0.0555556
