0 0.655469 0.309722 0.0140625 0.0416667
1 0.146875 0.407639 0.0171875 0.0541667
0 0.384375 0.449306 0.0125 0.0486111
0 0.152344 0.407639 0.0140625 0.0458333
1 0.141797 0.404861 0.0101562 0.0430556
0 0.6625 0.301389 0.009375 0.0333333
1 0.650781 0.325 0.0125 0.0388889
1 0.200781 0.356944 0.009375 0.0444444
0 0.453906 0.245833 0.0078125 0.0361111
0 0.889453 0.411806 0.0117188 0.0402778
1 0.558984 0.245139 0.00703125 0.0347222
0 0.276172 0.384722 0.0117188 0.05
1 0.377734 0.216667 0.00703125 0.0305556
1 0.244141 0.429861 0.0117188 0.0513889
0 0.183203 0.352083 0.0101562 0.0458333
1 0.892187 0.625 0.0140625 0.0694444
0 0.345703 0.304167 0.0117188 0.0388889
0 0.246484 0.288194 0.0101562 0.0402778
1 0.294531 0.295139 0.0109375 0.0402778
1 0.465234 0.3375 0.0101562 0.0416667
0 0.351953 0.513889 0.0132813 0.0555556
0 0.141406 0.480556 0.015625 0.0527778
1 0.198828 0.655556 0.0195312 0.0722222
