0 0.432031 0.480556 0.009375 0.0416667
1 0.584766 0.2375 0.00703125 0.0305556
1 0.390234 0.797222 0.0195312 0.075
1 0.395312 0.232639 0.0078125 0.0347222
1 0.439844 0.425694 0.0109375 0.0486111
1 0.245312 0.358333 0.009375 0.0388889
0 0.273438 0.301389 0.009375 0.0361111
1 0.722656 0.309722 0.009375 0.0388889
0 0.417578 0.239583 0.00703125 0.0375
0 0.420703 0.351389 0.00859375 0.0416667
0 0.666406 0.315278 0.0078125 0.0416667
0 0.166797 0.456944 0.0132813 0.05
0 0.719141 0.447222 0.0101562 0.05
0 0.184766 0.365972 0.0101562 0.0430556
0 0.219922 0.58125 0.0132813 0.0597222
1 0.681641 0.35 0.0101562 0.0388889
0 0.38125 0.445139 0.0125 0.0513889
1 0.221875 0.425694 0.0109375 0.0430556
1 0.946094 0.525694 0.0109375 0.0569444
0 0.587891 0.55 0.0164062 0.0527778
1 0.302344 0.329861 0.009375 0.0402778
4 0.971875 0.30625 0.05625 0.0875
