1 0.594141 0.507639 0.0148437 0.0708333
1 0.305859 0.244444 0.00859375 0.0416667
1 0.602734 0.217361 0.0101562 0.0375
0 0.64375 0.242361 0.0109375 0.0375
1 0.315625 0.298611 0.009375 0.0416667
0 0.330078 0.281944 0.00859375 0.0388889
0 0.328516 0.195139 0.0101562 0.0375
0 0.638672 0.218056 0.0101562 0.0333333
1 0.662891 0.277778 0.0101562 0.0416667
1 0.408594 0.223611 0.0078125 0.0388889
0 0.748047 0.302778 0.00859375 0.0416667
1 0.771875 0.288194 0.009375 0.0458333
0 0.112891 0.363194 0.0132813 0.0458333
1 0.541016 0.354861 0.0101562 0.0513889
0 0.359766 0.21875 0.00703125 0.0375
1 0.716016 0.395139 0.0148437 0.0541667
0 0.228906 0.252083 0.009375 0.0402778
0 0.529297 0.397222 0.0101562 0.0527778
1 0.678906 0.2375 0.009375 0.0361111
0 0.142969 0.504861 0.015625 0.0652778
1 0.590234 0.520833 0.0148437 0.0583333
