0 0.538281 0.415278 0.0140625 0.05
0 0.740234 0.236806 0.00546875 0.0208333
1 0.652734 0.617361 0.0132813 0.0652778
1 0.704297 0.473611 0.0132813 0.0444444
1 0.107031 0.357639 0.009375 0.0430556
0 0.476953 0.5 0.0132813 0.05
1 0.788672 0.331944 0.0101562 0.0416667
1 0.731641 0.659722 0.0210938 0.0555556
0 0.703906 0.518056 0.01875 0.0555556
0 0.715234 0.265278 0.0101562 0.0361111
0 0.413281 0.354861 0.0140625 0.0458333
0 0.261328 0.438194 0.0132813 0.0513889
0 0.302344 0.286806 0.009375 0.0375
1 0.687109 0.61875 0.0195312 0.0541667
1 0.646484 0.31875 0.0148437 0.0375
0 0.268359 0.3625 0.0101562 0.0472222
0 0.577734 0.272222 0.0148437 0.0361111
1 0.821484 0.527083 0.0179687 0.0625
0 0.877344 0.597222 0.0171875 0.0611111
1 0.172266 0.523611 0.0164062 0.0583333
0 0.246484 0.605556 0.0210938 0.0638889
1 0.459766 0.388889 0.0179687 0.0472222
