0 0.694141 0.339583 0.0132813 0.0375
0 0.696094 0.345833 0.0078125 0.0361111
0 0.684766 0.340972 0.00859375 0.0347222
1 0.525781 0.313194 0.00625 0.0402778
0 0.559766 0.29375 0.0101562 0.0319444
1 0.579687 0.301389 0.0078125 0.0305556
1 0.611328 0.34375 0.0101562 0.0402778
0 0.613672 0.309722 0.00859375 0.0388889
1 0.567969 0.3375 0.009375 0.0361111
0 0.157813 0.477778 0.0109375 0.0472222
0 0.582812 0.382639 0.0109375 0.0402778
0 0.326172 0.359722 0.0101562 0.0333333
0 0.0921875 0.428472 0.0109375 0.0458333
1 0.527734 0.441667 0.0148437 0.0416667
0 0.482031 0.415278 0.0125 0.0416667
0 0.196484 0.339583 0.00859375 0.0375
1 0.709375 0.445139 0.0109375 0.0402778
1 0.673828 0.378472 0.00859375 0.0375
1 0.249219 0.436806 0.0109375 0.0402778
0 0.226562 0.568056 0.015625 0.0555556
1 0.177344 0.422222 0.0109375 0.0472222
4 0.79375 0.315278 0.071875 0.0805556
