0 0.194922 0.192361 0.0101562 0.0319444
1 0.332422 0.311806 0.0195312 0.0486111
1 0.470313 0.210417 0.009375 0.0347222
0 0.582031 0.216667 0.009375 0.0361111
1 0.655469 0.217361 0.009375 0.0375
1 0.327734 0.317361 0.0117188 0.0430556
0 0.217578 0.222222 0.0101562 0.0361111
1 0.791016 0.25 0.00703125 0.0388889
0 0.716797 0.234722 0.00859375 0.0388889
1 0.478906 0.40625 0.0109375 0.0513889
0 0.342187 0.310417 0.0140625 0.0430556
1 0.235547 0.291667 0.0117188 0.0388889
0 0.776172 0.285417 0.00859375 0.0430556
0 0.423047 0.238194 0.00859375 0.0402778
1 0.671875 0.291667 0.009375 0.0388889
0 0.178125 0.300694 0.0140625 0.0486111
1 0.377734 0.227083 0.00859375 0.0375
0 0.520703 0.444444 0.0148437 0.0555556
1 0.507031 0.647222 0.0140625 0.075
0 0.166797 0.36875 0.0164062 0.0513889
1 0.786328 0.445139 0.0164062 0.0597222
0 0.175 0.479861 0.021875 0.0597222
