0 0.533984 0.215972 0.00859375 0.0347222
1 0.605859 0.361111 0.0148437 0.0277778
0 0.594531 0.338889 0.0109375 0.0388889
0 0.536719 0.225 0.009375 0.0416667
0 0.373828 0.290278 0.00859375 0.0388889
1 0.408594 0.274306 0.0078125 0.0347222
1 0.391406 0.279861 0.0078125 0.0430556
1 0.665625 0.304167 0.0109375 0.0416667
1 0.638672 0.265972 0.00859375 0.0375
1 0.500391 0.240278 0.00859375 0.0361111
1 0.582031 0.295139 0.009375 0.0347222
0 0.267188 0.253472 0.0078125 0.0347222
1 0.783594 0.454861 0.0109375 0.0486111
0 0.750391 0.395139 0.0101562 0.0513889
0 0.192969 0.432639 0.0125 0.0513889
1 0.791406 0.357639 0.0078125 0.0430556
1 0.393359 0.349306 0.0101562 0.0458333
0 0.505859 0.377778 0.0101562 0.0444444
0 0.185937 0.327778 0.009375 0.0416667
0 0.359375 0.564583 0.0203125 0.0597222
