0 0.247656 0.292361 0.0109375 0.0402778
0 0.212109 0.326389 0.0101562 0.0305556
0 0.182422 0.391667 0.0273438 0.0388889
0 0.25 0.395139 0.0109375 0.0430556
1 0.190234 0.396528 0.0132813 0.0263889
0 0.191016 0.395139 0.0117188 0.0291667
1 0.209766 0.338194 0.0117188 0.0430556
0 0.209766 0.343056 0.0101562 0.0361111
1 0.247266 0.290278 0.0101562 0.0361111
0 0.258203 0.295139 0.00859375 0.0347222
0 0.217187 0.324306 0.009375 0.0347222
1 0.4625 0.274306 0.0078125 0.0375
1 0.80625 0.454167 0.0125 0.0555556
0 0.176953 0.393056 0.0117188 0.0416667
0 0.221875 0.36875 0.0125 0.0402778
0 0.120312 0.390278 0.009375 0.0444444
0 0.321484 0.342361 0.00859375 0.0347222
0 0.517187 0.309722 0.009375 0.0416667
0 0.698438 0.593056 0.0125 0.0638889
1 0.792188 0.377778 0.009375 0.0472222
1 0.519141 0.424306 0.0117188 0.0513889
1 0.429688 0.390278 0.0140625 0.05
4 0.128906 0.279861 0.075 0.0791667
0 0.623047 0.328472 0.00859375 0.0458333
0 0.330469 0.578472 0.0140625 0.0569444
1 0.816797 0.593056 0.0132813 0.0638889
1 0.271875 0.452083 0.0125 0.0458333
