0 0.625781 0.305556 0.0078125 0.0305556
1 0.816406 0.33125 0.009375 0.0319444
0 0.714453 0.264583 0.00703125 0.0291667
1 0.8 0.363194 0.009375 0.0375
0 0.614062 0.384028 0.0109375 0.0375
1 0.597266 0.284722 0.00859375 0.0305556
1 0.633203 0.36875 0.0117188 0.0347222
1 0.658984 0.535417 0.0117188 0.0569444
0 0.720703 0.475694 0.0101562 0.0458333
1 0.736328 0.40625 0.0101562 0.0375
1 0.648828 0.443056 0.0117188 0.0388889
0 0.58125 0.505556 0.0125 0.0444444
0 0.339844 0.565972 0.0125 0.0541667
0 0.389453 0.431944 0.00859375 0.0444444
0 0.633984 0.635417 0.0164062 0.0569444
0 0.864844 0.622917 0.0140625 0.0597222
1 0.304297 0.392361 0.0117188 0.0402778
1 0.502344 0.540972 0.0125 0.0541667
0 0.296094 0.30625 0.009375 0.0319444
0 0.189063 0.404167 0.0109375 0.0444444
1 0.80625 0.528472 0.0125 0.0513889
1 0.55 0.397222 0.0109375 0.0388889
4 0.856641 0.317361 0.0757812 0.0847222
