0 0.185547 0.338194 0.00546875 0.0291667
0 0.385938 0.41875 0.0109375 0.0486111
0 0.301562 0.301389 0.009375 0.0333333
0 0.587891 0.804167 0.0195312 0.0777778
0 0.647266 0.363194 0.0148437 0.0375
1 0.787891 0.517361 0.0164062 0.0541667
0 0.334375 0.441667 0.0140625 0.05
0 0.248437 0.352083 0.009375 0.0458333
0 0.219922 0.427778 0.0148437 0.05
1 0.501562 0.340972 0.0109375 0.0430556
1 0.309375 0.418056 0.0125 0.0472222
1 0.336328 0.563889 0.0179687 0.0555556
1 0.760938 0.405556 0.0140625 0.0444444
1 0.184766 0.434722 0.0117188 0.0444444
0 0.329297 0.730556 0.0257812 0.0611111
0 0.135156 0.497917 0.0109375 0.0513889
1 0.484766 0.427778 0.0164062 0.0472222
0 0.385938 0.354861 0.0109375 0.0430556
1 0.21875 0.329167 0.009375 0.0416667
1 0.728906 0.745139 0.0234375 0.0708333
0 0.540234 0.329167 0.0148437 0.0388889
1 0.478516 0.590972 0.0148437 0.0680556
4 0.0621094 0.291667 0.0804688 0.0916667
