0 0.474219 0.422222 0.009375 0.0527778
0 0.264844 0.18125 0.00625 0.0263889
0 0.516797 0.213194 0.00546875 0.0402778
0 0.398828 0.422222 0.0179687 0.0555556
1 0.517187 0.207639 0.00625 0.0319444
1 0.755469 0.311111 0.009375 0.0416667
1 0.69375 0.225694 0.0078125 0.0375
0 0.700781 0.295833 0.009375 0.0416667
1 0.488672 0.269444 0.00859375 0.0388889
0 0.516797 0.246528 0.00703125 0.0402778
0 0.326953 0.257639 0.00859375 0.0402778
0 0.730078 0.383333 0.0101562 0.05
1 0.705859 0.65625 0.0195312 0.0680556
1 0.601953 0.359028 0.0132813 0.0430556
1 0.921875 0.463889 0.0140625 0.0555556
0 0.167578 0.442361 0.0117188 0.0541667
0 0.232422 0.523611 0.0164062 0.0611111
0 0.616016 0.517361 0.0117188 0.0569444
0 0.190234 0.365278 0.0148437 0.0472222
0 0.376563 0.306944 0.009375 0.0416667
1 0.408203 0.427083 0.0148437 0.0513889
1 0.257031 0.478472 0.0140625 0.0541667
1 0.227734 0.388194 0.0117188 0.0458333
0 0.389062 0.400694 0.0140625 0.0569444
