1 0.624609 0.322917 0.0101562 0.0402778
0 0.738281 0.286111 0.00625 0.0277778
0 0.735156 0.259028 0.0078125 0.0291667
1 0.713281 0.340278 0.009375 0.0361111
1 0.551172 0.261806 0.00703125 0.0319444
0 0.633203 0.311806 0.00859375 0.0347222
1 0.279297 0.430556 0.0117188 0.0388889
1 0.909766 0.472222 0.0132813 0.0416667
1 0.657031 0.285417 0.00625 0.0291667
0 0.339063 0.332639 0.0078125 0.0347222
0 0.197266 0.446528 0.0101562 0.0458333
0 0.20625 0.300694 0.0078125 0.0347222
1 0.466406 0.324306 0.0078125 0.0347222
0 0.559766 0.427778 0.0101562 0.0388889
0 0.890625 0.439583 0.009375 0.0375
0 0.107031 0.374306 0.0109375 0.0430556
0 0.695312 0.376389 0.009375 0.0416667
1 0.618359 0.338889 0.0101562 0.0388889
1 0.605859 0.427778 0.0101562 0.0444444
0 0.471094 0.525 0.0109375 0.0527778
1 0.221094 0.339583 0.009375 0.0319444
4 0.833203 0.3125 0.0757812 0.0861111
