0 0.265625 0.182639 0.0078125 0.0263889
0 0.920703 0.325 0.0101562 0.0361111
1 0.514063 0.207639 0.0078125 0.0347222
1 0.396875 0.43125 0.0125 0.0513889
1 0.714844 0.226389 0.0078125 0.0361111
1 0.753516 0.313194 0.0101562 0.0458333
0 0.383203 0.404167 0.0132813 0.05
0 0.222656 0.527778 0.015625 0.0583333
0 0.328125 0.257639 0.0078125 0.0375
0 0.515234 0.246528 0.00859375 0.0430556
0 0.728125 0.38125 0.009375 0.0458333
0 0.699219 0.297917 0.0109375 0.0402778
0 0.182812 0.367361 0.0109375 0.0513889
0 0.385547 0.303472 0.00859375 0.0375
1 0.221484 0.391667 0.0148437 0.0416667
0 0.163672 0.44375 0.0117188 0.0569444
1 0.603125 0.359722 0.009375 0.0472222
1 0.915234 0.466667 0.0164062 0.0527778
0 0.601562 0.517361 0.0171875 0.0597222
1 0.245312 0.484722 0.0109375 0.0555556
1 0.482812 0.272222 0.0109375 0.0388889
1 0.682031 0.666667 0.01875 0.0583333
