0 0.777734 0.284722 0.00859375 0.0527778
0 0.308984 0.193056 0.0101562 0.0333333
1 0.684375 0.231944 0.009375 0.0416667
0 0.777344 0.299306 0.0109375 0.0402778
1 0.777734 0.276389 0.00859375 0.0361111
1 0.555859 0.215278 0.00859375 0.0333333
1 0.297266 0.25625 0.00859375 0.0375
1 0.310156 0.305556 0.009375 0.0444444
1 0.533984 0.367361 0.0101562 0.0513889
0 0.633984 0.220833 0.00859375 0.0361111
0 0.371875 0.214583 0.009375 0.0347222
0 0.696875 0.243056 0.0109375 0.0388889
0 0.3375 0.295139 0.0140625 0.0458333
1 0.674609 0.286806 0.0148437 0.0430556
0 0.524609 0.4125 0.0101562 0.0527778
0 0.126563 0.360417 0.009375 0.0486111
0 0.219531 0.266667 0.009375 0.0444444
1 0.419922 0.225694 0.00859375 0.0347222
0 0.143359 0.482639 0.0132813 0.0625
1 0.732813 0.401389 0.0109375 0.0527778
1 0.584375 0.545833 0.0140625 0.0638889
