1 0.510938 0.238889 0.0078125 0.0277778
0 0.493359 0.241667 0.00859375 0.0305556
1 0.544141 0.321528 0.00859375 0.0402778
1 0.557031 0.290972 0.009375 0.0347222
0 0.547266 0.247917 0.00859375 0.0319444
1 0.610937 0.253472 0.0078125 0.0347222
0 0.413281 0.289583 0.0078125 0.0375
0 0.276172 0.378472 0.00859375 0.0458333
0 0.635938 0.277778 0.009375 0.0361111
0 0.521875 0.272917 0.0078125 0.0347222
1 0.836328 0.322222 0.00859375 0.0388889
0 0.423828 0.377083 0.0117188 0.0458333
0 0.335547 0.343056 0.0117188 0.0361111
1 0.357031 0.3375 0.0078125 0.0416667
0 0.452344 0.317361 0.009375 0.0375
0 0.795313 0.433333 0.0109375 0.0472222
1 0.853906 0.423611 0.0109375 0.05
1 0.344141 0.438889 0.0117188 0.0472222
1 0.696094 0.340278 0.009375 0.0388889
1 0.806641 0.515972 0.0132813 0.0597222
4 0.176563 0.326389 0.0875 0.0916667
