0 0.778125 0.372222 0.0140625 0.05
1 0.685938 0.322222 0.009375 0.0444444
1 0.600781 0.270139 0.0125 0.0347222
0 0.603125 0.270833 0.0125 0.0361111
0 0.581641 0.241667 0.0117188 0.0388889
0 0.489062 0.255556 0.009375 0.0333333
1 0.435156 0.349306 0.009375 0.0375
0 0.488672 0.288194 0.00859375 0.0402778
1 0.510547 0.272222 0.0101562 0.0361111
1 0.537109 0.279167 0.0101562 0.0388889
0 0.389844 0.304167 0.0078125 0.0416667
1 0.571094 0.34375 0.009375 0.0430556
1 0.735937 0.295139 0.0109375 0.0402778
0 0.523047 0.352083 0.00859375 0.0458333
0 0.25625 0.375694 0.0109375 0.0430556
1 0.798047 0.461806 0.0132813 0.0541667
1 0.682031 0.34375 0.009375 0.0402778
0 0.760156 0.363194 0.0125 0.0430556
0 0.252344 0.504167 0.0109375 0.0583333
0 0.603906 0.441667 0.009375 0.05
1 0.778906 0.373611 0.0109375 0.05
1 0.555078 0.516667 0.0132813 0.0555556
4 0.0703125 0.326389 0.0875 0.0944444
