0 0.114844 0.443056 0.0109375 0.0444444
0 0.189453 0.374306 0.0101562 0.0402778
0 0.119141 0.450694 0.0148437 0.0569444
0 0.194531 0.372917 0.0125 0.0458333
1 0.274219 0.322917 0.009375 0.0402778
1 0.195703 0.376389 0.0117188 0.0416667
0 0.341016 0.356944 0.00859375 0.0333333
0 0.1125 0.545139 0.0140625 0.0569444
1 0.120312 0.454861 0.0125 0.0486111
1 0.367969 0.2375 0.0078125 0.0305556
0 0.263281 0.447222 0.0125 0.0472222
0 0.633594 0.332639 0.0078125 0.0347222
1 0.532031 0.276389 0.0078125 0.0361111
1 0.124219 0.750694 0.015625 0.0680556
1 0.243359 0.471528 0.0117188 0.0486111
0 0.428125 0.273611 0.0078125 0.0388889
0 0.808594 0.517361 0.0125 0.0541667
1 0.904297 0.717361 0.0273438 0.0680556
0 0.328125 0.590972 0.0109375 0.0513889
0 0.248437 0.311111 0.009375 0.0416667
1 0.658594 0.340972 0.009375 0.0430556
1 0.464063 0.375 0.009375 0.0444444
