1 0.687109 0.235417 0.00859375 0.0430556
0 0.310547 0.195139 0.0101562 0.0347222
0 0.687891 0.238889 0.00859375 0.0444444
1 0.299609 0.253472 0.00859375 0.0347222
0 0.635547 0.220833 0.00703125 0.0333333
1 0.563672 0.215972 0.0101562 0.0375
0 0.773047 0.298611 0.0101562 0.0388889
1 0.776563 0.276389 0.009375 0.0333333
1 0.308594 0.302083 0.0109375 0.0430556
1 0.535937 0.364583 0.0109375 0.0513889
1 0.731641 0.399306 0.0101562 0.0513889
1 0.673828 0.286111 0.00859375 0.0444444
0 0.529297 0.413194 0.0117188 0.0513889
1 0.587109 0.544444 0.0148437 0.0611111
0 0.371875 0.216667 0.0109375 0.0361111
1 0.415234 0.222917 0.00859375 0.0375
0 0.126563 0.361806 0.0140625 0.0486111
0 0.223828 0.263889 0.0101562 0.0472222
0 0.336719 0.29375 0.0109375 0.0458333
0 0.144922 0.486111 0.0132813 0.0638889
