0 0.225 0.341667 0.0109375 0.0444444
0 0.419141 0.404861 0.0164062 0.0486111
1 0.423047 0.209722 0.00703125 0.0305556
1 0.786719 0.2625 0.009375 0.0388889
1 0.226172 0.353472 0.0117188 0.0486111
1 0.400781 0.255556 0.0078125 0.0416667
0 0.419531 0.370833 0.009375 0.0444444
0 0.501172 0.243056 0.00859375 0.0361111
1 0.692578 0.236806 0.00703125 0.0347222
1 0.425391 0.450694 0.0132813 0.0541667
0 0.723828 0.260417 0.0101562 0.0291667
0 0.840234 0.292361 0.0101562 0.0375
0 0.279297 0.265972 0.00703125 0.0375
1 0.6375 0.313194 0.009375 0.0430556
0 0.489062 0.2875 0.009375 0.0388889
1 0.343359 0.785417 0.0164062 0.0763889
1 0.908203 0.506944 0.0132813 0.0611111
1 0.257422 0.4125 0.0117188 0.0527778
0 0.521875 0.500694 0.0109375 0.0597222
0 0.169531 0.548611 0.0140625 0.0638889
0 0.203516 0.425694 0.0132813 0.0541667
