0 0.157422 0.393056 0.0148437 0.0583333
0 0.377734 0.448611 0.0132813 0.0527778
1 0.376953 0.449306 0.0117188 0.0513889
0 0.153906 0.401389 0.0109375 0.0416667
1 0.157422 0.381944 0.0117188 0.0388889
0 0.15625 0.409722 0.0109375 0.0361111
1 0.205078 0.353472 0.0101562 0.0458333
0 0.302344 0.372917 0.009375 0.0513889
1 0.684375 0.315278 0.0109375 0.05
1 0.387109 0.203472 0.0101562 0.0347222
1 0.488672 0.329861 0.0132813 0.0430556
0 0.251172 0.279167 0.0101562 0.0388889
1 0.603125 0.220139 0.0078125 0.0347222
1 0.854688 0.566667 0.0140625 0.0611111
0 0.148828 0.482639 0.0148437 0.0569444
0 0.174609 0.348611 0.0117188 0.0388889
1 0.290234 0.405556 0.0101562 0.0444444
1 0.305859 0.283333 0.00859375 0.0416667
0 0.362109 0.293056 0.0117188 0.0388889
0 0.393359 0.513889 0.0148437 0.0555556
0 0.496875 0.228472 0.009375 0.0347222
0 0.754297 0.400694 0.0164062 0.0458333
1 0.234375 0.647917 0.0171875 0.0736111
