1 0.55 0.370833 0.0109375 0.0388889
0 0.442578 0.332639 0.00703125 0.0430556
1 0.775781 0.56875 0.0140625 0.0513889
0 0.610547 0.245833 0.00859375 0.0333333
0 0.657812 0.240278 0.0125 0.0333333
1 0.741016 0.279861 0.0101562 0.0375
1 0.844141 0.434028 0.0117188 0.0486111
1 0.237891 0.500694 0.0179687 0.0513889
1 0.7375 0.413889 0.0109375 0.0472222
0 0.303125 0.427778 0.0140625 0.0444444
1 0.792969 0.534028 0.0140625 0.0486111
0 0.861328 0.467361 0.0132813 0.0541667
0 0.325 0.290972 0.0109375 0.0375
1 0.522266 0.357639 0.0148437 0.0430556
0 0.810156 0.467361 0.015625 0.0486111
1 0.69375 0.304167 0.015625 0.0361111
0 0.270703 0.36875 0.0132813 0.0486111
0 0.536328 0.465278 0.0132813 0.0527778
1 0.647266 0.528472 0.0164062 0.0597222
1 0.123438 0.372917 0.015625 0.0430556
0 0.308984 0.571528 0.0179687 0.0597222
