1 0.55625 0.211111 0.0125 0.0416667
1 0.552734 0.204167 0.0101562 0.0333333
0 0.577344 0.382639 0.0125 0.0458333
0 0.623047 0.211806 0.0117188 0.0375
1 0.4125 0.202083 0.009375 0.0402778
0 0.584766 0.184028 0.00859375 0.0347222
1 0.662109 0.205556 0.0132813 0.0361111
1 0.746875 0.2875 0.0109375 0.0527778
1 0.576953 0.299306 0.0117188 0.0486111
1 0.558984 0.245139 0.0117188 0.0430556
1 0.723437 0.238194 0.0125 0.0402778
0 0.363281 0.317361 0.015625 0.0513889
0 0.202734 0.239583 0.0132813 0.0430556
0 0.379687 0.182639 0.0078125 0.0375
1 0.477344 0.270139 0.0078125 0.0458333
0 0.700781 0.307639 0.0125 0.0569444
1 0.614453 0.504167 0.0179687 0.0611111
1 0.755078 0.381944 0.0148437 0.0555556
0 0.140625 0.372222 0.0171875 0.0583333
0 0.247656 0.600694 0.0203125 0.0763889
