0 0.745703 0.293056 0.00703125 0.0333333
0 0.735156 0.255556 0.00625 0.0333333
1 0.716016 0.341667 0.00859375 0.0416667
1 0.660547 0.289583 0.00703125 0.0319444
0 0.633594 0.309722 0.0078125 0.0361111
0 0.702734 0.378472 0.00859375 0.0430556
1 0.553906 0.263194 0.0078125 0.0319444
0 0.202344 0.452778 0.0125 0.0416667
0 0.896484 0.447917 0.0101562 0.0375
1 0.622656 0.340278 0.009375 0.0388889
0 0.210156 0.300694 0.0078125 0.0347222
1 0.611328 0.438194 0.0117188 0.0430556
1 0.469141 0.325 0.00859375 0.0361111
0 0.568359 0.438889 0.0101562 0.0472222
1 0.91875 0.479167 0.015625 0.0416667
1 0.225391 0.339583 0.00859375 0.0347222
0 0.341016 0.338194 0.00859375 0.0347222
1 0.283203 0.438889 0.0101562 0.0416667
0 0.111328 0.372917 0.0101562 0.0402778
0 0.489062 0.528472 0.015625 0.0430556
4 0.833203 0.313889 0.0726563 0.0888889
