0 0.419922 0.485417 0.0132813 0.0486111
1 0.236719 0.3625 0.009375 0.0305556
0 0.687891 0.323611 0.00859375 0.0361111
1 0.430469 0.434028 0.0109375 0.0486111
1 0.244922 0.404861 0.0101562 0.0375
1 0.605078 0.228472 0.00703125 0.0319444
1 0.398438 0.227778 0.0078125 0.0333333
0 0.272266 0.299306 0.00859375 0.0375
0 0.424219 0.348611 0.0078125 0.0416667
0 0.436719 0.242361 0.0078125 0.0375
1 0.365234 0.76875 0.0164062 0.0791667
1 0.728516 0.3125 0.0101562 0.0416667
0 0.375 0.4375 0.0125 0.0555556
0 0.548828 0.545833 0.0117188 0.0555556
1 0.657031 0.352083 0.0109375 0.0402778
1 0.927344 0.53125 0.0125 0.0597222
0 0.201562 0.366667 0.0109375 0.0472222
0 0.1625 0.447222 0.0140625 0.05
0 0.207813 0.570833 0.0140625 0.0611111
1 0.302734 0.331944 0.0101562 0.0444444
0 0.714453 0.439583 0.0101562 0.0486111
4 0.982813 0.316667 0.0328125 0.108333
