0 0.585938 0.229861 0.0078125 0.0375
1 0.497266 0.23125 0.00859375 0.0319444
0 0.491797 0.253472 0.00859375 0.0291667
0 0.585156 0.243056 0.0078125 0.0361111
1 0.577344 0.310417 0.0078125 0.0430556
1 0.459766 0.2375 0.00703125 0.0305556
0 0.325391 0.386806 0.0101562 0.0430556
0 0.505078 0.320833 0.00859375 0.0444444
0 0.516016 0.266667 0.00703125 0.0388889
0 0.440234 0.265972 0.00703125 0.0347222
0 0.368359 0.320139 0.00859375 0.0430556
1 0.803516 0.522222 0.0117188 0.0583333
1 0.421094 0.327778 0.0078125 0.0416667
0 0.638672 0.275694 0.00859375 0.0347222
1 0.851562 0.425 0.0125 0.0555556
1 0.619141 0.25 0.00859375 0.0361111
1 0.748438 0.335417 0.0078125 0.0430556
1 0.833203 0.304861 0.00859375 0.0402778
0 0.474609 0.379167 0.00859375 0.0472222
1 0.499609 0.450694 0.0164062 0.0513889
0 0.782031 0.426389 0.0140625 0.0555556
4 0.185937 0.309722 0.0890625 0.0916667
