0 0.789453 0.316667 0.0117188 0.0444444
0 0.480078 0.25 0.00859375 0.0388889
1 0.506641 0.244444 0.00859375 0.0388889
0 0.586719 0.371528 0.009375 0.0375
0 0.629297 0.279167 0.0101562 0.0388889
1 0.239063 0.411806 0.0125 0.0541667
0 0.409766 0.391667 0.0117188 0.05
1 0.489453 0.284722 0.0117188 0.0416667
1 0.596094 0.240972 0.0078125 0.0347222
0 0.698047 0.461111 0.0101562 0.0555556
1 0.796875 0.391667 0.0140625 0.05
0 0.129688 0.374306 0.0109375 0.0541667
1 0.654688 0.310417 0.0109375 0.0430556
0 0.135547 0.446528 0.0132813 0.0541667
1 0.45625 0.427083 0.015625 0.0513889
0 0.339063 0.317361 0.009375 0.0375
1 0.717969 0.527778 0.015625 0.0555556
1 0.560156 0.326389 0.009375 0.0416667
0 0.183594 0.5375 0.015625 0.0555556
0 0.241797 0.284028 0.00859375 0.0375
1 0.221484 0.377083 0.0101562 0.0486111
4 0.917578 0.286806 0.0804688 0.0958333
