0 0.405078 0.408333 0.0179687 0.0527778
0 0.905859 0.322917 0.0117188 0.0458333
1 0.525 0.207639 0.0078125 0.0319444
1 0.498047 0.270139 0.00859375 0.0402778
0 0.518359 0.239583 0.00859375 0.0375
1 0.425 0.424306 0.0140625 0.0513889
1 0.716797 0.628472 0.0148437 0.0652778
1 0.661328 0.226389 0.0101562 0.0361111
0 0.701953 0.293056 0.0101562 0.0388889
0 0.324609 0.257639 0.0101562 0.0375
1 0.761328 0.305556 0.00859375 0.0416667
0 0.372266 0.309722 0.0101562 0.0416667
0 0.4 0.398611 0.0140625 0.05
0 0.196875 0.354861 0.0109375 0.0458333
0 0.728516 0.377083 0.0101562 0.0486111
0 0.169922 0.442361 0.0132813 0.0513889
1 0.274219 0.465278 0.015625 0.0555556
0 0.633594 0.509722 0.0109375 0.0583333
1 0.605078 0.352083 0.0101562 0.0458333
1 0.930469 0.454167 0.0140625 0.0555556
0 0.241797 0.51875 0.0148437 0.0569444
1 0.233984 0.378472 0.0117188 0.0458333
