0 0.473828 0.403472 0.0101562 0.0486111
0 0.901563 0.334028 0.0109375 0.0486111
0 0.903906 0.315278 0.0109375 0.0444444
0 0.51875 0.2375 0.0078125 0.0361111
1 0.528906 0.208333 0.009375 0.0333333
1 0.501562 0.270139 0.009375 0.0375
1 0.429297 0.419444 0.0101562 0.0527778
1 0.762891 0.304167 0.0101562 0.0416667
0 0.323828 0.258333 0.0101562 0.0361111
0 0.703906 0.292361 0.009375 0.0402778
0 0.199609 0.352778 0.0101562 0.0472222
1 0.719922 0.61875 0.0148437 0.0680556
0 0.374219 0.309722 0.0078125 0.0444444
0 0.169922 0.438194 0.0117188 0.0569444
1 0.933984 0.450694 0.0117188 0.0541667
0 0.639453 0.508333 0.0117188 0.0555556
0 0.402344 0.399306 0.0125 0.0513889
0 0.724219 0.374306 0.0109375 0.0458333
1 0.659375 0.226389 0.0078125 0.0388889
1 0.277344 0.459722 0.0140625 0.0555556
0 0.242969 0.519444 0.0140625 0.0583333
1 0.604297 0.350694 0.00859375 0.0458333
1 0.235938 0.374306 0.0125 0.0458333
