0 0.529688 0.182639 0.0125 0.0319444
1 0.524219 0.184722 0.0109375 0.0305556
0 0.742188 0.284722 0.0078125 0.0583333
0 0.455078 0.226389 0.00859375 0.0305556
1 0.443359 0.223611 0.0148437 0.0333333
1 0.454688 0.184028 0.0109375 0.0375
0 0.596875 0.183333 0.009375 0.0305556
1 0.659375 0.19375 0.0109375 0.0375
1 0.51875 0.190278 0.0109375 0.0333333
0 0.589063 0.390278 0.0109375 0.0527778
0 0.192969 0.231944 0.0109375 0.0444444
1 0.742578 0.282639 0.0101562 0.0513889
1 0.598047 0.508333 0.0132813 0.0611111
0 0.408594 0.177083 0.009375 0.0375
1 0.578125 0.315972 0.009375 0.0541667
1 0.744922 0.384028 0.0117188 0.0569444
1 0.725781 0.218056 0.009375 0.0416667
1 0.394141 0.277083 0.0164062 0.0402778
0 0.126563 0.364583 0.0125 0.0541667
0 0.716016 0.29375 0.0117188 0.0513889
0 0.367188 0.30625 0.0125 0.0513889
0 0.197266 0.55625 0.0148437 0.0708333
