1 0.5125 0.238194 0.0078125 0.0291667
1 0.611719 0.254861 0.00625 0.0319444
0 0.494922 0.242361 0.00859375 0.0263889
1 0.545313 0.326389 0.009375 0.0388889
1 0.55625 0.292361 0.009375 0.0319444
0 0.549219 0.247917 0.0078125 0.0291667
0 0.632812 0.280556 0.0078125 0.0305556
0 0.523047 0.274306 0.00703125 0.0319444
0 0.417969 0.290972 0.009375 0.0375
1 0.836328 0.322222 0.00703125 0.0361111
0 0.341406 0.34375 0.009375 0.0402778
1 0.360156 0.336806 0.0078125 0.0375
0 0.277344 0.379861 0.009375 0.0430556
0 0.424609 0.377083 0.0101562 0.0458333
1 0.694531 0.340972 0.0125 0.0402778
0 0.792969 0.43125 0.009375 0.0486111
0 0.457031 0.31875 0.009375 0.0347222
1 0.343359 0.441667 0.0117188 0.05
1 0.852344 0.421528 0.009375 0.0486111
1 0.805078 0.515278 0.0148437 0.0611111
4 0.176953 0.323611 0.0898438 0.0916667
