0 0.365234 0.197917 0.0101562 0.0347222
0 0.370313 0.193056 0.009375 0.0277778
0 0.670703 0.214583 0.00859375 0.0347222
0 0.367578 0.190278 0.0101562 0.0333333
0 0.362109 0.221528 0.00859375 0.0347222
1 0.640625 0.2125 0.0125 0.0361111
1 0.660156 0.236806 0.009375 0.0291667
1 0.33125 0.29375 0.0109375 0.0486111
1 0.434375 0.219444 0.0078125 0.0388889
1 0.347656 0.232639 0.0078125 0.0347222
1 0.7125 0.386806 0.0125 0.0569444
0 0.136719 0.521528 0.0140625 0.0680556
0 0.201562 0.242361 0.009375 0.0458333
1 0.749609 0.2875 0.0101562 0.0472222
1 0.539453 0.347222 0.0117188 0.0527778
0 0.0960938 0.361806 0.0109375 0.0458333
0 0.558594 0.389583 0.009375 0.0513889
1 0.621875 0.249306 0.009375 0.0402778
0 0.728125 0.295833 0.0125 0.05
1 0.579297 0.506944 0.0148437 0.0611111
0 0.577734 0.227778 0.00859375 0.0416667
