0 0.915625 0.329167 0.009375 0.0333333
0 0.519141 0.324306 0.0101562 0.0319444
1 0.510156 0.354167 0.009375 0.0388889
1 0.506641 0.429167 0.0148437 0.0361111
1 0.616406 0.275 0.0078125 0.0333333
0 0.450781 0.397917 0.009375 0.0458333
0 0.4125 0.408333 0.0109375 0.0388889
1 0.675 0.38125 0.0109375 0.0402778
1 0.626172 0.322222 0.00859375 0.0361111
0 0.3375 0.288889 0.0078125 0.0361111
0 0.260938 0.452778 0.015625 0.0444444
0 0.427734 0.479861 0.0101562 0.0486111
0 0.275391 0.371528 0.0101562 0.0486111
1 0.396875 0.384722 0.009375 0.0361111
1 0.656641 0.517361 0.0148437 0.0430556
1 0.417969 0.35 0.0125 0.0361111
0 0.666016 0.264583 0.00703125 0.0319444
1 0.567187 0.385417 0.009375 0.0375
0 0.717188 0.329861 0.009375 0.0375
0 0.856641 0.659028 0.0148437 0.0597222
1 0.707031 0.411111 0.0109375 0.0416667
0 0.745313 0.460417 0.0125 0.0402778
4 0.974609 0.315972 0.0460938 0.0847222
