1 0.525391 0.3125 0.00859375 0.0388889
1 0.519141 0.320833 0.0117188 0.0388889
0 0.685156 0.341667 0.0078125 0.0333333
0 0.696875 0.342361 0.0078125 0.0319444
0 0.560547 0.29375 0.0101562 0.0347222
1 0.611719 0.343056 0.009375 0.0388889
1 0.580469 0.302083 0.0078125 0.0291667
0 0.613672 0.308333 0.00859375 0.0361111
0 0.157813 0.477778 0.0109375 0.0472222
1 0.528906 0.440972 0.015625 0.0430556
0 0.326172 0.359722 0.0101562 0.0333333
0 0.0921875 0.429861 0.0109375 0.0430556
0 0.196484 0.339583 0.00859375 0.0375
1 0.56875 0.338194 0.009375 0.0347222
0 0.582812 0.382639 0.0109375 0.0402778
1 0.673437 0.378472 0.009375 0.0375
0 0.482422 0.413889 0.0132813 0.0444444
1 0.709375 0.445139 0.0109375 0.0402778
1 0.249219 0.436806 0.0109375 0.0402778
0 0.226562 0.568056 0.015625 0.0555556
1 0.176953 0.422222 0.0117188 0.0472222
4 0.79375 0.315278 0.071875 0.0805556
