0 0.623047 0.192361 0.0148437 0.0375
1 0.520703 0.25 0.0101562 0.0472222
1 0.719531 0.240278 0.009375 0.0472222
1 0.626172 0.19375 0.00859375 0.0402778
0 0.511328 0.260417 0.0117188 0.0458333
1 0.675391 0.268056 0.0101562 0.05
0 0.733594 0.270139 0.009375 0.0486111
0 0.473437 0.318056 0.0140625 0.0555556
0 0.392969 0.188194 0.009375 0.0402778
1 0.744141 0.304861 0.0101562 0.0513889
1 0.55625 0.313889 0.0125 0.0527778
0 0.667188 0.381944 0.0125 0.0555556
0 0.606641 0.2375 0.0132813 0.0444444
1 0.447266 0.230556 0.0101562 0.0416667
1 0.759375 0.385417 0.015625 0.0569444
0 0.350781 0.242361 0.0140625 0.0486111
1 0.623828 0.5125 0.0148437 0.0638889
1 0.282813 0.38125 0.0171875 0.0625
0 0.192578 0.390972 0.0148437 0.0597222
0 0.222266 0.568056 0.0210938 0.0694444
