0 0.510156 0.252083 0.0078125 0.0291667
0 0.538281 0.247222 0.0078125 0.0305556
0 0.514844 0.269444 0.0078125 0.0361111
1 0.348437 0.340972 0.0125 0.0402778
1 0.605859 0.254167 0.00859375 0.0333333
1 0.533203 0.320139 0.00859375 0.0375
1 0.556641 0.293056 0.0101562 0.0333333
0 0.404297 0.289583 0.00859375 0.0402778
0 0.640625 0.277083 0.009375 0.0375
0 0.330469 0.339583 0.009375 0.0430556
1 0.834375 0.320833 0.0078125 0.0388889
0 0.423047 0.377083 0.0117188 0.0430556
0 0.275391 0.372222 0.00859375 0.0444444
0 0.442969 0.319444 0.009375 0.0361111
1 0.699219 0.339583 0.009375 0.0402778
1 0.853906 0.422917 0.009375 0.0458333
0 0.794922 0.429861 0.00859375 0.0486111
1 0.344531 0.440278 0.0125 0.0444444
1 0.812891 0.511111 0.0148437 0.0555556
4 0.175781 0.325 0.090625 0.0916667
