0 0.281641 0.195833 0.0117188 0.0388889
0 0.792969 0.295833 0.0109375 0.0333333
0 0.627734 0.219444 0.00859375 0.0361111
0 0.517969 0.43125 0.0109375 0.0541667
1 0.783984 0.275 0.00859375 0.0361111
1 0.673828 0.226389 0.00859375 0.0333333
1 0.307031 0.304167 0.0109375 0.0444444
1 0.516016 0.218056 0.00859375 0.0361111
0 0.734375 0.244444 0.0078125 0.0333333
1 0.516406 0.383333 0.009375 0.0527778
0 0.403125 0.233333 0.0078125 0.0388889
1 0.680859 0.293056 0.0101562 0.0444444
0 0.13125 0.365972 0.0171875 0.0458333
1 0.433203 0.235417 0.00859375 0.0430556
1 0.741016 0.420139 0.0117188 0.0597222
1 0.555078 0.571528 0.0132813 0.0625
0 0.330078 0.307639 0.0101562 0.0486111
1 0.270703 0.270139 0.0101562 0.0375
0 0.183594 0.281944 0.009375 0.0416667
0 0.139453 0.464583 0.0148437 0.0569444
