4 0.05 0.264583 0.053125 0.0541667
0 0.228125 0.304167 0.009375 0.0388889
0 0.300391 0.363194 0.0132813 0.0402778
1 0.227344 0.309028 0.0109375 0.0402778
0 0.0933594 0.39375 0.0117188 0.0347222
0 0.0921875 0.373611 0.0109375 0.025
1 0.216016 0.277778 0.00859375 0.0333333
0 0.219141 0.339583 0.0101562 0.0319444
1 0.513672 0.423611 0.00859375 0.0472222
0 0.144141 0.379167 0.0132813 0.0444444
0 0.185547 0.316667 0.0117188 0.0388889
0 0.673828 0.529861 0.0132813 0.0569444
1 0.515234 0.384028 0.00859375 0.0402778
1 0.505469 0.248611 0.0078125 0.0333333
0 0.359375 0.347917 0.0109375 0.0402778
1 0.798437 0.538889 0.01875 0.0638889
0 0.553906 0.293056 0.009375 0.0416667
1 0.731641 0.354861 0.0117188 0.0458333
1 0.759766 0.418056 0.0132813 0.0527778
0 0.464453 0.595833 0.0195312 0.0583333
0 0.645703 0.306944 0.0101562 0.0388889
1 0.328906 0.490972 0.0109375 0.0513889
4 0.0421875 0.272917 0.0828125 0.0847222
