1 0.184375 0.196528 0.009375 0.0319444
1 0.562109 0.208333 0.0101562 0.0361111
1 0.7 0.249306 0.009375 0.0486111
1 0.723437 0.318056 0.009375 0.0388889
0 0.408203 0.200694 0.00859375 0.0319444
0 0.725781 0.29375 0.0109375 0.0458333
0 0.333594 0.254861 0.009375 0.0458333
0 0.446875 0.25625 0.009375 0.0430556
1 0.535937 0.510417 0.0125 0.0625
1 0.468359 0.25 0.0101562 0.0444444
1 0.40625 0.234722 0.009375 0.0388889
0 0.583203 0.197222 0.0101562 0.0388889
1 0.491797 0.3125 0.0101562 0.05
0 0.582812 0.240278 0.0109375 0.0444444
1 0.6625 0.288194 0.009375 0.0458333
1 0.735156 0.417361 0.0140625 0.0652778
0 0.0296875 0.417361 0.0109375 0.0541667
0 0.435547 0.328472 0.0117188 0.0541667
0 0.58125 0.448611 0.0125 0.0583333
1 0.227734 0.386111 0.0148437 0.0527778
0 0.084375 0.56875 0.01875 0.0708333
