0 0.244922 0.317361 0.00859375 0.0375
0 0.501172 0.2625 0.0101562 0.0333333
0 0.630078 0.258333 0.00859375 0.0333333
0 0.490234 0.261111 0.00859375 0.0305556
1 0.502734 0.261111 0.00859375 0.0277778
1 0.405078 0.318056 0.0101562 0.0361111
1 0.630078 0.25625 0.00703125 0.0347222
0 0.599609 0.255556 0.00859375 0.0361111
0 0.391797 0.318056 0.00859375 0.0361111
1 0.540625 0.279167 0.009375 0.0361111
0 0.519141 0.283333 0.00859375 0.0388889
0 0.633594 0.288194 0.0078125 0.0347222
0 0.461719 0.279167 0.009375 0.0388889
0 0.445312 0.377083 0.009375 0.0458333
0 0.483203 0.313194 0.0101562 0.0402778
1 0.847656 0.428472 0.009375 0.0486111
1 0.580859 0.315278 0.00859375 0.0416667
1 0.726562 0.345833 0.009375 0.0416667
0 0.302734 0.382639 0.0101562 0.0486111
1 0.778906 0.531944 0.0109375 0.0555556
1 0.848828 0.325 0.0101562 0.0416667
1 0.403906 0.453472 0.0171875 0.0513889
0 0.772266 0.439583 0.0148437 0.0513889
4 0.183594 0.31875 0.0953125 0.0930556
