0 0.633203 0.33125 0.0101562 0.0430556
0 0.732422 0.254861 0.00546875 0.0291667
0 0.63125 0.326389 0.009375 0.0277778
1 0.562109 0.265972 0.00859375 0.0347222
1 0.722266 0.357639 0.0101562 0.0375
1 0.298047 0.479861 0.0101562 0.0486111
1 0.635547 0.359028 0.0101562 0.0402778
1 0.670703 0.305556 0.00703125 0.0333333
0 0.726953 0.402778 0.0101562 0.0416667
0 0.226953 0.304861 0.00703125 0.0347222
0 0.914453 0.501389 0.0101562 0.0444444
0 0.133594 0.377083 0.0109375 0.0375
0 0.537109 0.5625 0.0148437 0.05
0 0.607422 0.486111 0.0117188 0.0472222
0 0.346484 0.358333 0.00859375 0.0416667
1 0.477734 0.343056 0.00859375 0.0361111
0 0.213281 0.486806 0.0109375 0.0458333
1 0.953125 0.507639 0.0125 0.0430556
1 0.239063 0.35 0.0078125 0.0305556
1 0.639063 0.4875 0.0109375 0.0527778
4 0.835156 0.311111 0.071875 0.0861111
