0 0.686719 0.284722 0.009375 0.0361111
0 0.717188 0.315972 0.0125 0.0458333
0 0.720703 0.328472 0.0117188 0.0486111
1 0.720703 0.332639 0.00859375 0.0458333
0 0.716797 0.305556 0.00859375 0.0333333
0 0.417578 0.216667 0.00703125 0.0333333
0 0.714063 0.311111 0.009375 0.0388889
1 0.416797 0.247222 0.00859375 0.0416667
1 0.677734 0.261806 0.0117188 0.0402778
1 0.548047 0.228472 0.00703125 0.0347222
0 0.430859 0.263889 0.0101562 0.0416667
0 0.565234 0.213889 0.00859375 0.0333333
1 0.473828 0.259028 0.00859375 0.0402778
0 0.564062 0.44375 0.0109375 0.0652778
0 0.330078 0.275 0.0101562 0.0416667
1 0.258594 0.377083 0.009375 0.0513889
1 0.726953 0.425 0.0148437 0.0583333
0 0.06875 0.404861 0.009375 0.0541667
1 0.497656 0.319444 0.009375 0.0444444
1 0.639453 0.305556 0.0101562 0.0444444
0 0.576172 0.25 0.00859375 0.0388889
0 0.446875 0.334028 0.009375 0.0458333
1 0.516016 0.509028 0.0179687 0.0569444
0 0.116016 0.543056 0.0148437 0.0638889
