1 0.621484 0.772222 0.0179687 0.0583333
1 0.620703 0.79375 0.0226563 0.0847222
0 0.705078 0.864583 0.0273438 0.0847222
1 0.594141 0.851389 0.0226563 0.0916667
0 0.544531 0.292361 0.0140625 0.0402778
1 0.362891 0.413889 0.0132813 0.0527778
1 0.489453 0.674306 0.0210938 0.0736111
1 0.567187 0.327083 0.0140625 0.0430556
1 0.110547 0.341667 0.0117188 0.0388889
0 0.144141 0.585417 0.0132813 0.0652778
1 0.120703 0.504167 0.0117188 0.0527778
0 0.378125 0.483333 0.0171875 0.0555556
0 0.267969 0.290278 0.0125 0.0416667
0 0.229687 0.35625 0.015625 0.0486111
0 0.198437 0.443056 0.0140625 0.0555556
0 0.375781 0.359722 0.0109375 0.0416667
1 0.771094 0.378472 0.0109375 0.0513889
0 0.714844 0.309028 0.009375 0.0430556
0 0.603125 0.705556 0.01875 0.0666667
1 0.773438 0.601389 0.0171875 0.0694444
1 0.570312 0.456944 0.0125 0.0472222
