0 0.676953 0.211806 0.00859375 0.0375
1 0.526563 0.249306 0.0140625 0.0541667
0 0.522266 0.255556 0.0148437 0.05
1 0.628516 0.186111 0.0101562 0.0444444
0 0.726562 0.2625 0.0109375 0.0444444
1 0.723047 0.231944 0.00859375 0.0333333
0 0.345313 0.179167 0.009375 0.0416667
1 0.678125 0.261111 0.0078125 0.0416667
1 0.744141 0.297222 0.0117188 0.0527778
1 0.311328 0.375694 0.0117188 0.0597222
0 0.275391 0.546528 0.0179687 0.0763889
1 0.417188 0.215972 0.009375 0.0430556
0 0.337109 0.234028 0.0101562 0.0513889
0 0.486328 0.306944 0.0132813 0.0611111
1 0.766406 0.372222 0.0140625 0.0611111
0 0.6375 0.236111 0.0140625 0.0444444
0 0.689844 0.368056 0.0171875 0.0527778
1 0.579297 0.304861 0.0101562 0.0541667
0 0.173047 0.384722 0.0132813 0.0611111
1 0.653906 0.499306 0.0140625 0.0680556
