0 0.649219 0.296528 0.0078125 0.0291667
0 0.830078 0.336806 0.00859375 0.0291667
1 0.208203 0.247917 0.00703125 0.0263889
0 0.789062 0.345139 0.009375 0.0236111
1 0.672656 0.288889 0.0078125 0.0361111
1 0.625781 0.297222 0.009375 0.0333333
1 0.660937 0.314583 0.0078125 0.0291667
0 0.647266 0.288889 0.00703125 0.0305556
0 0.671875 0.266667 0.0078125 0.0305556
1 0.577734 0.319444 0.00859375 0.0333333
1 0.696484 0.332639 0.00859375 0.0375
0 0.6625 0.357639 0.009375 0.0375
0 0.246484 0.323611 0.00859375 0.0361111
1 0.265234 0.461111 0.0101562 0.0444444
1 0.716016 0.35625 0.00859375 0.0430556
1 0.134766 0.40625 0.0101562 0.0375
1 0.605469 0.411111 0.0109375 0.0416667
0 0.155469 0.411111 0.009375 0.0472222
0 0.389453 0.336111 0.0101562 0.0361111
0 0.232812 0.4625 0.0140625 0.0472222
0 0.566016 0.4 0.0101562 0.0416667
0 0.280469 0.548611 0.0140625 0.0527778
1 0.753125 0.415972 0.0109375 0.0402778
4 0.869531 0.31875 0.08125 0.0791667
