1 0.341406 0.403472 0.01875 0.0402778
0 0.854297 0.326389 0.00859375 0.0361111
0 0.496484 0.504167 0.0132813 0.0444444
0 0.746484 0.375694 0.0132813 0.0458333
0 0.501562 0.500694 0.0109375 0.0430556
0 0.74375 0.372917 0.009375 0.0319444
0 0.491406 0.508333 0.0125 0.05
0 0.351172 0.407639 0.00859375 0.0402778
1 0.634766 0.298611 0.00859375 0.0333333
1 0.549609 0.372917 0.00859375 0.0375
0 0.667969 0.272222 0.0078125 0.0305556
1 0.634375 0.409722 0.0140625 0.0416667
1 0.673437 0.359722 0.0109375 0.0388889
1 0.333984 0.400694 0.0117188 0.0430556
1 0.747656 0.402778 0.0140625 0.0416667
0 0.289844 0.520833 0.0140625 0.0527778
0 0.748047 0.475694 0.0132813 0.0458333
0 0.201172 0.395833 0.0101562 0.0416667
1 0.690234 0.403472 0.0117188 0.0402778
0 0.317187 0.304861 0.009375 0.0319444
1 0.592578 0.461806 0.0164062 0.0430556
1 0.446484 0.436111 0.0117188 0.05
0 0.859375 0.635417 0.015625 0.0569444
1 0.703906 0.492361 0.0125 0.0430556
4 0.896875 0.319444 0.078125 0.0861111
