0 0.458594 0.206944 0.009375 0.0333333
1 0.467969 0.425 0.0109375 0.0638889
0 0.25 0.200694 0.0109375 0.0291667
1 0.346484 0.31875 0.0195312 0.0486111
1 0.457812 0.20625 0.009375 0.0291667
1 0.652344 0.215972 0.0109375 0.0347222
0 0.241406 0.226389 0.0125 0.0333333
0 0.567578 0.21875 0.00859375 0.0319444
0 0.355469 0.304167 0.0140625 0.0444444
1 0.791016 0.240972 0.00859375 0.0375
0 0.771484 0.278472 0.00859375 0.0458333
1 0.675 0.2875 0.0125 0.0444444
1 0.373437 0.227083 0.009375 0.0375
1 0.472266 0.411111 0.0117188 0.0527778
0 0.430078 0.236111 0.0117188 0.0388889
0 0.194141 0.303472 0.0148437 0.0458333
1 0.246094 0.299306 0.0125 0.0375
0 0.709766 0.232639 0.0101562 0.0347222
0 0.178906 0.370833 0.0125 0.05
1 0.342187 0.329167 0.0109375 0.0388889
1 0.496875 0.674306 0.0140625 0.0791667
0 0.522656 0.44375 0.0125 0.0541667
0 0.190625 0.484722 0.01875 0.0583333
1 0.80625 0.448611 0.021875 0.0583333
