0 0.444141 0.256944 0.00859375 0.0388889
0 0.489453 0.253472 0.00859375 0.0291667
1 0.493359 0.233333 0.00859375 0.0333333
0 0.586719 0.243056 0.0078125 0.0361111
1 0.457031 0.238194 0.0078125 0.0319444
0 0.500781 0.322222 0.009375 0.0472222
0 0.440234 0.265278 0.00703125 0.0361111
0 0.638672 0.272917 0.00859375 0.0402778
1 0.850781 0.427083 0.0109375 0.0541667
1 0.415625 0.324306 0.0078125 0.0402778
0 0.513672 0.265972 0.00859375 0.0375
1 0.577344 0.310417 0.0078125 0.0458333
1 0.832422 0.304861 0.00859375 0.0402778
0 0.367578 0.320833 0.00859375 0.0444444
1 0.749219 0.336111 0.0078125 0.0416667
0 0.321875 0.386111 0.0109375 0.0416667
1 0.61875 0.25 0.0078125 0.0361111
0 0.470703 0.376389 0.00859375 0.0444444
1 0.800781 0.522222 0.0125 0.0611111
1 0.492578 0.445139 0.0101562 0.0513889
0 0.780469 0.427778 0.0125 0.0583333
4 0.185156 0.308333 0.090625 0.0944444
