0 0.490234 0.329861 0.0101562 0.0402778
0 0.340234 0.502778 0.0179687 0.05
1 0.3375 0.49375 0.0171875 0.0513889
0 0.701953 0.245139 0.0101562 0.0375
0 0.715234 0.288889 0.00859375 0.0444444
1 0.678906 0.248611 0.009375 0.0361111
1 0.785937 0.46875 0.0140625 0.0569444
1 0.771484 0.613889 0.0148437 0.0611111
0 0.375781 0.259722 0.0109375 0.0333333
1 0.569141 0.398611 0.0117188 0.0444444
0 0.897266 0.764583 0.0195312 0.0708333
0 0.458203 0.452778 0.0179687 0.0472222
0 0.203906 0.441667 0.0125 0.0527778
0 0.377344 0.403472 0.0140625 0.0402778
0 0.734766 0.504167 0.0179687 0.0555556
1 0.539453 0.359722 0.0117188 0.0444444
1 0.643359 0.318056 0.0148437 0.0416667
1 0.339453 0.327778 0.0117188 0.0416667
1 0.753516 0.39375 0.00859375 0.0513889
0 0.276172 0.335417 0.0148437 0.0402778
1 0.304688 0.432639 0.01875 0.0347222
