1 0.653125 0.340278 0.009375 0.0388889
1 0.557813 0.263889 0.0078125 0.0305556
0 0.55 0.29375 0.009375 0.0347222
1 0.523828 0.270139 0.00703125 0.0319444
0 0.604688 0.252083 0.009375 0.0347222
0 0.619141 0.279861 0.0101562 0.0375
1 0.825 0.313194 0.009375 0.0402778
1 0.847656 0.417361 0.0109375 0.0541667
1 0.501953 0.336806 0.0101562 0.0375
0 0.459766 0.296528 0.00859375 0.0347222
0 0.819922 0.410417 0.00859375 0.0458333
0 0.580859 0.420139 0.00859375 0.0458333
0 0.357422 0.459028 0.0101562 0.0541667
1 0.646094 0.273611 0.009375 0.0361111
0 0.558984 0.353472 0.0117188 0.0458333
1 0.619141 0.347222 0.0101562 0.0444444
0 0.395703 0.351389 0.00859375 0.0444444
1 0.740234 0.350694 0.0117188 0.0458333
1 0.61875 0.50625 0.0125 0.0597222
1 0.853125 0.505556 0.0109375 0.0555556
4 0.175781 0.322222 0.0890625 0.0916667
