1 0.692969 0.340972 0.009375 0.0347222
1 0.526172 0.314583 0.00703125 0.0319444
0 0.694141 0.339583 0.00859375 0.0319444
1 0.150781 0.272222 0.00625 0.0277778
0 0.585547 0.292361 0.00703125 0.0347222
1 0.582422 0.336806 0.0117188 0.0402778
0 0.715625 0.341667 0.0078125 0.0305556
0 0.594141 0.381944 0.00859375 0.0388889
1 0.615625 0.343056 0.0078125 0.0305556
0 0.625 0.304167 0.00625 0.0277778
0 0.162891 0.478472 0.0101562 0.0541667
0 0.499609 0.413889 0.0101562 0.0416667
1 0.548437 0.438194 0.009375 0.0458333
1 0.248828 0.445139 0.0117188 0.0430556
0 0.231641 0.568056 0.0132813 0.0555556
0 0.0933594 0.427083 0.0101562 0.0486111
1 0.677734 0.375 0.00859375 0.0416667
0 0.328516 0.359028 0.0101562 0.0347222
0 0.195703 0.340278 0.00859375 0.0388889
1 0.715625 0.429167 0.009375 0.0416667
1 0.162891 0.41875 0.0101562 0.0458333
4 0.799609 0.315278 0.0742188 0.0805556
