1 0.589453 0.829861 0.0273438 0.0902778
1 0.588672 0.797917 0.0226563 0.0652778
0 0.657812 0.90625 0.0265625 0.0902778
0 0.559375 0.733333 0.015625 0.0694444
1 0.589844 0.872222 0.028125 0.0888889
0 0.371875 0.473611 0.0125 0.05
1 0.126563 0.344444 0.0109375 0.0444444
0 0.546875 0.300694 0.009375 0.0402778
1 0.555078 0.3375 0.0101562 0.0416667
1 0.468359 0.657639 0.0210938 0.0652778
0 0.272656 0.294444 0.009375 0.0388889
0 0.229297 0.358333 0.0101562 0.0472222
0 0.705859 0.316667 0.0132813 0.0388889
1 0.766406 0.586111 0.021875 0.0583333
1 0.130859 0.493056 0.0117188 0.05
0 0.202344 0.44375 0.0125 0.0541667
0 0.380469 0.359722 0.0109375 0.0444444
0 0.141016 0.576389 0.0148437 0.0583333
1 0.351562 0.417361 0.0171875 0.0486111
1 0.776953 0.381944 0.0117188 0.05
1 0.555469 0.452083 0.015625 0.0541667
