1 0.528906 0.257639 0.0078125 0.0291667
1 0.542188 0.252083 0.0078125 0.0347222
0 0.530859 0.259028 0.0101562 0.0319444
0 0.54375 0.283333 0.009375 0.0361111
0 0.599609 0.244444 0.00703125 0.0361111
1 0.849609 0.41875 0.0132813 0.0513889
1 0.603125 0.332639 0.009375 0.0458333
0 0.550391 0.345833 0.0101562 0.0388889
0 0.619922 0.279167 0.00703125 0.0361111
1 0.485938 0.33125 0.0078125 0.0402778
1 0.505469 0.25625 0.0078125 0.0291667
1 0.832031 0.304167 0.009375 0.0416667
0 0.458594 0.284028 0.0078125 0.0375
1 0.639063 0.264583 0.009375 0.0402778
0 0.392188 0.342361 0.0078125 0.0430556
1 0.743359 0.342361 0.0101562 0.0486111
0 0.542969 0.402778 0.0109375 0.0416667
0 0.364453 0.441667 0.0101562 0.0555556
1 0.606641 0.492361 0.0117188 0.0541667
0 0.814844 0.413889 0.0109375 0.05
1 0.842578 0.505556 0.0132813 0.0555556
4 0.180078 0.317361 0.0914062 0.0930556
