0 0.528125 0.309028 0.009375 0.0347222
1 0.366406 0.296528 0.0078125 0.0375
1 0.368359 0.28125 0.0101562 0.0375
0 0.594922 0.363889 0.0195312 0.0444444
0 0.352734 0.305556 0.00859375 0.0361111
0 0.247656 0.261111 0.0078125 0.0333333
0 0.501562 0.217361 0.0078125 0.0319444
1 0.391797 0.365278 0.0101562 0.0416667
0 0.5375 0.238889 0.0078125 0.0333333
1 0.760547 0.363194 0.0101562 0.0513889
1 0.475 0.243056 0.0078125 0.0333333
1 0.619531 0.270139 0.009375 0.0347222
1 0.572656 0.30625 0.009375 0.0402778
0 0.188281 0.434028 0.0125 0.0541667
0 0.513672 0.384028 0.0101562 0.0402778
1 0.658203 0.30625 0.00859375 0.0375
0 0.694531 0.402778 0.0140625 0.0444444
1 0.742969 0.463194 0.0140625 0.0458333
0 0.166406 0.336806 0.0109375 0.0458333
0 0.362891 0.556944 0.0148437 0.0583333
4 0.975 0.314583 0.046875 0.0902778
