0 0.548047 0.397917 0.0117188 0.0486111
1 0.763281 0.616667 0.0171875 0.0638889
1 0.4875 0.375 0.0125 0.05
1 0.649219 0.591667 0.0140625 0.0638889
0 0.275 0.363889 0.0109375 0.0472222
0 0.701953 0.254861 0.00859375 0.0347222
1 0.774219 0.307639 0.0109375 0.0402778
0 0.276172 0.599306 0.0164062 0.0625
1 0.723828 0.454861 0.0164062 0.0513889
0 0.887109 0.547222 0.0148437 0.0583333
1 0.669531 0.315278 0.015625 0.0388889
0 0.429297 0.344444 0.0148437 0.0416667
1 0.198828 0.518056 0.0117188 0.0527778
0 0.312891 0.285417 0.0117188 0.0402778
0 0.282422 0.432639 0.0148437 0.0541667
1 0.112891 0.3625 0.0101562 0.0416667
0 0.596484 0.265972 0.0148437 0.0347222
1 0.723047 0.6 0.0226563 0.0527778
1 0.839453 0.490972 0.0148437 0.0597222
0 0.502734 0.488889 0.0179687 0.05
0 0.747656 0.500694 0.0171875 0.0513889
