0 0.502344 0.301389 0.00625 0.0305556
1 0.501953 0.329861 0.0101562 0.0458333
1 0.500781 0.315278 0.009375 0.0416667
0 0.682813 0.356944 0.0109375 0.0416667
0 0.994141 0.584028 0.00703125 0.0263889
1 0.548437 0.345139 0.009375 0.0347222
0 0.523828 0.296528 0.00859375 0.0347222
1 0.187891 0.433333 0.0117188 0.0472222
0 0.597266 0.311111 0.00859375 0.0277778
1 0.604688 0.342361 0.009375 0.0319444
1 0.664062 0.391667 0.0109375 0.0416667
1 0.561328 0.301389 0.00859375 0.0277778
0 0.196094 0.340972 0.0078125 0.0375
0 0.0941406 0.428472 0.0101562 0.0458333
1 0.244922 0.427083 0.0101562 0.0402778
1 0.500391 0.443056 0.0117188 0.0472222
0 0.217187 0.574306 0.0125 0.0541667
0 0.151562 0.477778 0.0125 0.0472222
1 0.696484 0.46875 0.00859375 0.0402778
0 0.316797 0.361806 0.0101562 0.0347222
0 0.565234 0.395139 0.0101562 0.0430556
0 0.457812 0.415972 0.0109375 0.0458333
4 0.788281 0.316667 0.071875 0.0805556
