0 0.224219 0.343056 0.0109375 0.0444444
0 0.420312 0.406944 0.0140625 0.05
1 0.423047 0.210417 0.00703125 0.0291667
1 0.226172 0.352778 0.0101562 0.05
0 0.839063 0.291667 0.009375 0.0361111
0 0.501562 0.242361 0.0078125 0.0347222
1 0.400391 0.256944 0.00859375 0.0388889
1 0.785937 0.261806 0.009375 0.0375
0 0.723828 0.256944 0.0101562 0.0305556
0 0.279687 0.263194 0.0078125 0.0375
0 0.421094 0.36875 0.009375 0.0458333
1 0.344922 0.786111 0.0179687 0.0805556
1 0.638672 0.313889 0.0101562 0.0416667
1 0.692187 0.235417 0.0078125 0.0347222
1 0.426562 0.449306 0.0125 0.0569444
0 0.491016 0.286806 0.00859375 0.0375
1 0.257812 0.410417 0.0109375 0.0513889
1 0.908203 0.505556 0.0132813 0.0555556
0 0.523047 0.496528 0.0117188 0.0597222
0 0.203516 0.425 0.0117188 0.0527778
0 0.170703 0.548611 0.0148437 0.0611111
