1 0.194922 0.225694 0.00859375 0.0291667
1 0.554297 0.346528 0.0117188 0.0402778
0 0.900781 0.366667 0.0109375 0.0361111
1 0.426172 0.250694 0.00859375 0.0347222
1 0.549219 0.323611 0.0078125 0.0361111
1 0.315234 0.295139 0.00859375 0.0319444
1 0.557813 0.355556 0.009375 0.0305556
1 0.330469 0.300694 0.0078125 0.0319444
0 0.474219 0.408333 0.0109375 0.0472222
1 0.630859 0.309722 0.0101562 0.0388889
0 0.326172 0.331944 0.00859375 0.0361111
0 0.594531 0.382639 0.009375 0.0430556
1 0.578516 0.274306 0.00703125 0.0347222
0 0.343359 0.554861 0.0132813 0.0569444
0 0.670703 0.416667 0.00859375 0.0388889
0 0.230469 0.273611 0.0078125 0.0333333
1 0.382422 0.40625 0.0101562 0.0430556
0 0.453906 0.227083 0.00625 0.0319444
0 0.533984 0.250694 0.00859375 0.0319444
1 0.729297 0.373611 0.00859375 0.0416667
0 0.188672 0.445139 0.0132813 0.0513889
0 0.153516 0.350694 0.0101562 0.0430556
1 0.726172 0.506944 0.0101562 0.0444444
4 0.924219 0.310417 0.0859375 0.0958333
