0 0.521094 0.327778 0.0109375 0.0305556
1 0.295312 0.218056 0.0078125 0.025
1 0.387109 0.388194 0.0148437 0.0319444
0 0.900391 0.323611 0.00859375 0.0361111
0 0.389453 0.394444 0.0117188 0.0333333
1 0.382031 0.3875 0.0109375 0.0361111
0 0.326953 0.292361 0.00859375 0.0319444
1 0.611328 0.278472 0.00703125 0.0347222
1 0.503125 0.350694 0.009375 0.0375
0 0.658984 0.263194 0.00703125 0.0319444
1 0.570312 0.386806 0.015625 0.0402778
1 0.421484 0.357639 0.0101562 0.0347222
0 0.260938 0.377778 0.0109375 0.05
0 0.748047 0.457639 0.0132813 0.0458333
0 0.717188 0.336111 0.009375 0.0388889
0 0.442187 0.415278 0.0109375 0.0472222
0 0.432031 0.477083 0.0140625 0.0458333
1 0.667578 0.379861 0.0101562 0.0402778
1 0.627344 0.324306 0.0078125 0.0375
0 0.258203 0.457639 0.0117188 0.0458333
0 0.850391 0.651389 0.0148437 0.0583333
1 0.657812 0.511111 0.0140625 0.0472222
1 0.522656 0.427083 0.0109375 0.0347222
1 0.703906 0.405556 0.0109375 0.0444444
4 0.964453 0.320833 0.0664062 0.0888889
