0 0.908203 0.325 0.0101562 0.0444444
1 0.524609 0.208333 0.00859375 0.0305556
0 0.517969 0.240278 0.0078125 0.0388889
1 0.662891 0.227083 0.0101562 0.0319444
1 0.497266 0.270139 0.0117188 0.0402778
1 0.605078 0.354861 0.0101562 0.0458333
0 0.324219 0.257639 0.009375 0.0375
0 0.701172 0.29375 0.0101562 0.0375
1 0.421875 0.424306 0.0109375 0.0513889
1 0.272656 0.467361 0.0140625 0.0569444
1 0.759375 0.304861 0.009375 0.0402778
0 0.729688 0.378472 0.009375 0.0486111
0 0.395703 0.396528 0.0117188 0.0541667
0 0.196094 0.352083 0.0109375 0.0486111
0 0.372656 0.309722 0.009375 0.0416667
1 0.716016 0.629167 0.0132813 0.0611111
1 0.930859 0.457639 0.0132813 0.0541667
0 0.169141 0.443056 0.0117188 0.0527778
0 0.63125 0.5125 0.0140625 0.0555556
0 0.240234 0.518056 0.0132813 0.0583333
1 0.232812 0.377778 0.0109375 0.0472222
