0 0.852344 0.334722 0.00625 0.0333333
0 0.504297 0.511806 0.0117188 0.0402778
0 0.508594 0.511806 0.01875 0.0597222
0 0.748047 0.384028 0.0101562 0.0375
0 0.862109 0.632639 0.0148437 0.0541667
0 0.514453 0.5 0.0117188 0.0416667
0 0.507031 0.524306 0.0125 0.0458333
1 0.683203 0.369444 0.0117188 0.0361111
1 0.560547 0.378472 0.00859375 0.0375
1 0.639453 0.305556 0.00859375 0.0305556
0 0.360156 0.415278 0.009375 0.0388889
1 0.754687 0.406944 0.009375 0.0388889
1 0.697266 0.407639 0.0101562 0.0430556
1 0.605469 0.468056 0.0140625 0.0444444
0 0.672656 0.277083 0.0078125 0.0291667
0 0.204297 0.400694 0.0101562 0.0430556
0 0.746875 0.476389 0.009375 0.0472222
1 0.644531 0.414583 0.0125 0.0402778
1 0.453906 0.446528 0.009375 0.0430556
1 0.336328 0.4 0.00859375 0.0388889
1 0.709766 0.492361 0.0101562 0.0402778
0 0.322266 0.30625 0.00859375 0.0319444
0 0.302344 0.525 0.0171875 0.0527778
4 0.889844 0.322222 0.075 0.0861111
