1 0.648828 0.301389 0.00703125 0.0361111
1 0.300391 0.45625 0.0132813 0.0486111
0 0.558594 0.256944 0.00625 0.0305556
1 0.575781 0.257639 0.0078125 0.0319444
1 0.505078 0.370833 0.00859375 0.0416667
1 0.404687 0.245139 0.0078125 0.0319444
1 0.548828 0.336111 0.00859375 0.0388889
1 0.319141 0.306944 0.00859375 0.0361111
1 0.281641 0.316667 0.00859375 0.0333333
0 0.332812 0.352778 0.0078125 0.0416667
0 0.664844 0.492361 0.009375 0.0569444
0 0.425781 0.434722 0.0140625 0.0472222
1 0.645312 0.638889 0.015625 0.0583333
0 0.242188 0.281944 0.009375 0.0333333
0 0.441016 0.228472 0.00703125 0.0291667
0 0.174219 0.464583 0.0125 0.0513889
0 0.177734 0.354167 0.0101562 0.0416667
0 0.627344 0.394444 0.009375 0.0444444
1 0.756641 0.401389 0.0101562 0.0444444
0 0.301562 0.550694 0.015625 0.0541667
4 0.916016 0.302778 0.0789063 0.0916667
