0 0.448828 0.403472 0.0273438 0.0375
1 0.625391 0.273611 0.00859375 0.0333333
0 0.287109 0.366667 0.0101562 0.0472222
0 0.438672 0.422222 0.0148437 0.0361111
1 0.521484 0.356944 0.0101562 0.0444444
1 0.686328 0.381944 0.00859375 0.0388889
1 0.629297 0.325 0.00859375 0.0361111
0 0.671094 0.263889 0.0078125 0.0333333
0 0.428125 0.4875 0.009375 0.0527778
0 0.257031 0.453472 0.0125 0.0430556
1 0.414844 0.347917 0.0109375 0.0347222
0 0.74375 0.465278 0.0109375 0.0444444
1 0.569141 0.3875 0.0101562 0.0388889
0 0.717969 0.325694 0.0109375 0.0402778
1 0.484766 0.433333 0.0164062 0.0416667
1 0.411719 0.390278 0.0109375 0.0361111
0 0.455078 0.39375 0.0132813 0.0430556
1 0.672266 0.527083 0.0132813 0.0430556
4 0.985547 0.325 0.0289063 0.0916667
0 0.349219 0.284722 0.0078125 0.0305556
0 0.863672 0.672222 0.0132813 0.0583333
1 0.715625 0.416667 0.0109375 0.0444444
