1 0.522266 0.265278 0.00859375 0.0305556
1 0.555469 0.261806 0.0078125 0.0319444
0 0.551562 0.292361 0.0078125 0.0347222
1 0.85 0.415972 0.009375 0.0513889
0 0.605078 0.251389 0.00859375 0.0361111
0 0.619531 0.28125 0.0109375 0.0402778
0 0.460156 0.295139 0.0078125 0.0347222
0 0.558203 0.350694 0.00859375 0.0458333
0 0.358594 0.457639 0.009375 0.0541667
0 0.575781 0.413889 0.0109375 0.0444444
1 0.499609 0.336111 0.00859375 0.0388889
1 0.826953 0.313194 0.0101562 0.0430556
0 0.819922 0.411111 0.0101562 0.0472222
1 0.645703 0.274306 0.0117188 0.0402778
1 0.851562 0.507639 0.0140625 0.0597222
1 0.741797 0.348611 0.0101562 0.0416667
1 0.617969 0.346528 0.009375 0.0402778
1 0.61875 0.505556 0.0140625 0.0583333
0 0.396875 0.35 0.0078125 0.0444444
4 0.178125 0.319444 0.0875 0.0916667
