0 0.736328 0.2875 0.00703125 0.0277778
0 0.735156 0.260417 0.0078125 0.0291667
1 0.907031 0.466667 0.015625 0.0388889
0 0.195703 0.444444 0.0101562 0.0472222
0 0.633203 0.309722 0.00859375 0.0333333
1 0.550781 0.261111 0.0078125 0.0305556
1 0.712891 0.338889 0.00859375 0.0361111
1 0.655859 0.285417 0.00703125 0.0291667
1 0.277734 0.429167 0.0117188 0.0388889
0 0.205469 0.301389 0.0078125 0.0361111
1 0.603906 0.426389 0.009375 0.0416667
0 0.889063 0.434722 0.0078125 0.0333333
0 0.339063 0.331944 0.0078125 0.0333333
0 0.694141 0.375694 0.00859375 0.0402778
0 0.10625 0.375 0.0109375 0.0444444
1 0.466016 0.322917 0.00859375 0.0402778
0 0.557813 0.427083 0.0109375 0.0430556
1 0.616797 0.338194 0.0101562 0.0375
0 0.468359 0.525694 0.0117188 0.0541667
1 0.220703 0.3375 0.00859375 0.0333333
4 0.833203 0.3125 0.0757812 0.0861111
