0 0.133984 0.376389 0.0117188 0.0333333
1 0.197656 0.311111 0.009375 0.0277778
0 0.219922 0.297917 0.00859375 0.0319444
1 0.208984 0.275694 0.00859375 0.0319444
1 0.477734 0.254167 0.00859375 0.0361111
1 0.759375 0.363194 0.009375 0.0430556
0 0.117188 0.364583 0.009375 0.0319444
0 0.188281 0.340278 0.0109375 0.0388889
0 0.342187 0.340972 0.009375 0.0402778
1 0.149219 0.391667 0.0140625 0.0361111
0 0.535937 0.296528 0.0125 0.0375
1 0.525391 0.426389 0.0132813 0.0555556
0 0.167578 0.315278 0.00859375 0.0388889
1 0.810938 0.559722 0.0140625 0.0638889
0 0.408203 0.577083 0.0164062 0.0541667
0 0.636328 0.313194 0.0117188 0.0430556
0 0.693359 0.556944 0.0148437 0.0583333
1 0.483984 0.377778 0.0101562 0.0416667
1 0.298828 0.460417 0.0132813 0.0458333
1 0.779688 0.432639 0.0140625 0.0541667
4 0.0847656 0.277083 0.0820312 0.0819444
