1 0.503906 0.441667 0.015625 0.0416667
0 0.705469 0.40625 0.00625 0.0208333
1 0.627734 0.540972 0.0210938 0.0625
0 0.504297 0.440278 0.0148437 0.0416667
1 0.624609 0.5 0.0179687 0.05
1 0.669531 0.707639 0.0171875 0.0708333
1 0.602734 0.327083 0.0179687 0.0402778
1 0.407813 0.409028 0.015625 0.0541667
0 0.188281 0.608333 0.0171875 0.0638889
0 0.383984 0.366667 0.0132813 0.0444444
0 0.707812 0.286806 0.009375 0.0347222
1 0.594141 0.653472 0.0210938 0.0597222
0 0.547656 0.285417 0.0125 0.0430556
0 0.280078 0.288889 0.0117188 0.0444444
1 0.642969 0.749306 0.0203125 0.0680556
0 0.416797 0.506944 0.0195312 0.0583333
0 0.630078 0.561111 0.0179687 0.0555556
0 0.249219 0.361806 0.015625 0.0486111
1 0.104687 0.350694 0.0125 0.0486111
1 0.777734 0.377083 0.0179687 0.0458333
0 0.214453 0.440972 0.0164062 0.0513889
1 0.798437 0.592361 0.0171875 0.0680556
1 0.133203 0.525 0.0148437 0.0583333
0 0.808984 0.719444 0.0257812 0.0666667
