0 0.921875 0.417361 0.0140625 0.0486111
1 0.582422 0.238889 0.00703125 0.0305556
1 0.440625 0.422222 0.0078125 0.0444444
1 0.394922 0.236806 0.00703125 0.0319444
1 0.249219 0.353472 0.0109375 0.0402778
1 0.715625 0.309028 0.009375 0.0375
1 0.408984 0.799306 0.0148437 0.0708333
1 0.214844 0.436806 0.009375 0.0402778
0 0.181641 0.365278 0.0132813 0.0444444
0 0.416797 0.2375 0.00703125 0.0361111
0 0.164062 0.459722 0.0125 0.05
0 0.653516 0.305556 0.00859375 0.0361111
1 0.669141 0.35 0.0101562 0.0361111
0 0.271484 0.297222 0.00859375 0.0388889
0 0.718359 0.449306 0.0117188 0.0513889
0 0.413281 0.355556 0.009375 0.0416667
0 0.604688 0.546528 0.0125 0.0541667
1 0.946875 0.522917 0.0125 0.0541667
0 0.383203 0.444444 0.0117188 0.05
1 0.304297 0.327778 0.00859375 0.0388889
0 0.230859 0.583333 0.0148437 0.0555556
4 0.967188 0.306944 0.0640625 0.0888889
