0 0.636719 0.605556 0.0140625 0.05
0 0.659375 0.277778 0.00625 0.0277778
0 0.732813 0.261111 0.00625 0.025
1 0.639063 0.60625 0.0125 0.0513889
0 0.624609 0.600694 0.0132813 0.0486111
0 0.724609 0.451389 0.00859375 0.0472222
1 0.570703 0.279167 0.00703125 0.0305556
0 0.608203 0.348611 0.00859375 0.0361111
1 0.723828 0.384028 0.00859375 0.0486111
1 0.664844 0.330556 0.0078125 0.0333333
1 0.251563 0.377778 0.0078125 0.0388889
0 0.257812 0.313194 0.0078125 0.0291667
1 0.484766 0.375694 0.00859375 0.0375
1 0.641016 0.403472 0.00859375 0.0375
0 0.159375 0.395833 0.0109375 0.0416667
1 0.369922 0.559722 0.0117188 0.0555556
0 0.362891 0.397917 0.0101562 0.0430556
1 0.928906 0.552083 0.0125 0.0458333
0 0.898047 0.581944 0.0101562 0.0472222
0 0.253516 0.552778 0.0132813 0.0527778
4 0.838281 0.320139 0.059375 0.0763889
0 0.559375 0.602083 0.01875 0.0486111
