0 0.550391 0.25625 0.0101562 0.0319444
0 0.853906 0.305556 0.0109375 0.0416667
0 0.588281 0.270139 0.0109375 0.0430556
0 0.592188 0.2625 0.0109375 0.0361111
1 0.726953 0.305556 0.0117188 0.0388889
1 0.61875 0.249306 0.009375 0.0375
1 0.584375 0.292361 0.009375 0.0319444
0 0.632422 0.299306 0.0117188 0.0402778
0 0.244141 0.269444 0.00859375 0.0361111
1 0.744922 0.347222 0.0117188 0.0361111
1 0.701563 0.270833 0.0109375 0.0388889
0 0.766797 0.277778 0.0117188 0.0361111
1 0.457422 0.281944 0.0117188 0.0388889
4 0.987891 0.329861 0.0242187 0.0902778
0 0.391406 0.289583 0.009375 0.0430556
0 0.689062 0.348611 0.0109375 0.0416667
0 0.451953 0.334028 0.0164062 0.0458333
1 0.254297 0.302083 0.00859375 0.0375
1 0.246484 0.384722 0.00859375 0.0472222
1 0.515625 0.334722 0.0140625 0.0416667
0 0.161719 0.404167 0.0140625 0.05
0 0.15 0.330556 0.0109375 0.0444444
1 0.673437 0.442361 0.0140625 0.0458333
0 0.215234 0.475 0.0164062 0.0555556
