1 0.596484 0.194444 0.0101562 0.0361111
1 0.714453 0.258333 0.0148437 0.0444444
0 0.597656 0.195833 0.009375 0.0333333
1 0.700781 0.246528 0.0125 0.0402778
0 0.716406 0.264583 0.0109375 0.0458333
0 0.645312 0.19375 0.0140625 0.0319444
1 0.3875 0.229861 0.0078125 0.0402778
0 0.354297 0.203472 0.0117188 0.0430556
1 0.673047 0.197222 0.0101562 0.0361111
0 0.468359 0.244444 0.00859375 0.0444444
1 0.74375 0.286806 0.0140625 0.0458333
0 0.436328 0.290972 0.0132813 0.0486111
1 0.3125 0.353472 0.0140625 0.0513889
1 0.542969 0.228472 0.0125 0.0486111
1 0.628516 0.236111 0.0148437 0.0388889
0 0.663281 0.226389 0.0125 0.0333333
0 0.223438 0.458333 0.0171875 0.0611111
0 0.670703 0.330556 0.0148437 0.0527778
1 0.553516 0.28125 0.0132813 0.0486111
0 0.265625 0.263889 0.0109375 0.0527778
0 0.223438 0.354167 0.015625 0.0527778
1 0.757031 0.361806 0.0171875 0.0513889
1 0.664453 0.470833 0.0148437 0.0611111
