0 0.355859 0.455556 0.0101562 0.0444444
0 0.367969 0.465278 0.01875 0.0611111
0 0.177344 0.442361 0.01875 0.0625
1 0.371484 0.452778 0.0132813 0.0388889
0 0.364844 0.475694 0.015625 0.0375
0 0.382812 0.465278 0.0109375 0.05
0 0.357422 0.471528 0.0148437 0.0569444
0 0.692187 0.277083 0.0125 0.0402778
1 0.674219 0.615278 0.0140625 0.0611111
0 0.18125 0.430556 0.015625 0.0527778
1 0.276563 0.331944 0.0109375 0.0472222
1 0.638281 0.316667 0.0125 0.0444444
0 0.700781 0.247222 0.009375 0.0388889
1 0.532812 0.428472 0.0125 0.0541667
0 0.231641 0.318056 0.0148437 0.0444444
1 0.769531 0.401389 0.0109375 0.0555556
1 0.477344 0.377778 0.01875 0.0527778
1 0.773047 0.4875 0.0132813 0.0611111
1 0.667188 0.239583 0.009375 0.0375
0 0.802344 0.75625 0.015625 0.0708333
0 0.677734 0.516667 0.0164062 0.0611111
0 0.348047 0.263194 0.0117188 0.0402778
1 0.168359 0.476389 0.0132813 0.0555556
