1 0.380078 0.453472 0.0132813 0.0513889
1 0.176953 0.384028 0.0101562 0.0375
1 0.703516 0.314583 0.0117188 0.0458333
1 0.211328 0.359028 0.00859375 0.0458333
1 0.261328 0.661806 0.0148437 0.0708333
1 0.396484 0.197917 0.00859375 0.0291667
1 0.509766 0.333333 0.0117188 0.0444444
0 0.528125 0.225694 0.009375 0.0347222
0 0.177734 0.345833 0.0101562 0.0416667
1 0.641016 0.210417 0.00703125 0.0347222
0 0.372266 0.304167 0.00859375 0.0388889
1 0.308203 0.289583 0.00859375 0.0430556
1 0.881641 0.555556 0.0132813 0.0638889
0 0.258984 0.275694 0.0101562 0.0402778
0 0.319922 0.375694 0.0117188 0.0513889
0 0.15 0.4 0.0140625 0.05
0 0.704687 0.395139 0.0140625 0.0486111
0 0.157813 0.502083 0.0140625 0.0597222
0 0.428906 0.509722 0.0140625 0.0527778
1 0.343359 0.40625 0.0117188 0.0513889
