1 0.478516 0.359028 0.00859375 0.0375
0 0.927344 0.406944 0.0109375 0.0388889
1 0.195312 0.227778 0.0078125 0.0305556
1 0.398438 0.250694 0.00625 0.0319444
1 0.308203 0.306944 0.00859375 0.0333333
0 0.317187 0.351389 0.0078125 0.0388889
1 0.283203 0.311806 0.00859375 0.0347222
1 0.6875 0.572222 0.0140625 0.0555556
1 0.536328 0.330556 0.00859375 0.0388889
0 0.433984 0.232639 0.00703125 0.0319444
0 0.439063 0.43125 0.0125 0.0486111
0 0.532031 0.255556 0.0078125 0.0333333
1 0.624609 0.307639 0.00859375 0.0375
1 0.521875 0.361806 0.009375 0.0375
0 0.224219 0.284722 0.0078125 0.0333333
1 0.722656 0.389583 0.009375 0.0486111
0 0.648438 0.455556 0.009375 0.0444444
0 0.592969 0.392361 0.009375 0.0458333
0 0.157031 0.357639 0.0109375 0.0430556
1 0.559766 0.270833 0.00859375 0.0361111
1 0.339844 0.440972 0.0125 0.0458333
0 0.176563 0.461111 0.0140625 0.0472222
0 0.308984 0.554861 0.0148437 0.0541667
4 0.895312 0.305556 0.0796875 0.0944444
