0 0.524219 0.330556 0.009375 0.0333333
1 0.424609 0.373611 0.0101562 0.0361111
0 0.721484 0.345139 0.0101562 0.0347222
0 0.442969 0.479861 0.0125 0.0430556
0 0.654688 0.2625 0.00625 0.0277778
1 0.501172 0.352083 0.00859375 0.0402778
1 0.608984 0.281944 0.0117188 0.0361111
0 0.232422 0.382639 0.0117188 0.0402778
0 0.360938 0.384028 0.0109375 0.0430556
1 0.535937 0.429167 0.0109375 0.0472222
1 0.634375 0.33125 0.0109375 0.0402778
1 0.664453 0.38125 0.00859375 0.0430556
0 0.747266 0.464583 0.0117188 0.0486111
0 0.310156 0.29375 0.009375 0.0319444
0 0.253906 0.475 0.0109375 0.0472222
1 0.707812 0.402083 0.009375 0.0402778
0 0.850781 0.647917 0.0171875 0.0569444
0 0.441797 0.440278 0.0117188 0.0388889
1 0.579297 0.391667 0.00859375 0.0416667
1 0.671094 0.50625 0.0109375 0.0458333
4 0.944141 0.313889 0.0789063 0.0888889
