0 0.727344 0.239583 0.009375 0.0430556
0 0.383203 0.191667 0.00859375 0.0388889
0 0.728125 0.259028 0.009375 0.0430556
1 0.726953 0.233333 0.00859375 0.0361111
1 0.600781 0.291667 0.0109375 0.0527778
1 0.667969 0.188194 0.0109375 0.0430556
0 0.688281 0.225 0.009375 0.0472222
1 0.679297 0.259722 0.00859375 0.0388889
1 0.330859 0.35625 0.0117188 0.0569444
1 0.687109 0.490972 0.0132813 0.0625
0 0.527344 0.247222 0.0109375 0.0444444
0 0.332422 0.254861 0.0117188 0.0513889
1 0.569141 0.228472 0.0101562 0.0513889
0 0.489453 0.286806 0.0117188 0.0569444
0 0.694922 0.344444 0.0132813 0.0527778
1 0.422266 0.222222 0.0101562 0.0416667
1 0.753125 0.299306 0.0109375 0.0513889
0 0.236719 0.360417 0.0125 0.0625
1 0.780469 0.365278 0.0109375 0.0583333
0 0.236719 0.481944 0.015625 0.0666667
