1 0.971484 0.39375 0.0132813 0.0430556
0 0.395312 0.453472 0.0109375 0.0430556
0 0.923047 0.578472 0.00546875 0.0208333
0 0.196875 0.363889 0.0109375 0.0416667
1 0.197266 0.363889 0.0101562 0.0388889
1 0.137891 0.435417 0.0132813 0.0458333
1 0.639063 0.327083 0.009375 0.0458333
0 0.639063 0.322222 0.0109375 0.0527778
1 0.232422 0.452083 0.0101562 0.0513889
0 0.326172 0.541667 0.0117188 0.0472222
1 0.277734 0.309028 0.00859375 0.0375
0 0.853125 0.450694 0.009375 0.0458333
0 0.254297 0.411806 0.0101562 0.0458333
1 0.164062 0.697222 0.01875 0.0694444
0 0.338672 0.327083 0.00859375 0.0347222
0 0.435547 0.2625 0.00859375 0.0333333
1 0.538672 0.265278 0.00859375 0.0361111
0 0.246875 0.298611 0.009375 0.0361111
0 0.126563 0.508333 0.0140625 0.0527778
1 0.370313 0.227778 0.0078125 0.0333333
1 0.903125 0.684028 0.0171875 0.0652778
1 0.454688 0.35 0.009375 0.0416667
