0 0.678516 0.209028 0.0101562 0.0347222
1 0.585938 0.244444 0.0109375 0.0361111
0 0.598437 0.183333 0.009375 0.0333333
1 0.564062 0.215972 0.0109375 0.0375
1 0.763672 0.384722 0.0148437 0.0527778
0 0.374219 0.186111 0.0078125 0.0361111
1 0.751172 0.290972 0.0101562 0.0569444
0 0.651953 0.220833 0.0117188 0.0388889
0 0.593359 0.382639 0.0148437 0.0513889
1 0.678516 0.208333 0.0101562 0.0361111
1 0.488672 0.271528 0.0148437 0.0458333
1 0.731641 0.240972 0.0117188 0.0430556
0 0.210938 0.24375 0.009375 0.0486111
0 0.366016 0.322222 0.0132813 0.0527778
0 0.707031 0.311806 0.0140625 0.0486111
1 0.410937 0.205556 0.009375 0.0416667
1 0.583203 0.303472 0.0101562 0.0486111
0 0.144141 0.377778 0.0195312 0.0555556
0 0.266797 0.611806 0.0164062 0.0680556
1 0.634766 0.495833 0.0210938 0.0666667
