1 0.283984 0.333333 0.0164062 0.0472222
0 0.271875 0.295833 0.009375 0.0361111
0 0.371094 0.358333 0.0125 0.0444444
0 0.285156 0.335417 0.0125 0.0430556
0 0.213672 0.326389 0.0117188 0.0361111
1 0.255469 0.282639 0.0078125 0.0291667
0 0.135547 0.366667 0.0101562 0.0361111
1 0.553516 0.240278 0.0117188 0.0388889
0 0.589844 0.286111 0.015625 0.0416667
0 0.661328 0.293056 0.0101562 0.0361111
1 0.789453 0.522222 0.0132813 0.0611111
0 0.20625 0.426389 0.0109375 0.05
1 0.495703 0.422917 0.0117188 0.0486111
0 0.546484 0.638889 0.0195312 0.0638889
0 0.396094 0.360417 0.0125 0.0402778
1 0.765625 0.413889 0.0109375 0.0555556
1 0.705078 0.347222 0.0101562 0.05
1 0.0828125 0.429861 0.0140625 0.0430556
1 0.553125 0.405556 0.0140625 0.0472222
1 0.389453 0.530556 0.0195312 0.0527778
0 0.657422 0.506944 0.0148437 0.0555556
