1 0.869141 0.352778 0.0101562 0.025
0 0.700781 0.284028 0.0078125 0.0263889
0 0.616406 0.297917 0.0078125 0.0291667
0 0.751172 0.263194 0.00703125 0.0347222
1 0.630859 0.28125 0.00703125 0.0263889
0 0.832422 0.388889 0.0101562 0.0305556
1 0.557813 0.388194 0.0125 0.0402778
1 0.695703 0.332639 0.00859375 0.0375
1 0.540625 0.265278 0.0078125 0.0333333
1 0.809766 0.429167 0.0179687 0.0361111
0 0.164062 0.429861 0.0140625 0.0402778
0 0.198047 0.300694 0.00859375 0.0319444
1 0.594531 0.329167 0.009375 0.0333333
0 0.657031 0.350694 0.0078125 0.0347222
1 0.449609 0.311111 0.00859375 0.0361111
0 0.334375 0.319444 0.0078125 0.0333333
1 0.246484 0.407639 0.00859375 0.0347222
0 0.520312 0.384722 0.0109375 0.0388889
0 0.0953125 0.373611 0.0109375 0.05
1 0.20625 0.338194 0.009375 0.0347222
0 0.379297 0.509722 0.0179687 0.0527778
4 0.838672 0.31875 0.0757812 0.0875
