0 0.360547 0.159028 0.0101562 0.0347222
0 0.728516 0.238889 0.00859375 0.0388889
1 0.66875 0.186806 0.009375 0.0402778
1 0.728125 0.232639 0.0078125 0.0347222
0 0.729297 0.2625 0.00859375 0.0388889
1 0.688281 0.490278 0.0125 0.0694444
1 0.679688 0.261111 0.0078125 0.0361111
0 0.688672 0.226389 0.00859375 0.0444444
0 0.382422 0.190972 0.00859375 0.0375
1 0.601172 0.29375 0.0101562 0.0541667
1 0.33125 0.35625 0.0109375 0.0541667
1 0.753516 0.3 0.00859375 0.0527778
1 0.568359 0.230556 0.0132813 0.05
0 0.334375 0.25625 0.0125 0.0513889
0 0.528125 0.247917 0.0109375 0.0458333
0 0.695703 0.345833 0.0117188 0.0527778
0 0.490234 0.2875 0.0117188 0.0583333
1 0.78125 0.363889 0.0109375 0.0583333
1 0.422266 0.221528 0.0101562 0.0430556
0 0.237109 0.481944 0.0164062 0.0694444
0 0.235156 0.3625 0.015625 0.0555556
