0 0.631641 0.195139 0.00859375 0.0347222
0 0.358203 0.161111 0.0101562 0.0305556
0 0.682422 0.214583 0.00703125 0.0458333
1 0.667188 0.1875 0.009375 0.0416667
1 0.774609 0.364583 0.0132813 0.0597222
0 0.720312 0.259722 0.009375 0.0416667
0 0.38125 0.195139 0.009375 0.0402778
0 0.684766 0.225694 0.00859375 0.0402778
1 0.669922 0.252778 0.00859375 0.0416667
1 0.719922 0.235417 0.00859375 0.0347222
1 0.749219 0.3 0.009375 0.0527778
1 0.594531 0.290972 0.009375 0.0513889
0 0.480078 0.289583 0.0117188 0.0513889
0 0.518359 0.24375 0.0101562 0.0486111
1 0.420312 0.222917 0.0109375 0.0430556
1 0.33125 0.355556 0.0125 0.0555556
0 0.325 0.257639 0.0125 0.0541667
1 0.682813 0.482639 0.0140625 0.0625
1 0.567187 0.231944 0.009375 0.05
0 0.242188 0.358333 0.0125 0.0555556
0 0.690234 0.340278 0.0117188 0.0527778
0 0.236719 0.473611 0.0171875 0.0694444
