0 0.561328 0.236806 0.0101562 0.0402778
0 0.734766 0.229167 0.0132813 0.0472222
0 0.628906 0.2375 0.0125 0.0444444
1 0.593359 0.239583 0.00859375 0.0375
0 0.629687 0.193056 0.009375 0.0361111
1 0.734375 0.229861 0.0140625 0.0458333
0 0.410937 0.343056 0.0140625 0.0444444
1 0.430859 0.232639 0.00859375 0.0375
0 0.361328 0.204167 0.0101562 0.0361111
1 0.694531 0.207639 0.0125 0.0347222
1 0.780469 0.299306 0.015625 0.0458333
1 0.628906 0.239583 0.0125 0.0402778
1 0.495703 0.289583 0.00859375 0.0430556
0 0.731641 0.297222 0.0101562 0.0444444
0 0.540625 0.239583 0.0078125 0.0402778
1 0.615625 0.315972 0.009375 0.0458333
1 0.726562 0.470833 0.0203125 0.0583333
0 0.690234 0.392361 0.0148437 0.0486111
1 0.80625 0.379861 0.0125 0.0513889
0 0.342969 0.609722 0.0203125 0.0722222
0 0.240625 0.270833 0.009375 0.0444444
0 0.175391 0.392361 0.0164062 0.0486111
