0 0.519922 0.214583 0.00703125 0.0291667
1 0.528906 0.250694 0.009375 0.0347222
0 0.600781 0.325 0.0078125 0.0416667
1 0.588281 0.322222 0.0078125 0.0388889
0 0.536719 0.276389 0.0078125 0.0305556
0 0.519531 0.253472 0.0078125 0.0291667
0 0.627734 0.278472 0.00859375 0.0319444
0 0.591797 0.240278 0.00703125 0.0333333
1 0.489062 0.248611 0.0078125 0.0305556
1 0.630469 0.256944 0.009375 0.0333333
1 0.467578 0.330556 0.0132813 0.0472222
0 0.451172 0.275694 0.00859375 0.0375
1 0.835156 0.301389 0.0078125 0.0388889
1 0.85 0.41875 0.0125 0.0541667
0 0.357031 0.424306 0.009375 0.0513889
0 0.537891 0.334028 0.0101562 0.0458333
0 0.517187 0.391667 0.0109375 0.0472222
0 0.384766 0.336111 0.0101562 0.0416667
1 0.830078 0.505556 0.0101562 0.0638889
0 0.805469 0.413889 0.0109375 0.0527778
1 0.743359 0.339583 0.0101562 0.0486111
1 0.577734 0.473611 0.0101562 0.0527778
4 0.182812 0.310417 0.090625 0.0930556
