0 0.636328 0.616667 0.0179687 0.0555556
1 0.655078 0.282639 0.00859375 0.0291667
0 0.73125 0.263194 0.00625 0.0263889
0 0.655078 0.285417 0.00703125 0.0263889
0 0.622656 0.6125 0.0171875 0.0527778
1 0.640234 0.614583 0.0117188 0.0541667
1 0.571484 0.279167 0.00703125 0.0305556
1 0.6625 0.332639 0.009375 0.0375
1 0.916406 0.556944 0.009375 0.0444444
1 0.723437 0.386806 0.0078125 0.0458333
0 0.605078 0.350694 0.00859375 0.0347222
0 0.720703 0.455556 0.00859375 0.0416667
1 0.486328 0.381944 0.00859375 0.0361111
0 0.892187 0.597222 0.0109375 0.0527778
0 0.365625 0.404167 0.009375 0.0416667
0 0.261719 0.314583 0.0078125 0.0319444
1 0.384766 0.570139 0.0117188 0.0541667
0 0.161328 0.396528 0.0117188 0.0458333
0 0.257812 0.566667 0.0140625 0.0555556
1 0.254687 0.378472 0.0078125 0.0319444
1 0.641406 0.406944 0.009375 0.0388889
0 0.562891 0.597222 0.0226563 0.0527778
4 0.839844 0.319444 0.0625 0.075
