0 0.738281 0.242361 0.0078125 0.0513889
1 0.738281 0.234722 0.0078125 0.0361111
0 0.7375 0.259028 0.009375 0.0375
0 0.689062 0.228472 0.009375 0.0430556
1 0.686328 0.259722 0.00859375 0.0361111
1 0.758984 0.298611 0.00859375 0.0527778
1 0.563672 0.234722 0.0101562 0.0472222
1 0.605469 0.297917 0.009375 0.0541667
1 0.33125 0.354861 0.0125 0.0541667
0 0.706641 0.359722 0.0101562 0.0527778
0 0.379297 0.184028 0.0101562 0.0375
0 0.5 0.286806 0.0125 0.0569444
0 0.348437 0.245833 0.0109375 0.0527778
1 0.425 0.216667 0.009375 0.0416667
1 0.783203 0.366667 0.0132813 0.0555556
0 0.540625 0.25 0.0125 0.0472222
0 0.206641 0.369444 0.0132813 0.0583333
1 0.691406 0.49375 0.0125 0.0625
0 0.246094 0.49375 0.0140625 0.0680556
