0 0.217969 0.397917 0.021875 0.0402778
0 0.254297 0.361806 0.0117188 0.0402778
1 0.258203 0.375694 0.00859375 0.0402778
1 0.813672 0.476389 0.0132813 0.0611111
1 0.208594 0.396528 0.0109375 0.0319444
0 0.289453 0.304861 0.00859375 0.0402778
1 0.263672 0.307639 0.00859375 0.0375
0 0.249219 0.339583 0.009375 0.0402778
0 0.352734 0.34375 0.00859375 0.0375
1 0.481641 0.447222 0.0117188 0.0416667
1 0.416797 0.398611 0.0148437 0.0388889
0 0.221094 0.401389 0.0109375 0.0416667
0 0.507031 0.327083 0.009375 0.0375
1 0.465234 0.30625 0.0101562 0.0375
0 0.147266 0.422222 0.0101562 0.0444444
0 0.606641 0.340972 0.0101562 0.0375
0 0.257031 0.405556 0.009375 0.0361111
1 0.311328 0.458333 0.0132813 0.0444444
0 0.26875 0.617361 0.0140625 0.0625
1 0.781641 0.385417 0.0132813 0.0486111
0 0.647266 0.609028 0.0195312 0.0625
1 0.753516 0.622222 0.0210938 0.0555556
4 0.144531 0.290278 0.071875 0.0805556
