0 0.54375 0.227778 0.015625 0.0361111
0 0.546484 0.292361 0.00859375 0.0347222
0 0.593359 0.347222 0.0101562 0.0472222
1 0.675 0.300694 0.009375 0.0402778
1 0.592969 0.351389 0.009375 0.0416667
0 0.540625 0.229167 0.0078125 0.0277778
0 0.387891 0.28125 0.00859375 0.0375
1 0.407422 0.275694 0.00859375 0.0375
1 0.589844 0.289583 0.0078125 0.0375
0 0.553516 0.211806 0.00703125 0.0347222
1 0.400781 0.340278 0.009375 0.0388889
1 0.429688 0.269444 0.0078125 0.0361111
1 0.513672 0.239583 0.00703125 0.0347222
0 0.198047 0.427778 0.0117188 0.0527778
0 0.196484 0.322222 0.0117188 0.0444444
0 0.279297 0.248611 0.00859375 0.0361111
0 0.7875 0.393056 0.009375 0.0444444
1 0.647656 0.261806 0.0078125 0.0347222
1 0.797266 0.454861 0.0164062 0.0486111
1 0.816797 0.360417 0.00859375 0.0402778
0 0.485938 0.377083 0.015625 0.0486111
0 0.360156 0.565278 0.01875 0.0611111
