1 0.761719 0.286806 0.0125 0.0430556
1 0.653906 0.222917 0.0140625 0.0430556
1 0.731641 0.264583 0.0101562 0.0375
0 0.2875 0.234722 0.0109375 0.0388889
0 0.611719 0.238889 0.0125 0.0416667
1 0.488672 0.25625 0.0117188 0.0430556
0 0.708203 0.238194 0.0101562 0.0347222
0 0.654688 0.270139 0.015625 0.0430556
1 0.757422 0.351389 0.0132813 0.0472222
1 0.312109 0.2625 0.0101562 0.0416667
1 0.590625 0.265972 0.0140625 0.0402778
0 0.433203 0.264583 0.0117188 0.0402778
0 0.432813 0.306944 0.0125 0.0472222
1 0.523047 0.304861 0.0132813 0.0486111
0 0.664453 0.335417 0.0164062 0.0430556
1 0.661328 0.459028 0.0148437 0.0569444
1 0.267188 0.370139 0.0140625 0.0541667
0 0.191016 0.294444 0.0117188 0.05
0 0.189844 0.458333 0.0171875 0.0527778
0 0.178516 0.379167 0.0164062 0.0527778
