0 0.557422 0.331944 0.0195312 0.0472222
1 0.5875 0.866667 0.028125 0.0861111
1 0.601562 0.794444 0.0234375 0.0694444
0 0.373437 0.474306 0.015625 0.0541667
1 0.774219 0.38125 0.0125 0.0486111
1 0.119531 0.342361 0.0109375 0.0430556
0 0.546094 0.294444 0.0125 0.0416667
0 0.228125 0.35625 0.0140625 0.0458333
0 0.269531 0.291667 0.0109375 0.0416667
0 0.199219 0.443056 0.015625 0.0527778
1 0.355469 0.415972 0.0140625 0.0541667
0 0.708594 0.313889 0.009375 0.0388889
0 0.378516 0.359722 0.0132813 0.0444444
1 0.126953 0.496528 0.0117188 0.0513889
1 0.558984 0.328472 0.0164062 0.0458333
1 0.560938 0.454167 0.0171875 0.0527778
0 0.675 0.89375 0.0234375 0.0930556
1 0.763281 0.588889 0.025 0.0583333
0 0.141797 0.576389 0.0148437 0.0583333
1 0.476172 0.658333 0.0195312 0.0611111
0 0.572656 0.729861 0.01875 0.0680556
