0 0.185547 0.3625 0.0101562 0.0388889
0 0.709375 0.314583 0.0125 0.0430556
1 0.380469 0.44375 0.0140625 0.0569444
1 0.710938 0.310417 0.0125 0.0430556
1 0.213281 0.35625 0.009375 0.0430556
1 0.188281 0.380556 0.0109375 0.0444444
1 0.660547 0.207639 0.0101562 0.0319444
1 0.398047 0.197917 0.00703125 0.0291667
0 0.179688 0.346528 0.009375 0.0375
1 0.374609 0.405556 0.0148437 0.0388889
0 0.526953 0.225694 0.00859375 0.0347222
0 0.260547 0.277778 0.00859375 0.0416667
0 0.446094 0.518056 0.0125 0.0555556
0 0.380078 0.313889 0.00859375 0.0416667
1 0.310156 0.295833 0.009375 0.0416667
1 0.520703 0.335417 0.0101562 0.0430556
1 0.890234 0.55 0.0164062 0.0638889
0 0.146875 0.40625 0.0125 0.0458333
1 0.277734 0.679861 0.0148437 0.0680556
0 0.167187 0.515278 0.0140625 0.0583333
0 0.708984 0.398611 0.0117188 0.05
0 0.328516 0.383333 0.0117188 0.05
