0 0.366406 0.179167 0.0109375 0.0361111
0 0.352734 0.23125 0.0101562 0.0402778
0 0.364453 0.220139 0.00859375 0.0347222
1 0.647656 0.213889 0.0109375 0.0361111
0 0.673828 0.216667 0.0101562 0.0333333
1 0.351562 0.233333 0.009375 0.0361111
0 0.369531 0.190972 0.0109375 0.0347222
1 0.333203 0.293056 0.0101562 0.0444444
1 0.4375 0.21875 0.0078125 0.0402778
1 0.713281 0.384722 0.0109375 0.0583333
1 0.750781 0.288889 0.0109375 0.0472222
1 0.666797 0.234028 0.0101562 0.0375
0 0.199609 0.244444 0.0101562 0.0472222
0 0.136719 0.522917 0.0140625 0.0652778
0 0.0945313 0.361806 0.0125 0.0486111
1 0.541016 0.347222 0.0101562 0.05
0 0.728906 0.295833 0.0125 0.05
1 0.617578 0.247917 0.0101562 0.0402778
1 0.579297 0.506944 0.0148437 0.0611111
0 0.561328 0.390972 0.0117188 0.0541667
0 0.573828 0.228472 0.0101562 0.0402778
