0 0.602734 0.245833 0.00859375 0.0388889
0 0.535156 0.256944 0.0078125 0.0333333
1 0.609766 0.338889 0.00859375 0.0416667
1 0.831641 0.309722 0.00859375 0.0444444
0 0.620313 0.279167 0.0078125 0.0388889
1 0.642187 0.26875 0.0078125 0.0402778
1 0.512109 0.261111 0.00703125 0.0305556
0 0.546484 0.2875 0.00859375 0.0388889
1 0.853125 0.417361 0.009375 0.0513889
0 0.459375 0.288194 0.0078125 0.0375
1 0.612891 0.497917 0.0117188 0.0597222
0 0.362109 0.448611 0.0101562 0.0527778
0 0.555078 0.408333 0.0101562 0.0416667
0 0.553906 0.348611 0.0109375 0.0444444
0 0.395312 0.347917 0.009375 0.0430556
1 0.491797 0.334028 0.0101562 0.0430556
1 0.743359 0.346528 0.00859375 0.0430556
0 0.817578 0.413889 0.0117188 0.05
1 0.845703 0.507639 0.0179687 0.0541667
4 0.179688 0.319444 0.090625 0.0916667
