0 0.176563 0.324306 0.0078125 0.0375
1 0.534766 0.252083 0.00859375 0.0319444
0 0.447656 0.240278 0.0078125 0.025
0 0.44375 0.240972 0.009375 0.0263889
1 0.357422 0.3125 0.00859375 0.0361111
0 0.423828 0.327083 0.0117188 0.0402778
0 0.504297 0.267361 0.00859375 0.0347222
0 0.322266 0.366667 0.0117188 0.0361111
1 0.801953 0.309028 0.00859375 0.0375
0 0.780859 0.416667 0.00859375 0.0472222
0 0.320312 0.325694 0.009375 0.0375
0 0.380469 0.282639 0.0109375 0.0347222
0 0.652734 0.270833 0.00859375 0.0361111
1 0.627344 0.280556 0.0125 0.0361111
1 0.842969 0.406944 0.009375 0.0444444
1 0.547656 0.35 0.009375 0.0388889
0 0.481641 0.377778 0.0101562 0.0416667
1 0.495313 0.449306 0.01875 0.0458333
1 0.682031 0.315972 0.0109375 0.0375
1 0.844141 0.488889 0.0148437 0.0555556
4 0.11875 0.328472 0.0828125 0.0930556
