0 0.309375 0.19375 0.009375 0.0291667
0 0.692969 0.25 0.0109375 0.0305556
0 0.776563 0.284722 0.0078125 0.05
0 0.685547 0.23125 0.0117188 0.0458333
0 0.695312 0.240972 0.009375 0.0375
1 0.685156 0.231944 0.009375 0.0416667
0 0.777344 0.302778 0.009375 0.0361111
1 0.558203 0.218056 0.00859375 0.0361111
1 0.298047 0.254861 0.00859375 0.0375
0 0.634375 0.220139 0.0078125 0.0347222
1 0.309766 0.304861 0.00859375 0.0430556
1 0.777344 0.275694 0.0078125 0.0375
1 0.533984 0.365972 0.0101562 0.0513889
0 0.372266 0.215278 0.0101562 0.0361111
1 0.675 0.286111 0.0140625 0.0416667
0 0.525391 0.413889 0.00859375 0.0527778
1 0.732031 0.401389 0.0109375 0.0527778
0 0.336719 0.294444 0.0109375 0.0472222
0 0.126563 0.361111 0.0109375 0.05
0 0.221094 0.265278 0.009375 0.0416667
1 0.417969 0.225 0.009375 0.0361111
0 0.144531 0.483333 0.0125 0.0666667
1 0.585156 0.545833 0.0140625 0.0638889
