0 0.230078 0.329167 0.00859375 0.0361111
1 0.555469 0.290278 0.0078125 0.0388889
0 0.500391 0.246528 0.00703125 0.0291667
1 0.560547 0.318056 0.00859375 0.0388889
1 0.518359 0.245833 0.00703125 0.0305556
0 0.559375 0.25 0.0078125 0.0333333
0 0.534375 0.280556 0.009375 0.0305556
1 0.617188 0.25625 0.0078125 0.0347222
1 0.369922 0.335417 0.00859375 0.0402778
0 0.628906 0.285417 0.0078125 0.0347222
0 0.355859 0.341667 0.00859375 0.0388889
0 0.429297 0.291667 0.0101562 0.0361111
1 0.801172 0.519444 0.0132813 0.0611111
0 0.429688 0.380556 0.0078125 0.0416667
1 0.695312 0.342361 0.0078125 0.0430556
0 0.282031 0.382639 0.0078125 0.0430556
0 0.470313 0.318056 0.009375 0.0388889
1 0.840625 0.320833 0.0078125 0.0416667
1 0.852734 0.425694 0.0117188 0.0486111
1 0.346484 0.446528 0.00859375 0.0486111
0 0.792188 0.435417 0.0140625 0.0486111
4 0.177344 0.322917 0.0875 0.0902778
