0 0.858594 0.522222 0.00625 0.0194444
0 0.732422 0.254861 0.00703125 0.0291667
1 0.561719 0.265278 0.0078125 0.0333333
0 0.224219 0.303472 0.0078125 0.0347222
0 0.632031 0.321528 0.009375 0.0319444
1 0.296875 0.475694 0.0109375 0.0458333
1 0.722266 0.355556 0.00859375 0.0361111
1 0.634375 0.357639 0.009375 0.0402778
0 0.724609 0.401389 0.0101562 0.0416667
0 0.211719 0.486111 0.0125 0.05
1 0.670313 0.304167 0.0078125 0.0333333
0 0.604297 0.479861 0.0132813 0.0486111
0 0.13125 0.377778 0.0109375 0.0416667
0 0.346094 0.354861 0.0078125 0.0402778
0 0.534766 0.556944 0.0164062 0.05
1 0.237891 0.348611 0.00703125 0.0305556
0 0.913672 0.494444 0.0101562 0.0388889
1 0.476953 0.338889 0.00859375 0.0361111
1 0.635938 0.483333 0.0125 0.05
1 0.948828 0.50625 0.0132813 0.0430556
4 0.834766 0.311111 0.0726563 0.0861111
