1 0.682813 0.266667 0.0125 0.0444444
0 0.719531 0.315278 0.0125 0.0527778
0 0.688281 0.274306 0.009375 0.0402778
1 0.679688 0.252778 0.0109375 0.0388889
0 0.4125 0.215972 0.009375 0.0319444
0 0.717969 0.304167 0.0078125 0.0388889
1 0.719922 0.322917 0.0117188 0.0486111
1 0.546484 0.222222 0.0117188 0.0416667
1 0.411328 0.24375 0.0101562 0.0375
1 0.517969 0.509028 0.0125 0.0625
0 0.430859 0.259028 0.0117188 0.0402778
0 0.565625 0.20625 0.0109375 0.0402778
0 0.053125 0.409028 0.0109375 0.0652778
0 0.564453 0.445139 0.0117188 0.0569444
0 0.326562 0.269444 0.0125 0.0444444
1 0.46875 0.255556 0.009375 0.0388889
0 0.576953 0.246528 0.00859375 0.0375
1 0.728125 0.422222 0.0125 0.0583333
1 0.642187 0.302778 0.009375 0.0416667
0 0.101172 0.545833 0.0117188 0.0666667
0 0.439453 0.33125 0.0117188 0.0513889
1 0.241797 0.383333 0.0117188 0.05
1 0.49375 0.316667 0.0109375 0.05
