1 0.475391 0.215278 0.0101562 0.0333333
0 0.2125 0.222222 0.009375 0.0361111
0 0.585938 0.218056 0.0078125 0.0333333
0 0.3375 0.310417 0.0109375 0.0430556
1 0.791797 0.25 0.00859375 0.0388889
0 0.161719 0.368056 0.015625 0.05
1 0.322656 0.314583 0.0125 0.0430556
1 0.481641 0.405556 0.0117188 0.0527778
1 0.657031 0.219444 0.0078125 0.0361111
0 0.175391 0.301389 0.0148437 0.0472222
0 0.719922 0.236806 0.0101562 0.0375
0 0.777734 0.286111 0.0117188 0.0444444
1 0.510547 0.640972 0.0148437 0.0680556
1 0.672266 0.290972 0.0101562 0.0430556
0 0.422656 0.238194 0.0109375 0.0402778
1 0.379687 0.226389 0.0078125 0.0388889
1 0.233203 0.288194 0.0101562 0.0375
1 0.780469 0.44375 0.0125 0.0597222
0 0.523047 0.445139 0.0132813 0.0513889
0 0.167187 0.477778 0.015625 0.0583333
