0 0.601562 0.327778 0.009375 0.0472222
0 0.520703 0.215278 0.00703125 0.0277778
0 0.628906 0.266667 0.0109375 0.0416667
1 0.628906 0.266667 0.0109375 0.0416667
1 0.529297 0.25 0.0101562 0.0361111
1 0.589063 0.327083 0.009375 0.0375
0 0.520312 0.254167 0.009375 0.0305556
0 0.538672 0.277778 0.00859375 0.0361111
0 0.627344 0.279861 0.009375 0.0347222
0 0.592578 0.241667 0.00859375 0.0333333
1 0.630859 0.25625 0.0101562 0.0347222
1 0.490234 0.248611 0.00703125 0.0305556
1 0.850391 0.420139 0.0117188 0.0541667
1 0.469141 0.329167 0.00859375 0.0416667
0 0.538672 0.3375 0.0101562 0.0444444
0 0.451953 0.277083 0.00703125 0.0375
0 0.358594 0.422917 0.0078125 0.0541667
1 0.834375 0.302778 0.0078125 0.0388889
0 0.519531 0.39375 0.0109375 0.0430556
0 0.807422 0.4125 0.00859375 0.0527778
1 0.580859 0.473611 0.0132813 0.0555556
1 0.830078 0.508333 0.0132813 0.0583333
0 0.384766 0.336806 0.0101562 0.0430556
1 0.742969 0.339583 0.009375 0.0458333
4 0.182422 0.311111 0.0914062 0.0944444
