0 0.582422 0.229167 0.00859375 0.0416667
0 0.510156 0.244444 0.009375 0.0333333
1 0.508203 0.236111 0.00859375 0.0333333
0 0.505078 0.252083 0.00859375 0.0291667
1 0.471094 0.238889 0.0078125 0.0305556
1 0.580078 0.3125 0.00859375 0.0416667
0 0.584375 0.240972 0.0078125 0.0347222
1 0.836719 0.302083 0.0078125 0.0375
0 0.444141 0.270833 0.00859375 0.0361111
1 0.439453 0.322222 0.00859375 0.0361111
0 0.636328 0.277778 0.00859375 0.0305556
1 0.623047 0.250694 0.00859375 0.0347222
0 0.524219 0.270139 0.0078125 0.0347222
1 0.814844 0.515972 0.0140625 0.0652778
0 0.519922 0.328472 0.0101562 0.0402778
0 0.375391 0.329167 0.00859375 0.0472222
0 0.336328 0.396528 0.0101562 0.0486111
1 0.746094 0.336806 0.009375 0.0430556
0 0.793359 0.422222 0.0132813 0.0527778
0 0.491797 0.382639 0.0101562 0.0430556
1 0.853125 0.425 0.0109375 0.0527778
1 0.532031 0.45625 0.0125 0.0513889
4 0.184766 0.308333 0.0914062 0.0944444
