0 0.707031 0.30625 0.0078125 0.0375
1 0.719922 0.309028 0.00859375 0.0402778
1 0.717188 0.304167 0.0078125 0.0388889
1 0.214062 0.388194 0.0125 0.0513889
0 0.703906 0.313194 0.009375 0.0402778
0 0.404297 0.336111 0.0101562 0.0444444
1 0.667188 0.215972 0.0078125 0.0319444
1 0.309766 0.310417 0.0101562 0.0402778
0 0.503516 0.231944 0.00859375 0.0361111
1 0.403125 0.20625 0.0078125 0.0319444
0 0.149609 0.427083 0.0132813 0.0541667
0 0.482812 0.533333 0.0125 0.0527778
1 0.560156 0.347222 0.009375 0.0416667
0 0.191406 0.359722 0.0125 0.0444444
0 0.349609 0.419444 0.0148437 0.0472222
0 0.707812 0.413194 0.0109375 0.0513889
1 0.414062 0.415278 0.0109375 0.0527778
0 0.261719 0.288889 0.009375 0.0388889
0 0.191016 0.541667 0.0148437 0.0583333
1 0.308594 0.714583 0.0171875 0.0736111
1 0.902734 0.538889 0.0179687 0.0555556
