0 0.675391 0.202778 0.0101562 0.0416667
1 0.532812 0.244444 0.0109375 0.05
1 0.636719 0.186806 0.0109375 0.0430556
0 0.344141 0.154861 0.0101562 0.0319444
0 0.53125 0.255556 0.0125 0.0444444
0 0.727734 0.260417 0.0101562 0.0402778
0 0.338281 0.177083 0.009375 0.0347222
1 0.324219 0.367361 0.0125 0.0569444
1 0.726172 0.232639 0.00859375 0.0375
0 0.338281 0.230556 0.0078125 0.05
1 0.684375 0.254167 0.0078125 0.0472222
1 0.775 0.370833 0.0125 0.0555556
1 0.750781 0.295139 0.0125 0.0513889
1 0.590625 0.300694 0.0109375 0.0486111
0 0.657812 0.238194 0.0109375 0.0458333
1 0.410547 0.213889 0.0101562 0.0388889
0 0.700391 0.370139 0.0148437 0.0597222
0 0.492969 0.297917 0.0109375 0.0513889
1 0.670313 0.492361 0.0140625 0.0680556
0 0.151953 0.384028 0.0195312 0.0625
0 0.253906 0.530556 0.0171875 0.0722222
