0 0.468359 0.254861 0.0148437 0.0430556
0 0.726562 0.308333 0.0109375 0.0472222
1 0.723828 0.317361 0.00859375 0.0375
0 0.728906 0.288194 0.0109375 0.0430556
0 0.410156 0.205556 0.009375 0.0361111
1 0.714453 0.25 0.00859375 0.0444444
1 0.582031 0.208333 0.009375 0.0416667
1 0.478906 0.254167 0.009375 0.0444444
0 0.464453 0.261111 0.0101562 0.0416667
0 0.342969 0.255556 0.0125 0.0444444
0 0.596094 0.200694 0.009375 0.0375
1 0.675391 0.286806 0.00859375 0.0458333
1 0.414453 0.2375 0.0101562 0.0388889
0 0.591406 0.246528 0.0125 0.0430556
1 0.495313 0.311111 0.0109375 0.0527778
0 0.03125 0.427778 0.0109375 0.05
1 0.239453 0.384722 0.0117188 0.0555556
0 0.438672 0.330556 0.0148437 0.0555556
1 0.739453 0.416667 0.0117188 0.0611111
1 0.556641 0.515972 0.0210938 0.0625
0 0.102344 0.572917 0.01875 0.0680556
0 0.595703 0.44375 0.0164062 0.0541667
