0 0.291797 0.164583 0.00859375 0.0291667
1 0.529297 0.229167 0.0117188 0.0388889
1 0.567969 0.210417 0.0140625 0.0347222
0 0.600391 0.184722 0.0117188 0.0333333
0 0.372656 0.189583 0.0078125 0.0347222
0 0.657812 0.219444 0.015625 0.0361111
1 0.751562 0.292361 0.0125 0.0541667
0 0.598828 0.383333 0.0132813 0.05
1 0.732031 0.242361 0.0125 0.0430556
1 0.590625 0.241667 0.0125 0.0388889
0 0.212109 0.244444 0.0132813 0.05
1 0.583594 0.300694 0.0140625 0.0486111
1 0.410156 0.207639 0.0109375 0.0430556
1 0.764844 0.383333 0.0171875 0.0583333
0 0.366406 0.322917 0.015625 0.0541667
1 0.491406 0.272917 0.009375 0.0458333
1 0.682031 0.210417 0.0140625 0.0402778
0 0.272656 0.613889 0.0171875 0.0722222
0 0.708594 0.3125 0.015625 0.05
0 0.141797 0.376389 0.0195312 0.0527778
1 0.637891 0.495833 0.0210938 0.0638889
