1 0.264844 0.395833 0.0140625 0.0416667
0 0.264453 0.395833 0.0132813 0.0388889
0 0.230469 0.335417 0.0125 0.0402778
0 0.226953 0.354167 0.00859375 0.0361111
1 0.226562 0.352778 0.009375 0.0361111
0 0.198047 0.39375 0.0164062 0.0375
0 0.274609 0.295139 0.00859375 0.0375
0 0.233594 0.326389 0.009375 0.0333333
0 0.240234 0.380556 0.0101562 0.0472222
1 0.460938 0.285417 0.009375 0.0402778
0 0.332031 0.345833 0.0109375 0.0388889
1 0.794141 0.382639 0.0164062 0.0402778
1 0.257031 0.296528 0.009375 0.0375
0 0.136328 0.399306 0.00859375 0.0458333
1 0.810938 0.463194 0.0140625 0.0569444
0 0.692187 0.601389 0.0140625 0.0583333
0 0.511719 0.315278 0.0109375 0.0388889
0 0.618359 0.333333 0.0101562 0.0444444
1 0.414453 0.396528 0.0132813 0.0430556
1 0.288672 0.447917 0.0179687 0.0430556
0 0.314453 0.582639 0.0179687 0.0513889
4 0.145703 0.284028 0.0710938 0.0763889
1 0.509375 0.425 0.0171875 0.0472222
1 0.807031 0.601389 0.0203125 0.0555556
