0 0.392188 0.446528 0.0109375 0.0513889
0 0.944531 0.454167 0.0046875 0.0194444
0 0.645312 0.309028 0.009375 0.0375
0 0.189453 0.350694 0.00859375 0.0347222
1 0.203125 0.359028 0.0109375 0.0347222
1 0.637109 0.325 0.0101562 0.0388889
0 0.150781 0.414583 0.0109375 0.0430556
1 0.23125 0.440278 0.0109375 0.05
0 0.877734 0.423611 0.0101562 0.0416667
1 0.373828 0.222917 0.00703125 0.0319444
0 0.442578 0.253472 0.00859375 0.0319444
1 0.139453 0.419444 0.0117188 0.0444444
0 0.332031 0.519444 0.0125 0.0527778
0 0.134375 0.491667 0.0140625 0.05
1 0.545703 0.258333 0.00859375 0.0361111
1 0.283984 0.300694 0.00859375 0.0402778
1 0.45625 0.339583 0.009375 0.0402778
1 0.901172 0.659722 0.0164062 0.0666667
0 0.341016 0.316667 0.00859375 0.0361111
0 0.260547 0.396528 0.0117188 0.0486111
0 0.245312 0.291667 0.009375 0.0388889
1 0.186719 0.664583 0.021875 0.0625
