1 0.630078 0.306944 0.0117188 0.0361111
1 0.729688 0.289583 0.00625 0.0291667
0 0.730469 0.286806 0.00625 0.0291667
0 0.737891 0.25625 0.00703125 0.0291667
1 0.651172 0.284722 0.00703125 0.0305556
0 0.687109 0.367361 0.00859375 0.0319444
1 0.548437 0.2625 0.0078125 0.0305556
0 0.882812 0.425694 0.009375 0.0347222
1 0.463672 0.319444 0.00859375 0.0333333
0 0.191406 0.440972 0.0125 0.0513889
1 0.710156 0.338194 0.0078125 0.0375
1 0.612109 0.3375 0.0117188 0.0361111
0 0.630078 0.307639 0.00703125 0.0319444
1 0.274609 0.423611 0.0117188 0.0416667
0 0.337891 0.329167 0.00703125 0.0361111
0 0.202344 0.301389 0.0078125 0.0333333
1 0.893359 0.460417 0.0132813 0.0375
0 0.550391 0.419444 0.0101562 0.0416667
1 0.596875 0.418056 0.0109375 0.0388889
1 0.217187 0.3375 0.009375 0.0333333
0 0.103516 0.374306 0.0101562 0.0458333
0 0.450781 0.518056 0.01875 0.0555556
4 0.833203 0.3125 0.0773437 0.0888889
