0 0.724219 0.404167 0.0078125 0.0361111
1 0.644922 0.302778 0.00859375 0.0277778
0 0.741016 0.485417 0.0132813 0.0486111
1 0.707812 0.388194 0.009375 0.0402778
0 0.69375 0.281944 0.00625 0.0305556
0 0.338672 0.309722 0.00859375 0.0333333
0 0.582422 0.576389 0.0132813 0.05
1 0.744531 0.427778 0.009375 0.0361111
1 0.686719 0.428472 0.0109375 0.0402778
0 0.358594 0.547222 0.015625 0.05
1 0.363281 0.404167 0.0109375 0.0361111
0 0.564062 0.490972 0.0140625 0.0486111
1 0.60625 0.395833 0.0109375 0.0361111
1 0.510156 0.49375 0.0109375 0.0402778
0 0.409766 0.435417 0.0101562 0.0375
0 0.877344 0.628472 0.0140625 0.0569444
1 0.787891 0.398611 0.00859375 0.0444444
1 0.663672 0.4875 0.0132813 0.0472222
0 0.226172 0.404861 0.0117188 0.0430556
4 0.874219 0.325 0.06875 0.0888889
