1 0.435547 0.201389 0.00859375 0.0333333
0 0.371484 0.36875 0.00859375 0.0513889
0 0.208984 0.344444 0.0101562 0.0444444
1 0.235156 0.43125 0.0109375 0.0513889
1 0.788672 0.298611 0.0132813 0.0361111
1 0.215625 0.363194 0.0109375 0.0375
0 0.457422 0.286806 0.00859375 0.0375
0 0.666797 0.266667 0.00859375 0.0361111
1 0.692578 0.247917 0.0101562 0.0375
1 0.392969 0.442361 0.015625 0.0652778
0 0.451172 0.5 0.0117188 0.0527778
1 0.364453 0.742361 0.0148437 0.0763889
0 0.182812 0.429167 0.0109375 0.0527778
0 0.287109 0.2625 0.00859375 0.0388889
0 0.491406 0.242361 0.009375 0.0375
0 0.754297 0.30625 0.0117188 0.0347222
1 0.897656 0.501389 0.0125 0.0611111
0 0.166797 0.520139 0.0148437 0.0625
1 0.604688 0.314583 0.009375 0.0402778
1 0.418359 0.261806 0.00859375 0.0375
