1 0.513281 0.239583 0.009375 0.0319444
0 0.505859 0.253472 0.0101562 0.0291667
1 0.623828 0.252083 0.00859375 0.0319444
1 0.584375 0.316667 0.0109375 0.0444444
1 0.474609 0.240972 0.00859375 0.0319444
0 0.585156 0.240278 0.009375 0.0361111
0 0.633594 0.278472 0.009375 0.0319444
1 0.835547 0.300694 0.00859375 0.0347222
0 0.446094 0.268056 0.0078125 0.0388889
0 0.528125 0.270139 0.009375 0.0375
1 0.849609 0.422222 0.0117188 0.0527778
0 0.525781 0.329861 0.0125 0.0430556
1 0.448047 0.323611 0.0117188 0.0388889
0 0.377344 0.327778 0.009375 0.0472222
0 0.341406 0.403472 0.009375 0.0486111
1 0.744141 0.338194 0.0101562 0.0458333
0 0.498437 0.384028 0.0140625 0.0430556
0 0.795703 0.418056 0.0101562 0.0527778
1 0.816406 0.511806 0.015625 0.0597222
1 0.544141 0.459028 0.0117188 0.0513889
4 0.184375 0.309028 0.090625 0.0930556
