0 0.471484 0.449306 0.0117188 0.0402778
0 0.517969 0.319444 0.0109375 0.0333333
1 0.461719 0.445139 0.015625 0.0458333
1 0.639063 0.269444 0.0078125 0.0333333
1 0.713281 0.545139 0.009375 0.0541667
0 0.363672 0.276389 0.00859375 0.0361111
1 0.637109 0.324306 0.00859375 0.0375
1 0.539062 0.357639 0.009375 0.0458333
1 0.7375 0.426389 0.0109375 0.0444444
0 0.678516 0.257639 0.00859375 0.0347222
0 0.719141 0.31875 0.0101562 0.0347222
0 0.434375 0.504861 0.0125 0.0541667
1 0.578516 0.390278 0.0101562 0.0416667
0 0.451562 0.383333 0.0125 0.0444444
0 0.746094 0.471528 0.0109375 0.0402778
0 0.880078 0.695139 0.0132813 0.0652778
1 0.40625 0.34375 0.0109375 0.0375
0 0.298047 0.360417 0.0117188 0.0458333
1 0.703516 0.386806 0.0101562 0.0430556
1 0.414844 0.403472 0.009375 0.0402778
0 0.251172 0.447222 0.0164062 0.0472222
