0 0.401953 0.419444 0.0164062 0.0472222
0 0.165234 0.342361 0.00859375 0.0319444
0 0.629297 0.842361 0.0210938 0.0819444
0 0.300391 0.304167 0.00859375 0.0361111
1 0.510547 0.340972 0.0148437 0.0402778
0 0.346484 0.444444 0.0164062 0.0472222
1 0.485547 0.629861 0.0148437 0.0625
0 0.220703 0.431944 0.0117188 0.05
1 0.360938 0.586111 0.0125 0.0555556
0 0.3875 0.358333 0.0140625 0.0416667
1 0.498047 0.436111 0.0164062 0.0472222
0 0.545703 0.325694 0.0164062 0.0402778
0 0.667578 0.358333 0.0164062 0.0444444
1 0.205469 0.33125 0.009375 0.0430556
0 0.246094 0.353472 0.0109375 0.0430556
1 0.751562 0.770833 0.025 0.075
1 0.320703 0.422222 0.0117188 0.05
0 0.355078 0.75 0.0164062 0.0583333
1 0.771094 0.398611 0.0140625 0.05
0 0.136719 0.515278 0.015625 0.0555556
1 0.176172 0.447917 0.0117188 0.0486111
1 0.783984 0.525694 0.0210938 0.0625
4 0.0425781 0.291667 0.0804688 0.0916667
