0 0.373828 0.404861 0.0132813 0.0486111
1 0.375391 0.429861 0.0117188 0.0513889
1 0.212891 0.4 0.0101562 0.05
0 0.376172 0.386111 0.0101562 0.0527778
1 0.474219 0.276389 0.0078125 0.0388889
1 0.900781 0.474306 0.0109375 0.0597222
1 0.508594 0.208333 0.0078125 0.0333333
0 0.51875 0.245833 0.009375 0.0416667
1 0.728906 0.226389 0.009375 0.0388889
1 0.229297 0.475694 0.0117188 0.0513889
0 0.561719 0.502778 0.0140625 0.0555556
0 0.336719 0.254167 0.009375 0.0388889
1 0.753125 0.315278 0.009375 0.0416667
0 0.714844 0.364583 0.009375 0.0430556
0 0.188672 0.367361 0.0117188 0.0513889
0 0.193359 0.509722 0.0132813 0.0555556
0 0.670703 0.286806 0.0101562 0.0430556
1 0.607031 0.349306 0.009375 0.0430556
0 0.159375 0.435417 0.0140625 0.0569444
0 0.408594 0.29375 0.009375 0.0375
1 0.600781 0.683333 0.025 0.0666667
