0 0.458984 0.440278 0.0132813 0.0388889
0 0.517969 0.322222 0.009375 0.0333333
1 0.471094 0.436111 0.0125 0.0472222
1 0.633203 0.270833 0.0101562 0.0361111
1 0.573828 0.390972 0.00859375 0.0402778
0 0.358203 0.28125 0.00859375 0.0319444
1 0.530859 0.359028 0.0101562 0.0402778
0 0.293359 0.363194 0.0117188 0.0458333
0 0.74375 0.468056 0.0140625 0.05
0 0.675391 0.260417 0.00703125 0.0319444
0 0.717969 0.322917 0.009375 0.0402778
1 0.409766 0.344444 0.00859375 0.0361111
0 0.254687 0.450694 0.0109375 0.0486111
0 0.429297 0.500694 0.0132813 0.0513889
0 0.453125 0.3875 0.0125 0.0388889
1 0.69375 0.536111 0.0125 0.05
1 0.415625 0.395139 0.0109375 0.0375
1 0.695703 0.386111 0.0101562 0.0388889
1 0.633984 0.325694 0.0101562 0.0347222
0 0.871875 0.684028 0.0140625 0.0625
1 0.726953 0.425694 0.0101562 0.0458333
