0 0.758203 0.315278 0.00859375 0.0361111
1 0.501953 0.253472 0.0101562 0.0347222
1 0.222266 0.417361 0.0101562 0.0569444
1 0.219141 0.384028 0.00859375 0.0375
0 0.112109 0.384722 0.0117188 0.05
0 0.616016 0.284028 0.00859375 0.0347222
0 0.478125 0.256944 0.0109375 0.0361111
1 0.632422 0.3125 0.0101562 0.0416667
1 0.487109 0.295139 0.0117188 0.0375
1 0.757812 0.388889 0.0109375 0.0472222
1 0.555859 0.328472 0.00859375 0.0402778
0 0.223438 0.295139 0.009375 0.0375
1 0.582031 0.250694 0.0078125 0.0347222
0 0.329297 0.321528 0.00859375 0.0375
0 0.565625 0.372917 0.0109375 0.0430556
0 0.704297 0.431944 0.0101562 0.0472222
1 0.462109 0.425 0.0132813 0.05
1 0.712109 0.5125 0.0148437 0.05
0 0.416797 0.393056 0.0117188 0.0472222
0 0.127344 0.455556 0.0125 0.0527778
0 0.178516 0.538194 0.0179687 0.0625
4 0.884766 0.288194 0.0804688 0.0930556
