0 0.4125 0.404861 0.0125 0.0541667
0 0.221875 0.342361 0.0109375 0.0430556
1 0.423047 0.206944 0.00703125 0.0305556
1 0.225781 0.35625 0.0109375 0.0458333
1 0.788281 0.268056 0.0109375 0.0388889
0 0.413672 0.377778 0.0101562 0.0555556
0 0.844141 0.298611 0.0101562 0.0361111
1 0.694922 0.240278 0.00703125 0.0361111
0 0.499609 0.245833 0.0101562 0.0361111
0 0.278906 0.265278 0.0078125 0.0388889
0 0.167187 0.552778 0.0140625 0.0666667
1 0.63125 0.314583 0.0125 0.0402778
0 0.709766 0.259028 0.0101562 0.0347222
0 0.480469 0.288889 0.009375 0.0416667
1 0.403125 0.259028 0.0078125 0.0375
1 0.907422 0.506944 0.0132813 0.0611111
1 0.420703 0.447917 0.0148437 0.0569444
0 0.203906 0.427083 0.0125 0.0541667
0 0.517969 0.502083 0.0140625 0.0569444
1 0.341016 0.784722 0.0148437 0.075
1 0.253906 0.415278 0.0125 0.0527778
