0 0.685938 0.338889 0.009375 0.0361111
1 0.479688 0.326389 0.0078125 0.0388889
0 0.473828 0.352778 0.00859375 0.0361111
1 0.482812 0.31875 0.009375 0.0375
0 0.681641 0.381944 0.0101562 0.0388889
0 0.491797 0.29375 0.0101562 0.0347222
1 0.548437 0.293056 0.0078125 0.0361111
1 0.537109 0.346528 0.0101562 0.0375
1 0.194531 0.442361 0.0109375 0.0458333
0 0.589453 0.306944 0.00859375 0.0333333
0 0.0925781 0.426389 0.0101562 0.0472222
1 0.666797 0.394444 0.0101562 0.0444444
0 0.551953 0.397222 0.0101562 0.0416667
1 0.228516 0.420833 0.0101562 0.0416667
0 0.195312 0.338889 0.0078125 0.0361111
0 0.312109 0.356944 0.00859375 0.0361111
1 0.601562 0.336806 0.009375 0.0402778
1 0.475781 0.440972 0.0109375 0.0486111
0 0.133594 0.483333 0.0140625 0.0472222
1 0.689062 0.488889 0.009375 0.0472222
0 0.433203 0.415972 0.0132813 0.0458333
0 0.201953 0.561806 0.0132813 0.0541667
4 0.796094 0.311111 0.0703125 0.0833333
