0 0.697656 0.345833 0.0078125 0.0361111
1 0.145313 0.271528 0.0078125 0.0291667
0 0.685156 0.340972 0.0078125 0.0347222
1 0.527344 0.313194 0.0078125 0.0402778
0 0.561328 0.291667 0.0101562 0.0333333
1 0.611719 0.343056 0.009375 0.0388889
1 0.582031 0.300694 0.009375 0.0263889
0 0.614062 0.308333 0.0078125 0.0361111
1 0.529688 0.442361 0.0140625 0.0458333
0 0.326172 0.360417 0.0101562 0.0319444
1 0.569531 0.3375 0.009375 0.0361111
1 0.674609 0.379167 0.0101562 0.0388889
0 0.196484 0.340972 0.00859375 0.0375
0 0.158203 0.478472 0.0117188 0.0458333
0 0.0929687 0.428472 0.0109375 0.0458333
0 0.583203 0.382639 0.0101562 0.0402778
1 0.708984 0.44375 0.0101562 0.0402778
1 0.249219 0.436806 0.0109375 0.0402778
0 0.482812 0.413194 0.0125 0.0430556
0 0.226562 0.568056 0.015625 0.0555556
1 0.176563 0.422917 0.0125 0.0458333
4 0.794141 0.317361 0.0804688 0.0708333
