1 0.377734 0.445139 0.00859375 0.0486111
0 0.153906 0.373611 0.009375 0.025
0 0.15625 0.408333 0.0125 0.0361111
0 0.378516 0.45 0.0101562 0.0472222
1 0.153906 0.382639 0.0109375 0.0430556
0 0.154297 0.394444 0.0117188 0.0527778
1 0.275391 0.409028 0.0148437 0.0486111
1 0.673828 0.31875 0.0117188 0.0375
0 0.680859 0.3 0.0117188 0.0388889
0 0.296094 0.381944 0.0125 0.0444444
1 0.221484 0.648611 0.0148437 0.0694444
0 0.25 0.279861 0.009375 0.0402778
0 0.484766 0.232639 0.00703125 0.0319444
0 0.146484 0.475694 0.0117188 0.0541667
1 0.384375 0.205556 0.0078125 0.0333333
1 0.203516 0.354167 0.0101562 0.0472222
1 0.589844 0.227778 0.009375 0.0333333
0 0.175781 0.35 0.0109375 0.0472222
0 0.357422 0.294444 0.0101562 0.0361111
0 0.381641 0.513194 0.0132813 0.0541667
1 0.858203 0.573611 0.0148437 0.0611111
0 0.789844 0.406944 0.015625 0.0472222
1 0.481641 0.331944 0.0117188 0.0444444
1 0.303906 0.283333 0.009375 0.0416667
