0 0.978125 0.840972 0.0234375 0.0791667
1 0.960156 0.365972 0.0140625 0.0430556
0 0.380469 0.445833 0.0109375 0.0527778
1 0.150781 0.386806 0.0109375 0.0375
0 0.153516 0.408333 0.0132813 0.0416667
0 0.676172 0.3 0.00859375 0.0361111
1 0.381641 0.208333 0.00859375 0.0333333
1 0.665234 0.321528 0.0117188 0.0430556
0 0.290234 0.382639 0.0117188 0.0458333
1 0.300781 0.289583 0.009375 0.0402778
1 0.201953 0.354167 0.0101562 0.0444444
0 0.827344 0.410417 0.015625 0.0486111
1 0.262891 0.414583 0.0101562 0.0486111
0 0.351562 0.295833 0.0109375 0.0361111
0 0.248437 0.283333 0.009375 0.0416667
1 0.475 0.333333 0.0125 0.0444444
0 0.145703 0.472917 0.0148437 0.0541667
0 0.471875 0.236806 0.0109375 0.0347222
1 0.578125 0.231944 0.0078125 0.0361111
0 0.176953 0.347917 0.0101562 0.0486111
1 0.214844 0.64375 0.01875 0.0652778
1 0.860937 0.592361 0.01875 0.0625
0 0.371875 0.511806 0.015625 0.0541667
