0 0.359375 0.159028 0.009375 0.0319444
0 0.664844 0.188889 0.009375 0.0416667
0 0.733203 0.24375 0.00703125 0.0430556
0 0.688672 0.226389 0.00859375 0.0416667
1 0.683203 0.259722 0.00859375 0.0361111
1 0.733203 0.232639 0.00703125 0.0319444
0 0.733984 0.265278 0.00859375 0.0416667
1 0.75625 0.301389 0.0109375 0.0555556
0 0.383203 0.190278 0.0117188 0.0388889
1 0.603906 0.299306 0.009375 0.0486111
1 0.331641 0.35625 0.0117188 0.0569444
1 0.567969 0.235417 0.0109375 0.0486111
0 0.7 0.35 0.0109375 0.0583333
1 0.425 0.220139 0.009375 0.0430556
0 0.225781 0.368056 0.0140625 0.0583333
1 0.689844 0.494444 0.0140625 0.0638889
0 0.497656 0.2875 0.0109375 0.0527778
0 0.341016 0.252083 0.0117188 0.0513889
1 0.784766 0.36875 0.0117188 0.0597222
0 0.534766 0.248611 0.0101562 0.0444444
0 0.241406 0.486806 0.015625 0.0680556
