1 0.444141 0.342361 0.0164062 0.0513889
1 0.363672 0.454861 0.0132813 0.0486111
0 0.350781 0.464583 0.0109375 0.0430556
0 0.363672 0.475694 0.0117188 0.0430556
0 0.357031 0.483333 0.0140625 0.0416667
1 0.181641 0.46875 0.0179687 0.0513889
0 0.696875 0.279167 0.0140625 0.0361111
0 0.384375 0.465278 0.0140625 0.05
1 0.66875 0.240972 0.0140625 0.0402778
0 0.18125 0.429167 0.0140625 0.0472222
0 0.700391 0.247917 0.0132813 0.0375
1 0.773047 0.486806 0.0148437 0.0569444
0 0.683594 0.514583 0.0140625 0.0569444
1 0.483203 0.379861 0.0101562 0.0486111
1 0.279297 0.329167 0.0117188 0.0444444
1 0.633984 0.314583 0.0132813 0.0458333
1 0.533203 0.420833 0.0117188 0.05
1 0.766406 0.399306 0.0125 0.0513889
0 0.815234 0.75 0.0226563 0.075
1 0.691797 0.610417 0.0226563 0.0652778
0 0.350781 0.263889 0.0109375 0.0388889
0 0.233203 0.31875 0.0117188 0.0375
