0 0.346094 0.279861 0.009375 0.0347222
1 0.520703 0.272222 0.00859375 0.0333333
1 0.822656 0.494444 0.015625 0.0694444
0 0.517969 0.269444 0.0109375 0.0333333
0 0.611719 0.275694 0.0109375 0.0347222
1 0.619531 0.279167 0.0109375 0.0361111
0 0.514453 0.265278 0.00703125 0.0277778
0 0.519922 0.295833 0.00859375 0.0333333
0 0.324219 0.370139 0.009375 0.0402778
1 0.469141 0.345139 0.00859375 0.0402778
0 0.416406 0.308333 0.0078125 0.0388889
1 0.81875 0.478472 0.0140625 0.0597222
0 0.585156 0.251389 0.009375 0.0333333
1 0.801953 0.395833 0.0101562 0.0472222
1 0.552344 0.28125 0.0078125 0.0347222
1 0.763281 0.309722 0.009375 0.0416667
0 0.539453 0.361111 0.0101562 0.0444444
0 0.60625 0.443056 0.0125 0.05
1 0.7 0.35 0.0109375 0.0416667
1 0.588672 0.517361 0.0148437 0.0597222
0 0.780469 0.383333 0.009375 0.0444444
1 0.600391 0.35 0.0101562 0.0444444
0 0.299609 0.488889 0.0117188 0.0555556
4 0.120312 0.330556 0.0859375 0.0944444
