0 0.451562 0.355556 0.0109375 0.0361111
0 0.147266 0.244444 0.00703125 0.0277778
0 0.722656 0.327778 0.0078125 0.0416667
0 0.696875 0.411806 0.0109375 0.0430556
0 0.476953 0.273611 0.00859375 0.0361111
0 0.693359 0.4125 0.00859375 0.0388889
1 0.463281 0.434722 0.0140625 0.0444444
1 0.490234 0.270833 0.0101562 0.0388889
0 0.598437 0.294444 0.009375 0.0333333
1 0.613672 0.324306 0.0101562 0.0375
0 0.207422 0.313194 0.00859375 0.0375
1 0.708594 0.396528 0.0109375 0.0486111
1 0.54375 0.336806 0.0109375 0.0375
0 0.553516 0.384028 0.0117188 0.0430556
1 0.560156 0.270833 0.0078125 0.0333333
0 0.185547 0.546528 0.0148437 0.0541667
0 0.0996094 0.404167 0.0117188 0.0472222
0 0.421094 0.402778 0.0109375 0.0472222
1 0.479688 0.305556 0.0109375 0.0388889
1 0.219141 0.403472 0.0101562 0.0430556
0 0.318359 0.3375 0.00859375 0.0388889
1 0.697656 0.504861 0.0140625 0.0486111
1 0.208203 0.436111 0.0117188 0.05
0 0.124609 0.470139 0.0148437 0.0486111
4 0.840625 0.297917 0.075 0.0875
