0 0.426562 0.419444 0.0125 0.0527778
1 0.45625 0.271528 0.009375 0.0458333
0 0.457031 0.272917 0.009375 0.0430556
1 0.472656 0.203472 0.0078125 0.0319444
0 0.376953 0.354167 0.00859375 0.0444444
1 0.593359 0.322917 0.0101562 0.0458333
0 0.508594 0.234028 0.009375 0.0402778
1 0.698438 0.239583 0.009375 0.0347222
0 0.476562 0.479861 0.0140625 0.0513889
0 0.196094 0.347917 0.009375 0.0458333
1 0.775 0.304861 0.009375 0.0430556
0 0.629297 0.266667 0.00859375 0.0361111
1 0.214844 0.375 0.009375 0.0472222
0 0.315234 0.258333 0.0101562 0.0388889
1 0.216016 0.45 0.0117188 0.0527778
0 0.18125 0.491667 0.0140625 0.0527778
0 0.165234 0.425694 0.0132813 0.0541667
1 0.869141 0.48125 0.0132813 0.0569444
0 0.686719 0.331944 0.0109375 0.0416667
1 0.379687 0.429167 0.009375 0.0527778
1 0.433594 0.695139 0.01875 0.0652778
