1 0.453516 0.325 0.0101562 0.0472222
0 0.276953 0.197917 0.0101562 0.0319444
0 0.517969 0.435417 0.009375 0.0513889
1 0.785156 0.275 0.0078125 0.0388889
1 0.674219 0.228472 0.0078125 0.0347222
0 0.626953 0.220139 0.0101562 0.0347222
0 0.794531 0.297222 0.009375 0.0333333
1 0.30625 0.305556 0.0109375 0.0444444
1 0.514453 0.218056 0.00859375 0.0333333
1 0.514453 0.384722 0.0101562 0.0527778
0 0.7375 0.243056 0.0109375 0.0388889
0 0.404687 0.234028 0.009375 0.0430556
0 0.328516 0.309028 0.0101562 0.0486111
1 0.431641 0.2375 0.00859375 0.0416667
1 0.682422 0.29375 0.00859375 0.0402778
0 0.129297 0.365972 0.0148437 0.0458333
0 0.179297 0.283333 0.0101562 0.05
1 0.743359 0.420833 0.0132813 0.0583333
1 0.266016 0.270139 0.00859375 0.0375
1 0.552734 0.578472 0.0148437 0.0680556
0 0.140234 0.466667 0.0179687 0.0555556
