1 0.812891 0.470139 0.0289063 0.0736111
0 0.248047 0.370139 0.0117188 0.0402778
0 0.280469 0.398611 0.0109375 0.0444444
1 0.201172 0.397222 0.0117188 0.0305556
0 0.213281 0.398611 0.009375 0.0416667
1 0.262891 0.302778 0.0101562 0.0416667
0 0.250391 0.396528 0.0117188 0.0430556
0 0.244922 0.335417 0.0101562 0.0402778
0 0.284766 0.3 0.00859375 0.0416667
1 0.463281 0.297222 0.0078125 0.0388889
1 0.812891 0.473611 0.0148437 0.0555556
0 0.145703 0.411111 0.0101562 0.0444444
0 0.344531 0.344444 0.0078125 0.0388889
1 0.497266 0.43125 0.0148437 0.0458333
0 0.507031 0.321528 0.0109375 0.0375
0 0.288281 0.6 0.0125 0.0555556
1 0.787109 0.384722 0.0148437 0.0416667
0 0.673437 0.606944 0.015625 0.0611111
0 0.612109 0.336111 0.0101562 0.0444444
1 0.778906 0.609722 0.015625 0.0555556
1 0.308984 0.445833 0.0148437 0.0444444
1 0.412891 0.395139 0.0101562 0.0430556
4 0.148438 0.288194 0.06875 0.0763889
