0 0.271484 0.418056 0.0101562 0.0444444
1 0.209375 0.400694 0.0109375 0.0402778
0 0.253516 0.341667 0.0117188 0.0333333
1 0.271094 0.386111 0.009375 0.0416667
0 0.363672 0.345139 0.0101562 0.0375
0 0.221484 0.404861 0.0101562 0.0402778
1 0.258203 0.311806 0.0101562 0.0347222
0 0.294141 0.304167 0.00859375 0.0388889
0 0.599609 0.629167 0.0164062 0.0527778
1 0.76875 0.388889 0.0109375 0.0472222
1 0.469531 0.315972 0.009375 0.0402778
1 0.467578 0.471528 0.0117188 0.0430556
0 0.510547 0.33125 0.0132813 0.0430556
0 0.601172 0.35 0.0117188 0.0361111
1 0.803516 0.486111 0.0132813 0.0472222
1 0.291797 0.481944 0.0117188 0.0388889
0 0.255078 0.655556 0.0195312 0.0527778
0 0.141406 0.441667 0.009375 0.0472222
1 0.720703 0.638194 0.0179687 0.0541667
1 0.426172 0.404861 0.0132813 0.0430556
4 0.129297 0.290278 0.0773437 0.0861111
