1 0.613281 0.274306 0.0125 0.0347222
0 0.677734 0.325694 0.0101562 0.0375
0 0.610547 0.275 0.0117188 0.0333333
0 0.510156 0.265278 0.009375 0.0333333
0 0.515625 0.301389 0.0078125 0.0305556
1 0.797656 0.390972 0.009375 0.0486111
0 0.410547 0.309028 0.00859375 0.0375
0 0.314453 0.369444 0.00859375 0.0388889
0 0.774609 0.38125 0.0117188 0.0458333
1 0.695703 0.347917 0.00859375 0.0430556
1 0.549609 0.28125 0.00859375 0.0375
0 0.583594 0.250694 0.0109375 0.0347222
1 0.596484 0.348611 0.00859375 0.0416667
1 0.465234 0.343056 0.00859375 0.0416667
0 0.607031 0.443056 0.009375 0.05
1 0.758594 0.308333 0.009375 0.0388889
0 0.535156 0.359722 0.0125 0.0444444
1 0.583203 0.516667 0.0132813 0.0555556
0 0.291797 0.49375 0.0117188 0.0541667
1 0.816016 0.475 0.0117188 0.0611111
4 0.112109 0.329167 0.0851562 0.0888889
