0 0.696484 0.268056 0.0101562 0.0416667
1 0.696484 0.252778 0.00859375 0.05
0 0.725781 0.295139 0.009375 0.0430556
0 0.407813 0.204167 0.009375 0.0361111
1 0.723437 0.318056 0.0109375 0.0444444
0 0.329688 0.257639 0.0109375 0.0458333
1 0.557031 0.208333 0.0125 0.0416667
0 0.580078 0.199306 0.0101562 0.0402778
0 0.441797 0.255556 0.0117188 0.0416667
0 0.58125 0.239583 0.009375 0.0402778
1 0.491406 0.310417 0.009375 0.0513889
1 0.657812 0.286806 0.009375 0.0486111
0 0.03125 0.415972 0.0109375 0.0569444
1 0.734375 0.416667 0.0171875 0.0611111
0 0.435547 0.327778 0.0148437 0.0527778
1 0.226562 0.384722 0.009375 0.05
1 0.466406 0.251389 0.009375 0.0416667
1 0.405469 0.236111 0.009375 0.0388889
0 0.0835937 0.565972 0.0203125 0.0736111
1 0.528125 0.509722 0.0203125 0.0583333
0 0.576953 0.447917 0.0164062 0.0569444
