0 0.84375 0.449306 0.0078125 0.0430556
1 0.794141 0.524306 0.0242187 0.0486111
0 0.830469 0.452778 0.0140625 0.05
0 0.846484 0.441667 0.00859375 0.0416667
0 0.825781 0.460417 0.0109375 0.0458333
1 0.733594 0.274306 0.009375 0.0319444
0 0.647266 0.242361 0.0132813 0.0319444
0 0.610156 0.242361 0.0125 0.0319444
1 0.701172 0.297222 0.0101562 0.0361111
1 0.842188 0.411111 0.0109375 0.0361111
1 0.533203 0.35 0.0132813 0.0388889
0 0.443359 0.327778 0.00859375 0.0361111
0 0.307031 0.429167 0.0109375 0.0388889
1 0.785547 0.551389 0.0148437 0.0527778
1 0.799219 0.510417 0.0125 0.0458333
0 0.326562 0.292361 0.009375 0.0375
1 0.735547 0.396528 0.0117188 0.0430556
0 0.54375 0.458333 0.0140625 0.0527778
1 0.25 0.495139 0.01875 0.0513889
0 0.315625 0.566667 0.015625 0.0583333
1 0.126563 0.379167 0.0140625 0.0416667
0 0.266797 0.371528 0.0148437 0.0458333
1 0.646484 0.511111 0.0148437 0.0583333
