0 0.716797 0.340972 0.0117188 0.0375
0 0.162109 0.263889 0.00703125 0.0277778
0 0.711328 0.345833 0.0101562 0.0361111
1 0.615625 0.298611 0.0078125 0.0305556
1 0.599609 0.327778 0.00859375 0.0333333
1 0.539453 0.315972 0.00859375 0.0347222
1 0.560156 0.306944 0.0078125 0.0333333
0 0.611328 0.372222 0.00859375 0.0416667
1 0.630078 0.338194 0.00703125 0.0347222
0 0.73125 0.340278 0.009375 0.0305556
0 0.201172 0.336111 0.00859375 0.0388889
1 0.150391 0.413889 0.0101562 0.0444444
0 0.640234 0.301389 0.00703125 0.0305556
1 0.684766 0.366667 0.00859375 0.0416667
0 0.100391 0.426389 0.0117188 0.0472222
1 0.570312 0.433333 0.009375 0.0472222
0 0.521484 0.407639 0.00859375 0.0458333
0 0.178125 0.478472 0.0109375 0.0458333
0 0.339453 0.354167 0.00859375 0.0388889
1 0.727734 0.41875 0.00859375 0.0375
1 0.250781 0.447222 0.0109375 0.0416667
0 0.240625 0.559028 0.015625 0.0569444
4 0.810938 0.313194 0.071875 0.0819444
