0 0.636719 0.23125 0.0140625 0.0458333
0 0.326953 0.286806 0.0179687 0.0486111
1 0.323438 0.29375 0.0125 0.0458333
1 0.610937 0.2125 0.0078125 0.0361111
0 0.329688 0.280556 0.0109375 0.0333333
0 0.628516 0.239583 0.0132813 0.0347222
0 0.641016 0.217361 0.00859375 0.0402778
1 0.713281 0.388194 0.009375 0.0541667
0 0.335547 0.194444 0.00859375 0.0333333
1 0.539844 0.352083 0.009375 0.0513889
1 0.766406 0.286806 0.009375 0.0458333
0 0.53125 0.39375 0.0109375 0.0541667
1 0.412891 0.220139 0.00859375 0.0402778
1 0.313672 0.240972 0.00859375 0.0375
0 0.358203 0.218056 0.00859375 0.0388889
0 0.740625 0.298611 0.009375 0.0472222
0 0.108203 0.359722 0.0117188 0.0472222
1 0.586719 0.513889 0.0140625 0.0555556
1 0.668359 0.234028 0.00859375 0.0375
0 0.228516 0.249306 0.0132813 0.0430556
0 0.141797 0.507639 0.0148437 0.0625
1 0.657031 0.270139 0.0109375 0.0375
