1 0.225781 0.326389 0.0171875 0.0416667
0 0.0898438 0.378472 0.0171875 0.0458333
0 0.159375 0.325694 0.0078125 0.0291667
0 0.303906 0.364583 0.015625 0.0402778
1 0.0894531 0.392361 0.0148437 0.0375
0 0.0890625 0.39375 0.0140625 0.0375
1 0.23125 0.309028 0.0125 0.0402778
0 0.0914062 0.372917 0.0125 0.0263889
0 0.222656 0.3375 0.0109375 0.0388889
1 0.218359 0.278472 0.00859375 0.0291667
0 0.554688 0.292361 0.0140625 0.0402778
1 0.517578 0.384028 0.0117188 0.0430556
1 0.513281 0.421528 0.0140625 0.0541667
0 0.186328 0.317361 0.0101562 0.0375
0 0.147656 0.382639 0.0109375 0.0458333
0 0.360938 0.349306 0.0125 0.0402778
1 0.332031 0.490278 0.015625 0.05
1 0.508203 0.247917 0.0148437 0.0347222
0 0.672656 0.526389 0.0140625 0.0555556
0 0.646094 0.304861 0.0125 0.0375
1 0.729688 0.353472 0.0140625 0.0486111
1 0.796484 0.536806 0.0195312 0.0625
0 0.466797 0.597222 0.0164062 0.0611111
1 0.759375 0.416667 0.0140625 0.05
4 0.0390625 0.272917 0.078125 0.0819444
