0 0.744531 0.323611 0.009375 0.0472222
1 0.555078 0.359722 0.0148437 0.0416667
1 0.216406 0.420833 0.0078125 0.0555556
0 0.476953 0.261111 0.00859375 0.0333333
1 0.497266 0.260417 0.00859375 0.0347222
0 0.610156 0.288194 0.0078125 0.0375
1 0.484766 0.295833 0.0101562 0.0361111
0 0.701563 0.424306 0.0078125 0.0458333
0 0.216797 0.302083 0.00859375 0.0375
1 0.626172 0.318056 0.0117188 0.0361111
1 0.219531 0.391667 0.009375 0.0388889
1 0.737109 0.391667 0.0132813 0.0444444
0 0.107422 0.391667 0.0101562 0.0527778
0 0.559375 0.373611 0.0109375 0.0444444
1 0.708984 0.509028 0.0101562 0.0486111
1 0.464063 0.426389 0.015625 0.0444444
0 0.417578 0.397222 0.0101562 0.0472222
1 0.574219 0.260417 0.0078125 0.0347222
0 0.325391 0.328472 0.00859375 0.0402778
1 0.550781 0.331944 0.0125 0.0416667
0 0.126563 0.461111 0.0140625 0.0527778
0 0.182031 0.539583 0.0140625 0.0569444
4 0.867188 0.293056 0.075 0.0888889
