1 0.426562 0.401389 0.0140625 0.0583333
1 0.458203 0.357639 0.0132813 0.0486111
1 0.423828 0.388194 0.0132813 0.0375
0 0.385547 0.413889 0.0210938 0.0444444
0 0.675781 0.28125 0.0140625 0.0402778
0 0.750391 0.764583 0.0179687 0.0736111
0 0.428125 0.419444 0.0125 0.0472222
1 0.672656 0.329167 0.0125 0.0472222
0 0.222266 0.326389 0.0117188 0.0416667
0 0.694531 0.259028 0.009375 0.0458333
0 0.335938 0.266667 0.0109375 0.0388889
1 0.239844 0.358333 0.015625 0.0416667
0 0.64375 0.502083 0.0140625 0.0625
1 0.654297 0.236111 0.0101562 0.0416667
1 0.122656 0.508333 0.015625 0.0638889
1 0.781641 0.504861 0.0132813 0.0625
1 0.533594 0.447917 0.0125 0.0541667
1 0.798437 0.41875 0.0171875 0.0569444
0 0.382422 0.490972 0.0210938 0.0541667
0 0.169922 0.421528 0.0179687 0.0541667
1 0.535547 0.616667 0.0164062 0.0722222
