0 0.556641 0.247222 0.00859375 0.0333333
0 0.584375 0.272917 0.0109375 0.0402778
0 0.703516 0.349306 0.0101562 0.0430556
1 0.592188 0.253472 0.009375 0.0347222
0 0.784766 0.276389 0.00859375 0.0305556
0 0.700781 0.355556 0.0109375 0.0416667
1 0.583594 0.302083 0.0125 0.0347222
0 0.229297 0.28125 0.00859375 0.0319444
1 0.45 0.290278 0.009375 0.0388889
0 0.242188 0.484722 0.0109375 0.05
1 0.677734 0.267361 0.00859375 0.0375
1 0.71875 0.310417 0.009375 0.0402778
0 0.459766 0.346528 0.0117188 0.0402778
1 0.235547 0.315278 0.00859375 0.0333333
0 0.626562 0.315278 0.009375 0.0361111
1 0.516016 0.345833 0.0117188 0.0416667
0 0.153906 0.413194 0.009375 0.0458333
0 0.366016 0.298611 0.00859375 0.0388889
0 0.133594 0.346528 0.0125 0.0430556
1 0.238281 0.394444 0.009375 0.0444444
1 0.766797 0.345833 0.0117188 0.0388889
1 0.685156 0.428472 0.015625 0.0458333
4 0.955469 0.332639 0.0890625 0.101389
