0 0.630078 0.184028 0.0101562 0.0430556
0 0.676172 0.20625 0.00859375 0.0402778
0 0.526563 0.250694 0.0125 0.0541667
0 0.360938 0.152778 0.009375 0.0333333
1 0.630859 0.186111 0.0117188 0.0416667
1 0.528516 0.246528 0.0132813 0.0569444
0 0.727344 0.260417 0.0109375 0.0402778
1 0.722656 0.232639 0.009375 0.0347222
0 0.340625 0.176389 0.0078125 0.0416667
1 0.411719 0.213889 0.009375 0.0416667
1 0.678906 0.259028 0.0078125 0.0402778
1 0.747656 0.293056 0.0109375 0.05
0 0.644141 0.233333 0.0101562 0.0444444
1 0.76875 0.36875 0.0125 0.0625
0 0.335547 0.233333 0.0101562 0.0527778
0 0.489062 0.302778 0.0140625 0.0555556
1 0.581641 0.302083 0.0117188 0.0513889
0 0.692969 0.367361 0.0109375 0.0541667
1 0.314844 0.371528 0.0171875 0.0569444
0 0.163281 0.383333 0.0140625 0.0611111
0 0.269922 0.538194 0.0148437 0.0708333
1 0.655469 0.495833 0.015625 0.0611111
