0 0.709375 0.30625 0.0140625 0.0430556
0 0.936719 0.370139 0.0109375 0.0486111
0 0.3875 0.484722 0.0140625 0.0555556
1 0.715625 0.305556 0.009375 0.0388889
1 0.673437 0.209028 0.0078125 0.0291667
1 0.213672 0.365278 0.0101562 0.0416667
1 0.204297 0.3875 0.0117188 0.0444444
1 0.401563 0.202778 0.009375 0.0361111
0 0.511719 0.229167 0.009375 0.0361111
0 0.710156 0.409722 0.0140625 0.05
0 0.395703 0.331944 0.0101562 0.0444444
0 0.186328 0.357639 0.0117188 0.0458333
1 0.546484 0.34375 0.0132813 0.0402778
1 0.308984 0.303472 0.0101562 0.0402778
1 0.899609 0.542361 0.0164062 0.0625
0 0.259766 0.286111 0.00859375 0.0388889
0 0.147266 0.420833 0.0148437 0.0527778
1 0.3 0.703472 0.0171875 0.0708333
1 0.406641 0.413194 0.0132813 0.0513889
0 0.342187 0.404861 0.0140625 0.0513889
0 0.470703 0.529167 0.0164062 0.0555556
0 0.183594 0.534028 0.01875 0.0569444
