1 0.400781 0.252778 0.009375 0.0333333
1 0.309766 0.306944 0.00859375 0.0361111
1 0.535937 0.329167 0.0078125 0.0305556
0 0.315625 0.35 0.0078125 0.0388889
0 0.587891 0.390972 0.0101562 0.0458333
1 0.526953 0.359028 0.00859375 0.0375
1 0.350781 0.436111 0.0125 0.0444444
0 0.434766 0.234722 0.00703125 0.0305556
0 0.223047 0.283333 0.00859375 0.0361111
1 0.620703 0.309722 0.00859375 0.0388889
0 0.442187 0.427778 0.0109375 0.05
1 0.288281 0.306944 0.0078125 0.0333333
0 0.650781 0.447222 0.009375 0.0388889
0 0.528516 0.25625 0.00703125 0.0347222
1 0.71875 0.386111 0.0109375 0.0472222
1 0.695703 0.554167 0.0117188 0.0555556
1 0.559375 0.274306 0.0078125 0.0347222
0 0.155859 0.358333 0.0101562 0.0416667
0 0.312109 0.554167 0.0132813 0.0638889
0 0.179297 0.461111 0.0148437 0.0472222
4 0.89375 0.305556 0.0796875 0.0916667
