1 0.462891 0.272222 0.0101562 0.0388889
0 0.457812 0.278472 0.0125 0.0402778
1 0.700391 0.236111 0.00859375 0.0361111
0 0.375781 0.355556 0.009375 0.0472222
0 0.513281 0.235417 0.0078125 0.0347222
1 0.214453 0.45625 0.0101562 0.0513889
0 0.321094 0.255556 0.009375 0.0388889
0 0.489453 0.475 0.0101562 0.0555556
0 0.630469 0.270139 0.009375 0.0402778
0 0.185547 0.489583 0.0132813 0.0569444
1 0.769531 0.304861 0.009375 0.0458333
1 0.597266 0.327083 0.00859375 0.0458333
0 0.688281 0.336806 0.0109375 0.0458333
0 0.195312 0.352083 0.009375 0.0486111
1 0.482031 0.204861 0.0078125 0.0319444
1 0.214453 0.38125 0.0101562 0.0486111
0 0.162109 0.426389 0.0132813 0.0527778
1 0.378906 0.427778 0.0109375 0.0472222
1 0.871484 0.476389 0.0132813 0.0555556
1 0.459375 0.69375 0.01875 0.0680556
