0 0.937109 0.424306 0.0132813 0.0458333
1 0.585547 0.239583 0.00703125 0.0291667
1 0.396484 0.236806 0.0101562 0.0347222
0 0.641406 0.284722 0.0078125 0.0333333
1 0.446484 0.413889 0.00859375 0.05
0 0.421484 0.234722 0.00703125 0.0361111
1 0.435156 0.795833 0.01875 0.0722222
0 0.717578 0.445139 0.0117188 0.0486111
1 0.255859 0.347917 0.0101562 0.0375
0 0.408594 0.352778 0.0078125 0.0416667
0 0.244531 0.577778 0.0125 0.0583333
1 0.64375 0.348611 0.009375 0.0361111
0 0.266797 0.292361 0.00859375 0.0375
0 0.621094 0.54375 0.0109375 0.0541667
1 0.702344 0.306944 0.009375 0.0361111
1 0.935547 0.509028 0.0132813 0.0513889
0 0.386719 0.444444 0.0140625 0.05
1 0.207813 0.447917 0.0109375 0.0430556
0 0.170312 0.461806 0.0140625 0.0486111
1 0.308984 0.321528 0.00859375 0.0402778
0 0.180469 0.361111 0.0109375 0.0472222
4 0.963672 0.307639 0.0726563 0.0930556
