1 0.476172 0.247222 0.00859375 0.0305556
0 0.477344 0.248611 0.009375 0.0333333
1 0.502344 0.255556 0.0078125 0.0361111
1 0.620313 0.252778 0.0078125 0.0361111
1 0.401172 0.322222 0.0101562 0.0444444
0 0.595703 0.250694 0.00859375 0.0347222
0 0.634766 0.279167 0.00859375 0.0416667
0 0.483203 0.317361 0.0101562 0.0458333
0 0.515625 0.274306 0.0078125 0.0319444
0 0.455859 0.26875 0.00859375 0.0430556
1 0.578516 0.311111 0.00859375 0.0444444
1 0.782422 0.529167 0.0117188 0.0638889
1 0.745703 0.340972 0.0101562 0.0458333
0 0.309375 0.380556 0.0109375 0.0472222
0 0.380859 0.317361 0.0101562 0.0458333
1 0.441797 0.445833 0.00859375 0.0527778
0 0.449609 0.374306 0.0101562 0.0486111
1 0.847266 0.425694 0.0101562 0.0541667
0 0.770312 0.436806 0.0109375 0.0569444
1 0.841016 0.315972 0.0101562 0.0430556
4 0.183594 0.313889 0.0890625 0.0916667
