0 0.692578 0.216667 0.0164062 0.05
0 0.533594 0.23125 0.0125 0.0375
0 0.691016 0.229167 0.0132813 0.0333333
1 0.696484 0.208333 0.00859375 0.0361111
0 0.615625 0.1875 0.009375 0.0305556
1 0.580078 0.227083 0.0101562 0.0402778
0 0.685938 0.225 0.0140625 0.0416667
0 0.567187 0.238194 0.009375 0.0402778
0 0.368359 0.191667 0.00859375 0.0388889
1 0.596484 0.238194 0.0101562 0.0402778
1 0.756641 0.29375 0.0117188 0.0486111
1 0.4125 0.215972 0.009375 0.0402778
1 0.726562 0.2375 0.0109375 0.0416667
0 0.219531 0.25 0.0109375 0.0444444
1 0.589453 0.306944 0.0117188 0.05
0 0.718359 0.311806 0.0148437 0.0458333
1 0.497656 0.275 0.0125 0.0444444
0 0.617188 0.384722 0.0171875 0.0527778
0 0.14375 0.380556 0.015625 0.0555556
1 0.772656 0.384028 0.0171875 0.0541667
0 0.372266 0.327778 0.0148437 0.05
0 0.289453 0.616667 0.0226563 0.075
1 0.658984 0.489583 0.0195312 0.0569444
