0 0.113672 0.442361 0.0117188 0.0458333
1 0.25625 0.460417 0.0109375 0.0541667
0 0.19375 0.375694 0.0140625 0.0402778
1 0.195312 0.374306 0.0109375 0.0430556
1 0.275391 0.324306 0.00859375 0.0375
0 0.341406 0.358333 0.009375 0.0361111
0 0.111719 0.549306 0.0140625 0.0597222
1 0.367969 0.238194 0.0078125 0.0319444
0 0.264062 0.45 0.0109375 0.05
1 0.119922 0.459028 0.0132813 0.0458333
0 0.632422 0.335417 0.00859375 0.0319444
1 0.904297 0.716667 0.0257812 0.0722222
1 0.53125 0.278472 0.0078125 0.0375
0 0.805859 0.522222 0.0132813 0.0527778
1 0.24375 0.472222 0.0109375 0.05
1 0.121875 0.755556 0.0140625 0.0722222
0 0.329297 0.595139 0.0117188 0.0541667
0 0.428125 0.274306 0.0078125 0.0375
0 0.249609 0.314583 0.0101562 0.0375
1 0.658984 0.341667 0.00859375 0.0388889
1 0.464453 0.377083 0.00859375 0.0430556
