1 0.566406 0.240972 0.009375 0.0347222
0 0.725391 0.232639 0.0132813 0.0347222
1 0.582812 0.243056 0.009375 0.0416667
1 0.755078 0.285417 0.0117188 0.0375
0 0.717969 0.214583 0.009375 0.0319444
0 0.425 0.345139 0.0125 0.0513889
1 0.487109 0.299306 0.0117188 0.0458333
0 0.359375 0.210417 0.0078125 0.0375
0 0.525781 0.24375 0.009375 0.0402778
1 0.726562 0.2375 0.0109375 0.0388889
0 0.709375 0.286806 0.015625 0.0375
1 0.664453 0.211111 0.00859375 0.0333333
0 0.621484 0.20625 0.00859375 0.0375
1 0.621875 0.316667 0.015625 0.0472222
0 0.245312 0.279861 0.0125 0.0458333
0 0.358203 0.596528 0.0148437 0.0680556
0 0.723828 0.386111 0.0164062 0.0472222
1 0.751562 0.468056 0.0140625 0.0583333
1 0.809375 0.375694 0.015625 0.0513889
1 0.65 0.247917 0.0125 0.0375
1 0.4375 0.2375 0.0109375 0.0388889
0 0.194141 0.395833 0.0179687 0.0555556
