0 0.722266 0.3125 0.0101562 0.05
1 0.691016 0.268056 0.0101562 0.0444444
1 0.689844 0.25 0.0078125 0.0444444
0 0.720703 0.300694 0.00859375 0.0430556
1 0.551172 0.215278 0.0101562 0.0388889
0 0.408203 0.207639 0.00703125 0.0319444
1 0.721484 0.322917 0.00859375 0.0402778
0 0.572656 0.20625 0.0078125 0.0319444
0 0.578516 0.243056 0.00859375 0.0388889
0 0.436719 0.259028 0.0109375 0.0375
1 0.491016 0.313194 0.0117188 0.0486111
1 0.521875 0.510417 0.0140625 0.0625
0 0.326562 0.265278 0.0109375 0.0444444
1 0.407031 0.238889 0.009375 0.0361111
1 0.730859 0.423611 0.0132813 0.0583333
1 0.65 0.290972 0.0125 0.0458333
0 0.0390625 0.417361 0.0140625 0.0569444
0 0.435156 0.329861 0.0109375 0.0513889
0 0.0871094 0.560417 0.0148437 0.0708333
1 0.465234 0.252778 0.00859375 0.0388889
0 0.569531 0.447917 0.0125 0.0569444
1 0.227344 0.385417 0.0140625 0.0541667
