1 0.435156 0.202083 0.009375 0.0347222
0 0.370703 0.369444 0.00859375 0.0527778
0 0.208594 0.34375 0.0109375 0.0430556
1 0.235156 0.429861 0.0109375 0.0541667
1 0.789453 0.298611 0.0132813 0.0361111
0 0.755859 0.30625 0.0132813 0.0347222
0 0.457812 0.284722 0.009375 0.0388889
1 0.39375 0.443056 0.0140625 0.0638889
0 0.667578 0.266667 0.00859375 0.0388889
1 0.215625 0.3625 0.0109375 0.0388889
1 0.692187 0.247917 0.009375 0.0375
1 0.364062 0.744444 0.0140625 0.075
0 0.183203 0.428472 0.0117188 0.0541667
0 0.491016 0.243056 0.00859375 0.0361111
1 0.898047 0.501389 0.0117188 0.0611111
1 0.418359 0.261806 0.00859375 0.0375
0 0.287109 0.263889 0.00859375 0.0361111
0 0.451953 0.500694 0.0117188 0.0541667
0 0.166797 0.520833 0.0148437 0.0611111
1 0.604688 0.313889 0.009375 0.0416667
