1 0.354297 0.295833 0.00703125 0.0416667
1 0.583984 0.36875 0.00859375 0.0319444
1 0.391797 0.377778 0.0101562 0.0444444
0 0.343359 0.311111 0.00859375 0.0416667
1 0.353516 0.281944 0.00859375 0.0388889
1 0.460938 0.24375 0.0078125 0.0347222
0 0.596875 0.370139 0.009375 0.0402778
1 0.567578 0.310417 0.0101562 0.0402778
0 0.238672 0.2625 0.00703125 0.0361111
0 0.483984 0.215278 0.00859375 0.0333333
0 0.5375 0.238194 0.0078125 0.0319444
0 0.503906 0.389583 0.0109375 0.0486111
1 0.607422 0.269444 0.00859375 0.0388889
1 0.735156 0.469444 0.0125 0.05
1 0.650391 0.308333 0.00859375 0.0388889
0 0.687109 0.402778 0.0132813 0.0444444
0 0.157813 0.338889 0.0109375 0.0444444
0 0.189844 0.4375 0.015625 0.0527778
1 0.75 0.361806 0.009375 0.0402778
0 0.363672 0.554167 0.0148437 0.0583333
4 0.963281 0.315278 0.0734375 0.0972222
