1 0.687891 0.249306 0.00859375 0.0458333
0 0.357422 0.158333 0.00859375 0.0333333
0 0.737891 0.24375 0.00859375 0.0486111
1 0.662891 0.196528 0.00859375 0.0430556
1 0.738281 0.235417 0.0078125 0.0347222
0 0.737891 0.259028 0.0101562 0.0402778
0 0.689844 0.229167 0.0078125 0.0416667
1 0.5625 0.238889 0.0109375 0.0472222
1 0.687891 0.261111 0.00703125 0.0361111
1 0.758984 0.300694 0.0101562 0.0513889
0 0.376563 0.181944 0.009375 0.0388889
0 0.711719 0.361111 0.0109375 0.0527778
0 0.501953 0.2875 0.0117188 0.0555556
1 0.785937 0.36875 0.0125 0.0597222
1 0.60625 0.296528 0.0109375 0.0541667
1 0.425391 0.215972 0.0101562 0.0402778
1 0.333203 0.35625 0.0148437 0.0569444
0 0.350391 0.24375 0.0117188 0.0513889
0 0.542188 0.249306 0.0109375 0.0486111
1 0.691016 0.495139 0.0148437 0.0597222
0 0.247266 0.499306 0.0148437 0.0680556
0 0.198828 0.371528 0.0179687 0.0569444
