1 0.413281 0.236111 0.0125 0.0416667
1 0.790625 0.2625 0.0078125 0.0333333
1 0.500391 0.216667 0.00859375 0.0305556
0 0.415625 0.2375 0.0140625 0.0416667
0 0.517969 0.443056 0.0125 0.0638889
1 0.667578 0.225 0.00703125 0.0361111
0 0.791016 0.297222 0.00859375 0.0305556
0 0.613672 0.21875 0.00703125 0.0347222
0 0.737891 0.240278 0.00703125 0.0333333
1 0.305078 0.304167 0.0101562 0.0416667
0 0.324609 0.309028 0.0117188 0.0513889
0 0.142188 0.367361 0.0125 0.0458333
1 0.244531 0.278472 0.009375 0.0430556
1 0.679688 0.29375 0.0109375 0.0458333
0 0.166016 0.290972 0.0101562 0.0486111
1 0.501562 0.392361 0.0109375 0.0541667
1 0.751562 0.427778 0.0109375 0.0611111
1 0.533984 0.59375 0.0148437 0.0652778
0 0.146094 0.469444 0.01875 0.0555556
