0 0.464844 0.364583 0.015625 0.0486111
1 0.222656 0.334722 0.0171875 0.0583333
0 0.384766 0.410417 0.0179687 0.0458333
0 0.220313 0.322917 0.0140625 0.0402778
0 0.667969 0.279861 0.0109375 0.0430556
1 0.225391 0.35625 0.0164062 0.0402778
1 0.411328 0.381944 0.0132813 0.0416667
1 0.676172 0.334028 0.0101562 0.0458333
1 0.508984 0.611806 0.0132813 0.0625
0 0.332422 0.26875 0.0101562 0.0402778
0 0.43125 0.410417 0.0109375 0.0513889
0 0.692969 0.263889 0.0109375 0.0444444
0 0.644531 0.499306 0.0125 0.0625
1 0.785937 0.508333 0.015625 0.0611111
1 0.544141 0.444444 0.0148437 0.0555556
0 0.731641 0.751389 0.0195312 0.075
1 0.122266 0.508333 0.0164062 0.0611111
0 0.171094 0.416667 0.0140625 0.0555556
0 0.371875 0.491667 0.0203125 0.0611111
1 0.646484 0.236806 0.0132813 0.0430556
1 0.801172 0.417361 0.0164062 0.0569444
