1 0.225781 0.250694 0.0078125 0.0263889
1 0.814062 0.356944 0.009375 0.0416667
0 0.595703 0.372917 0.0132813 0.0347222
0 0.721875 0.265972 0.00625 0.0347222
1 0.589453 0.284722 0.00703125 0.0305556
1 0.730469 0.402778 0.009375 0.0444444
1 0.637891 0.355556 0.00859375 0.0361111
0 0.571094 0.524306 0.015625 0.0430556
1 0.4875 0.558333 0.0140625 0.0555556
0 0.2875 0.309028 0.0078125 0.0347222
1 0.529297 0.4 0.0101562 0.0388889
0 0.644531 0.632639 0.0171875 0.0569444
1 0.286328 0.393056 0.00859375 0.0361111
0 0.713672 0.484722 0.0101562 0.05
0 0.380469 0.430556 0.009375 0.0444444
1 0.644531 0.448611 0.0109375 0.0388889
0 0.859375 0.621528 0.0125 0.0569444
0 0.325391 0.576389 0.0148437 0.0583333
1 0.826953 0.538889 0.0148437 0.0444444
1 0.655469 0.561111 0.0125 0.0527778
0 0.179688 0.404861 0.0109375 0.0458333
4 0.851953 0.320833 0.0757812 0.0833333
