0 0.997656 0.584722 0.0046875 0.0333333
1 0.521094 0.322917 0.0109375 0.0402778
0 0.520703 0.318056 0.00859375 0.0388889
0 0.690234 0.350694 0.0148437 0.0347222
0 0.684766 0.347222 0.0101562 0.0305556
1 0.510156 0.31875 0.009375 0.0347222
1 0.248437 0.431944 0.0109375 0.0388889
1 0.574609 0.301389 0.00859375 0.0277778
0 0.548828 0.294444 0.0101562 0.0361111
1 0.610156 0.340972 0.009375 0.0347222
0 0.608594 0.309722 0.009375 0.0361111
1 0.562109 0.338194 0.00859375 0.0347222
0 0.576563 0.384722 0.009375 0.0361111
0 0.196875 0.339583 0.009375 0.0347222
0 0.157031 0.477778 0.0109375 0.0472222
0 0.223438 0.56875 0.0140625 0.0569444
1 0.519141 0.442361 0.0101562 0.0430556
0 0.09375 0.427778 0.0109375 0.0472222
1 0.707031 0.450694 0.009375 0.0402778
0 0.325 0.359722 0.0109375 0.0361111
0 0.475 0.414583 0.0125 0.0430556
1 0.671875 0.38125 0.009375 0.0375
1 0.181641 0.427083 0.0117188 0.0458333
4 0.792578 0.314583 0.0710938 0.0791667
