0 0.695703 0.336111 0.00859375 0.0361111
1 0.477734 0.316667 0.0101562 0.0333333
1 0.485156 0.288194 0.009375 0.0319444
1 0.537891 0.34375 0.00703125 0.0347222
0 0.589453 0.304861 0.00859375 0.0319444
1 0.680469 0.39375 0.0109375 0.0430556
1 0.603125 0.332639 0.0109375 0.0402778
1 0.547656 0.286806 0.0078125 0.0319444
0 0.548047 0.395139 0.00859375 0.0430556
1 0.197266 0.44375 0.0117188 0.0513889
0 0.197656 0.329167 0.0078125 0.0361111
0 0.0917969 0.416667 0.0101562 0.05
0 0.426562 0.411111 0.009375 0.0444444
1 0.688672 0.495833 0.0117188 0.05
1 0.469141 0.438889 0.0132813 0.0444444
0 0.311719 0.352083 0.0078125 0.0375
1 0.221875 0.415972 0.0109375 0.0430556
0 0.126953 0.480556 0.0148437 0.0527778
0 0.194141 0.559028 0.0148437 0.0541667
4 0.809375 0.30625 0.0703125 0.0847222
