0 0.375 0.3625 0.0078125 0.0527778
1 0.211719 0.388194 0.0109375 0.0486111
1 0.708594 0.236111 0.0078125 0.0361111
1 0.46875 0.274306 0.009375 0.0402778
1 0.214844 0.460417 0.0109375 0.0541667
0 0.515625 0.2375 0.0078125 0.0416667
0 0.443359 0.28125 0.0101562 0.0402778
1 0.491016 0.203472 0.00703125 0.0347222
0 0.192969 0.35625 0.0109375 0.0513889
1 0.762109 0.311806 0.0101562 0.0430556
0 0.504297 0.479861 0.0117188 0.0513889
0 0.326953 0.253472 0.00859375 0.0375
0 0.188672 0.490972 0.0132813 0.0569444
0 0.692578 0.344444 0.0101562 0.0472222
1 0.377344 0.422917 0.0109375 0.0513889
0 0.633594 0.275 0.009375 0.0361111
1 0.602734 0.333333 0.00859375 0.0416667
0 0.157813 0.427083 0.015625 0.0513889
1 0.877734 0.477083 0.0117188 0.0569444
1 0.491797 0.693056 0.0257812 0.0666667
