0 0.329297 0.163194 0.00859375 0.0375
1 0.701563 0.238889 0.0109375 0.0305556
1 0.741406 0.294444 0.0125 0.0444444
0 0.646484 0.192361 0.0117188 0.0347222
1 0.675 0.195139 0.0109375 0.0375
1 0.635938 0.236806 0.009375 0.0458333
0 0.361719 0.199306 0.009375 0.0402778
0 0.443359 0.289583 0.0117188 0.0486111
1 0.550391 0.228472 0.0101562 0.0458333
0 0.477734 0.242361 0.00859375 0.0430556
0 0.6625 0.223611 0.0109375 0.0333333
0 0.714453 0.265278 0.0101562 0.0472222
0 0.225 0.459722 0.015625 0.0638889
0 0.675 0.332639 0.0140625 0.0541667
1 0.317187 0.354167 0.0109375 0.0527778
1 0.559375 0.28125 0.0125 0.0486111
0 0.276953 0.263194 0.0117188 0.0513889
1 0.758203 0.3625 0.0164062 0.0527778
1 0.395312 0.227083 0.009375 0.0402778
0 0.227344 0.352778 0.0125 0.0611111
1 0.666797 0.472917 0.0179687 0.0597222
