0 0.539062 0.25 0.0109375 0.05
0 0.729297 0.242361 0.0101562 0.0430556
1 0.541016 0.251389 0.0132813 0.0472222
0 0.673047 0.199306 0.00859375 0.0375
1 0.544922 0.24375 0.0117188 0.0486111
0 0.730078 0.259028 0.0101562 0.0375
0 0.347266 0.172917 0.0101562 0.0430556
0 0.669922 0.234028 0.00859375 0.0430556
1 0.729297 0.234722 0.00859375 0.0361111
1 0.686328 0.254861 0.0117188 0.0486111
1 0.752734 0.297222 0.0101562 0.05
1 0.645312 0.189583 0.0109375 0.0458333
0 0.706641 0.370833 0.0148437 0.0611111
0 0.347266 0.234722 0.0117188 0.0444444
1 0.778125 0.371528 0.0140625 0.0597222
1 0.598047 0.299306 0.0164062 0.0513889
1 0.415234 0.213194 0.00859375 0.0375
0 0.498047 0.294444 0.0101562 0.0555556
0 0.248437 0.522917 0.015625 0.0680556
1 0.329297 0.363194 0.0117188 0.0541667
0 0.164844 0.381944 0.0140625 0.0555556
1 0.680078 0.49375 0.0179687 0.0708333
