0 0.509766 0.271528 0.00703125 0.0263889
0 0.394531 0.324306 0.015625 0.0402778
1 0.535156 0.286111 0.0078125 0.0333333
1 0.401563 0.320833 0.0078125 0.0388889
1 0.632031 0.252083 0.0078125 0.0347222
0 0.389844 0.327778 0.0078125 0.0361111
0 0.591406 0.25625 0.0078125 0.0319444
0 0.460156 0.284028 0.0078125 0.0347222
0 0.4875 0.310417 0.0078125 0.0402778
0 0.442578 0.380556 0.0101562 0.0444444
0 0.298438 0.386806 0.009375 0.0486111
0 0.635156 0.286111 0.0078125 0.0361111
1 0.579297 0.315278 0.00859375 0.0361111
1 0.711719 0.346528 0.009375 0.0402778
1 0.848437 0.323611 0.009375 0.0416667
1 0.85 0.428472 0.0109375 0.0513889
1 0.783594 0.527778 0.0125 0.0555556
1 0.382812 0.455556 0.0125 0.0527778
0 0.779688 0.436806 0.0109375 0.0541667
4 0.180859 0.318056 0.0945313 0.0944444
