0 0.671484 0.196528 0.0101562 0.0486111
1 0.708594 0.245139 0.009375 0.0402778
0 0.344531 0.1625 0.009375 0.0333333
1 0.673047 0.190972 0.00859375 0.0347222
0 0.708203 0.261806 0.0101562 0.0402778
0 0.670313 0.221528 0.009375 0.0458333
1 0.646875 0.241667 0.009375 0.0416667
1 0.738281 0.294444 0.0125 0.0527778
0 0.655078 0.186111 0.00859375 0.0388889
1 0.574219 0.284028 0.0109375 0.0541667
1 0.70625 0.234028 0.009375 0.0347222
1 0.559766 0.230556 0.00859375 0.0444444
1 0.407422 0.225 0.0101562 0.0416667
0 0.680859 0.333333 0.0117188 0.0527778
1 0.323438 0.354167 0.0109375 0.0555556
0 0.299219 0.261111 0.0125 0.0555556
0 0.496484 0.238889 0.0101562 0.0416667
0 0.371094 0.197222 0.009375 0.0416667
1 0.764063 0.3625 0.0109375 0.0583333
0 0.458594 0.288889 0.009375 0.05
1 0.672266 0.474306 0.0179687 0.0652778
0 0.236328 0.35625 0.0132813 0.0569444
0 0.232031 0.465972 0.01875 0.0652778
