0 0.476172 0.311111 0.0117188 0.0472222
1 0.774219 0.281944 0.009375 0.0388889
1 0.776953 0.273611 0.0117188 0.0333333
1 0.737109 0.405556 0.0117188 0.0555556
1 0.29375 0.261806 0.009375 0.0375
0 0.300781 0.195139 0.009375 0.0347222
1 0.311328 0.30625 0.0101562 0.0458333
0 0.520312 0.420139 0.009375 0.0486111
1 0.677344 0.291667 0.0109375 0.0416667
0 0.783984 0.298611 0.0117188 0.0361111
0 0.633594 0.220139 0.009375 0.0347222
0 0.378906 0.221528 0.0078125 0.0347222
1 0.679688 0.227083 0.0078125 0.0375
1 0.540234 0.218056 0.00859375 0.0333333
0 0.127734 0.3625 0.00859375 0.0472222
1 0.529688 0.372222 0.0109375 0.0527778
0 0.709766 0.24375 0.00859375 0.0375
0 0.337109 0.298611 0.0101562 0.05
1 0.433203 0.231944 0.0117188 0.0361111
0 0.209766 0.270833 0.0101562 0.0416667
0 0.142578 0.477778 0.0132813 0.0583333
1 0.577734 0.552083 0.0132813 0.0652778
