0 0.50625 0.264583 0.0140625 0.0347222
0 0.508984 0.288194 0.0117188 0.0430556
0 0.611719 0.275 0.0125 0.0333333
0 0.678906 0.322917 0.0109375 0.0347222
1 0.515234 0.277778 0.00703125 0.0333333
0 0.505859 0.261806 0.00703125 0.0263889
1 0.612891 0.275 0.0117188 0.0361111
0 0.509375 0.298611 0.0078125 0.0305556
0 0.406641 0.311111 0.00703125 0.0416667
1 0.546484 0.280556 0.00703125 0.0361111
1 0.692578 0.346528 0.0101562 0.0430556
0 0.583203 0.25 0.00859375 0.0333333
1 0.794531 0.388194 0.009375 0.0486111
1 0.461328 0.346528 0.0101562 0.0375
1 0.592188 0.348611 0.009375 0.0416667
0 0.533984 0.359028 0.00859375 0.0458333
0 0.304688 0.368056 0.009375 0.0416667
0 0.773438 0.378472 0.009375 0.0430556
1 0.814453 0.474306 0.0117188 0.0513889
0 0.607422 0.442361 0.0117188 0.0541667
1 0.753516 0.30625 0.00859375 0.0375
0 0.284375 0.49375 0.0125 0.0541667
1 0.578125 0.518056 0.0125 0.0555556
4 0.105078 0.329861 0.0882813 0.0958333
