0 0.545703 0.225 0.0101562 0.0416667
0 0.269922 0.208333 0.00859375 0.0333333
0 0.420312 0.264583 0.0078125 0.0319444
0 0.555078 0.28125 0.00859375 0.0347222
1 0.430078 0.270139 0.00859375 0.0347222
1 0.541797 0.233333 0.0117188 0.0388889
0 0.589063 0.20625 0.0078125 0.0319444
1 0.860547 0.370139 0.0148437 0.0430556
0 0.304688 0.240972 0.0078125 0.0375
0 0.576953 0.307639 0.0117188 0.0402778
0 0.848437 0.394444 0.0109375 0.0388889
1 0.661328 0.256944 0.0132813 0.0388889
1 0.424609 0.325 0.0101562 0.0416667
0 0.446875 0.371528 0.015625 0.0402778
0 0.215625 0.420139 0.0125 0.0513889
1 0.686328 0.292361 0.0132813 0.0402778
1 0.608984 0.278472 0.00859375 0.0402778
1 0.596875 0.334028 0.0125 0.0486111
0 0.21875 0.313194 0.0125 0.0486111
1 0.791406 0.461111 0.0171875 0.0583333
1 0.470703 0.2625 0.00859375 0.0361111
0 0.362109 0.570139 0.0164062 0.0625
