0 0.613281 0.291667 0.009375 0.0361111
1 0.539062 0.316667 0.00625 0.0277778
0 0.159766 0.265972 0.00859375 0.0263889
1 0.536328 0.315278 0.00859375 0.0361111
0 0.707812 0.344444 0.009375 0.0416667
1 0.610937 0.301389 0.0078125 0.0333333
1 0.557031 0.306944 0.0078125 0.0305556
0 0.637891 0.304167 0.00703125 0.0277778
1 0.597656 0.333333 0.009375 0.0388889
0 0.608984 0.372917 0.00859375 0.0375
1 0.628125 0.339583 0.0078125 0.0319444
0 0.729297 0.340278 0.00859375 0.0277778
1 0.683594 0.366667 0.009375 0.0416667
0 0.200781 0.336806 0.009375 0.0375
0 0.0988281 0.425694 0.0117188 0.0486111
0 0.51875 0.407639 0.009375 0.0430556
0 0.173828 0.475694 0.0101562 0.0486111
1 0.566406 0.434722 0.009375 0.0416667
1 0.152344 0.414583 0.0125 0.0430556
0 0.338281 0.35625 0.009375 0.0375
0 0.2375 0.561806 0.0140625 0.0569444
1 0.725781 0.420833 0.009375 0.0416667
1 0.250781 0.449306 0.0109375 0.0430556
4 0.808203 0.313194 0.0695312 0.0819444
