0 0.428125 0.468056 0.009375 0.0416667
0 0.921875 0.418056 0.015625 0.05
1 0.582031 0.238889 0.0078125 0.0305556
1 0.394922 0.236111 0.00703125 0.0305556
1 0.441016 0.420833 0.00859375 0.0444444
1 0.249219 0.353472 0.009375 0.0402778
1 0.409766 0.799306 0.0132813 0.0708333
1 0.214453 0.438194 0.00859375 0.0402778
0 0.416406 0.236806 0.0078125 0.0375
0 0.181641 0.365278 0.0132813 0.0444444
0 0.413672 0.355556 0.00859375 0.0416667
1 0.715234 0.309722 0.0101562 0.0388889
0 0.653125 0.304861 0.009375 0.0375
0 0.605469 0.546528 0.0125 0.0541667
0 0.71875 0.448611 0.0125 0.05
0 0.271484 0.297222 0.00859375 0.0388889
1 0.668359 0.35 0.0117188 0.0388889
0 0.164062 0.459722 0.0109375 0.0527778
0 0.23125 0.583333 0.015625 0.0555556
1 0.946875 0.522917 0.0125 0.0541667
0 0.383203 0.44375 0.0117188 0.0513889
1 0.304688 0.327083 0.0078125 0.0402778
4 0.966797 0.307639 0.0648438 0.0902778
