1 0.776563 0.273611 0.0125 0.0333333
0 0.302344 0.19375 0.009375 0.0347222
0 0.633984 0.219444 0.00859375 0.0361111
1 0.542188 0.217361 0.009375 0.0347222
1 0.310937 0.306944 0.009375 0.0444444
0 0.783203 0.301389 0.0117188 0.0361111
1 0.294531 0.261806 0.009375 0.0402778
0 0.378125 0.219444 0.0078125 0.0333333
0 0.520312 0.420139 0.009375 0.0513889
1 0.676172 0.291667 0.0117188 0.0444444
1 0.680859 0.227778 0.00859375 0.0361111
0 0.707812 0.244444 0.009375 0.0388889
0 0.336328 0.297222 0.00859375 0.0444444
1 0.735937 0.406944 0.015625 0.0527778
0 0.212109 0.270833 0.0101562 0.0444444
1 0.430078 0.229861 0.00859375 0.0375
1 0.530078 0.372917 0.0101562 0.0486111
0 0.127344 0.3625 0.009375 0.0472222
0 0.142578 0.478472 0.0148437 0.0597222
1 0.579297 0.551389 0.0132813 0.0638889
