1 0.725 0.305556 0.009375 0.0527778
0 0.585156 0.222917 0.0109375 0.0402778
1 0.723437 0.319444 0.0078125 0.0388889
1 0.701563 0.250694 0.009375 0.0458333
0 0.408203 0.202083 0.00859375 0.0347222
0 0.585547 0.199306 0.00859375 0.0402778
1 0.564453 0.208333 0.0117188 0.0388889
1 0.407031 0.235417 0.009375 0.0375
0 0.726953 0.292361 0.00859375 0.0458333
1 0.470703 0.253472 0.00859375 0.0402778
0 0.336328 0.259028 0.0132813 0.0458333
0 0.584766 0.241667 0.00859375 0.0444444
1 0.492578 0.311806 0.0101562 0.0513889
0 0.449609 0.258333 0.0117188 0.0416667
1 0.736719 0.416667 0.0125 0.0583333
0 0.0300781 0.41875 0.0101562 0.0569444
0 0.436328 0.327778 0.0117188 0.0583333
1 0.539062 0.5125 0.0140625 0.0611111
1 0.664453 0.284028 0.00859375 0.0458333
0 0.0863281 0.570833 0.0148437 0.0666667
1 0.229297 0.385417 0.0117188 0.0513889
0 0.583594 0.449306 0.015625 0.0597222
