0 0.555078 0.25 0.00859375 0.0333333
1 0.574219 0.264583 0.009375 0.0347222
0 0.710156 0.318056 0.0078125 0.0416667
1 0.584375 0.30625 0.009375 0.0375
0 0.221875 0.291667 0.0078125 0.0361111
1 0.710156 0.317361 0.0078125 0.0375
1 0.663281 0.273611 0.009375 0.0333333
0 0.785156 0.279861 0.0078125 0.0291667
0 0.622266 0.320833 0.0117188 0.0361111
1 0.228125 0.324306 0.0078125 0.0319444
1 0.780078 0.341667 0.0132813 0.0361111
1 0.517578 0.352778 0.0101562 0.0416667
0 0.708594 0.361111 0.0078125 0.0333333
0 0.464063 0.355556 0.0125 0.0416667
1 0.692578 0.425 0.0117188 0.0416667
0 0.355078 0.30625 0.0101562 0.0375
1 0.236719 0.399306 0.0109375 0.0458333
0 0.125 0.354167 0.0109375 0.0444444
1 0.445312 0.294444 0.009375 0.0416667
0 0.151953 0.416667 0.0101562 0.05
0 0.257422 0.488889 0.0132813 0.0555556
4 0.919922 0.333333 0.0851562 0.0944444
