0 0.429688 0.502083 0.0140625 0.0347222
0 0.518359 0.320139 0.00859375 0.0347222
0 0.444141 0.384028 0.0164062 0.0347222
0 0.686719 0.252083 0.0078125 0.0347222
1 0.651953 0.261111 0.00703125 0.0333333
1 0.398047 0.341667 0.00859375 0.0416667
0 0.4875 0.447917 0.0140625 0.0430556
0 0.436719 0.511806 0.0203125 0.0541667
0 0.246094 0.453472 0.015625 0.0486111
0 0.750391 0.486111 0.0117188 0.0555556
1 0.751172 0.566667 0.0117188 0.0638889
0 0.719922 0.310417 0.0101562 0.0402778
0 0.304688 0.359028 0.0109375 0.0430556
1 0.646094 0.323611 0.009375 0.0416667
1 0.589063 0.397917 0.0109375 0.0430556
0 0.373828 0.270139 0.00859375 0.0347222
1 0.408203 0.421528 0.0132813 0.0375
0 0.89375 0.715972 0.0171875 0.0680556
1 0.721094 0.390278 0.009375 0.0472222
1 0.761328 0.440278 0.0117188 0.05
1 0.444141 0.461806 0.0148437 0.0458333
1 0.554297 0.361111 0.0101562 0.0388889
