0 0.292578 0.158333 0.00859375 0.0361111
1 0.529297 0.184722 0.0101562 0.0305556
0 0.568359 0.241667 0.0101562 0.0472222
1 0.451562 0.183333 0.0125 0.0416667
1 0.448828 0.195139 0.0117188 0.0375
0 0.53125 0.183333 0.0125 0.0333333
0 0.741797 0.284722 0.00859375 0.0555556
0 0.460547 0.223611 0.0101562 0.0361111
0 0.595703 0.184028 0.00859375 0.0291667
1 0.447266 0.225694 0.00859375 0.0319444
1 0.658203 0.19375 0.00859375 0.0402778
0 0.587109 0.388194 0.0117188 0.0541667
1 0.518359 0.189583 0.0117188 0.0347222
0 0.407813 0.177083 0.009375 0.0375
1 0.742188 0.282639 0.009375 0.0513889
1 0.598047 0.509028 0.0132813 0.0625
0 0.192578 0.231944 0.0117188 0.0444444
1 0.577734 0.315972 0.0101562 0.0513889
1 0.723828 0.218056 0.0101562 0.0416667
1 0.744141 0.382639 0.0117188 0.0569444
0 0.715234 0.29375 0.0101562 0.0513889
0 0.199609 0.559028 0.0148437 0.0708333
0 0.128906 0.366667 0.0140625 0.0527778
0 0.367969 0.307639 0.0125 0.0486111
1 0.396484 0.277083 0.0148437 0.0430556
