1 0.551953 0.361111 0.0117188 0.0416667
1 0.795703 0.517361 0.0132813 0.0430556
1 0.735547 0.276389 0.00859375 0.0305556
1 0.842969 0.424306 0.0109375 0.0486111
0 0.444141 0.325694 0.00859375 0.0347222
1 0.698828 0.300694 0.0101562 0.0375
0 0.610547 0.242361 0.00859375 0.0319444
0 0.650391 0.240972 0.0148437 0.0291667
0 0.325781 0.291667 0.0125 0.0388889
0 0.852344 0.452778 0.0109375 0.05
1 0.778125 0.55625 0.01875 0.0513889
0 0.306641 0.426389 0.0132813 0.0444444
0 0.314063 0.570833 0.0125 0.0583333
0 0.266797 0.365972 0.0101562 0.0458333
1 0.528516 0.354167 0.0101562 0.0444444
1 0.648047 0.520139 0.0132813 0.0569444
0 0.819141 0.4625 0.0148437 0.0472222
1 0.247266 0.499306 0.0117188 0.0541667
0 0.539062 0.456944 0.015625 0.05
1 0.7375 0.403472 0.0125 0.0458333
1 0.125781 0.377083 0.0109375 0.0430556
