1 0.573828 0.24375 0.0117188 0.0402778
1 0.652734 0.214583 0.00859375 0.0319444
1 0.625 0.315278 0.015625 0.0472222
0 0.357422 0.215278 0.00859375 0.0361111
0 0.704297 0.2125 0.00859375 0.0388889
1 0.739844 0.281944 0.0140625 0.0388889
0 0.614453 0.207639 0.0101562 0.0375
1 0.723828 0.239583 0.0101562 0.0402778
0 0.430859 0.349306 0.0117188 0.0513889
1 0.659375 0.251389 0.0109375 0.0361111
1 0.482812 0.301389 0.0109375 0.0472222
0 0.685156 0.278472 0.009375 0.0375
1 0.810156 0.376389 0.0140625 0.05
1 0.441406 0.240278 0.0125 0.0388889
0 0.519922 0.244444 0.00859375 0.0416667
0 0.744141 0.386806 0.0148437 0.0486111
0 0.246094 0.284028 0.0125 0.0458333
1 0.761328 0.465278 0.0164062 0.0527778
0 0.361328 0.593056 0.0164062 0.0638889
0 0.201172 0.400694 0.0195312 0.0513889
