0 0.477344 0.270833 0.00625 0.0222222
1 0.854688 0.519444 0.01875 0.0805556
1 0.527734 0.271528 0.00859375 0.0319444
0 0.549219 0.299306 0.0078125 0.0319444
0 0.457812 0.3 0.0078125 0.0388889
0 0.61875 0.280556 0.0078125 0.0361111
0 0.604688 0.254167 0.009375 0.0333333
1 0.502344 0.336111 0.0078125 0.0388889
1 0.560547 0.26875 0.00859375 0.0347222
1 0.644922 0.277083 0.0101562 0.0375
1 0.84375 0.415278 0.0109375 0.0527778
0 0.558594 0.358333 0.009375 0.0444444
0 0.591406 0.423611 0.009375 0.0444444
0 0.389844 0.355556 0.0078125 0.0416667
1 0.7375 0.352083 0.009375 0.0430556
1 0.617969 0.510417 0.0140625 0.0597222
1 0.81875 0.315972 0.009375 0.0402778
0 0.817187 0.40625 0.009375 0.0486111
1 0.620703 0.35 0.0101562 0.0444444
0 0.354297 0.465278 0.0101562 0.0611111
1 0.85 0.504861 0.0171875 0.0541667
4 0.173047 0.324306 0.0882813 0.0902778
