0 0.240234 0.213194 0.00703125 0.0263889
1 0.585938 0.251389 0.00625 0.0333333
1 0.6625 0.297222 0.0078125 0.0333333
0 0.586328 0.252778 0.00703125 0.0333333
1 0.490625 0.378472 0.009375 0.0458333
1 0.408594 0.239583 0.0078125 0.0319444
0 0.663281 0.501389 0.0125 0.0527778
0 0.253906 0.277778 0.0078125 0.0361111
0 0.446484 0.227083 0.00859375 0.0319444
0 0.172266 0.459722 0.0117188 0.05
0 0.655469 0.401389 0.009375 0.0444444
0 0.351172 0.349306 0.00859375 0.0430556
1 0.326953 0.309028 0.00859375 0.0375
0 0.416406 0.43125 0.009375 0.0486111
1 0.797266 0.421528 0.0148437 0.0430556
1 0.555469 0.333333 0.0109375 0.0416667
1 0.599219 0.689583 0.015625 0.0652778
0 0.188672 0.352083 0.0101562 0.0430556
1 0.280469 0.321528 0.0109375 0.0375
0 0.296484 0.548611 0.0132813 0.0583333
1 0.266797 0.459028 0.0117188 0.0486111
4 0.935547 0.3 0.0804688 0.0916667
