0 0.327734 0.360417 0.0117188 0.0375
1 0.522656 0.405556 0.015625 0.0583333
1 0.249219 0.327083 0.0109375 0.0347222
1 0.248047 0.315278 0.0117188 0.0388889
0 0.245703 0.344444 0.0101562 0.0361111
4 0.0265625 0.272222 0.053125 0.0805556
0 0.200391 0.325694 0.0101562 0.0402778
1 0.531641 0.394444 0.0148437 0.05
1 0.232812 0.279167 0.0078125 0.0305556
0 0.0941406 0.378472 0.0101562 0.0375
0 0.651563 0.300694 0.0109375 0.0402778
0 0.166406 0.398611 0.0140625 0.0444444
1 0.078125 0.409722 0.0109375 0.0444444
1 0.523047 0.247222 0.0117188 0.0361111
0 0.566797 0.29375 0.0132813 0.0402778
1 0.507422 0.422917 0.0132813 0.0513889
1 0.347266 0.506944 0.0148437 0.0555556
1 0.721094 0.352778 0.0109375 0.0472222
0 0.372266 0.354861 0.0101562 0.0430556
1 0.758203 0.415972 0.0164062 0.0513889
0 0.667969 0.520833 0.0125 0.0555556
1 0.79375 0.535417 0.0203125 0.0625
0 0.490625 0.613889 0.0140625 0.0583333
