0 0.176953 0.340972 0.00859375 0.0347222
0 0.392188 0.416667 0.0140625 0.0416667
0 0.301172 0.302083 0.00703125 0.0319444
0 0.337109 0.7375 0.0164062 0.0555556
0 0.135547 0.507639 0.0148437 0.0541667
0 0.386719 0.358333 0.0109375 0.0416667
0 0.340625 0.445139 0.0109375 0.0541667
1 0.737891 0.754167 0.0226563 0.075
0 0.220313 0.430556 0.0109375 0.0472222
0 0.656641 0.363889 0.0132813 0.0416667
0 0.601172 0.813889 0.0226563 0.0777778
1 0.491406 0.436111 0.0109375 0.0472222
1 0.347656 0.574306 0.0125 0.0569444
0 0.542969 0.326389 0.0140625 0.0444444
1 0.484375 0.606944 0.015625 0.0638889
0 0.247266 0.352083 0.0101562 0.0458333
1 0.767578 0.403472 0.0132813 0.0486111
1 0.504687 0.339583 0.01875 0.0458333
1 0.180469 0.439583 0.0125 0.0430556
1 0.213281 0.329861 0.0109375 0.0430556
1 0.313281 0.420139 0.015625 0.0486111
1 0.785156 0.520833 0.01875 0.0583333
4 0.0542969 0.289583 0.0804688 0.0930556
