0 0.682422 0.345139 0.00859375 0.0375
1 0.508594 0.317361 0.0125 0.0430556
0 0.996484 0.584722 0.00546875 0.0333333
0 0.603906 0.310417 0.009375 0.0319444
1 0.567969 0.304861 0.009375 0.0319444
0 0.689062 0.358333 0.009375 0.05
0 0.537891 0.295833 0.0101562 0.0333333
0 0.571484 0.388194 0.00859375 0.0402778
0 0.196094 0.340278 0.0078125 0.0388889
1 0.608203 0.343056 0.00859375 0.0333333
1 0.556641 0.344444 0.00859375 0.0361111
0 0.0933594 0.429167 0.0101562 0.0444444
1 0.185547 0.428472 0.0117188 0.0375
1 0.509766 0.44375 0.00859375 0.0430556
1 0.66875 0.3875 0.009375 0.0416667
0 0.154687 0.475694 0.0109375 0.0458333
1 0.246875 0.429167 0.0109375 0.0416667
0 0.219922 0.572222 0.0117188 0.0583333
1 0.703125 0.459722 0.009375 0.0416667
0 0.467187 0.416667 0.009375 0.0444444
0 0.321094 0.361806 0.0109375 0.0347222
4 0.792578 0.316667 0.0789063 0.0833333
