1 0.607422 0.795833 0.0210938 0.075
1 0.593359 0.8625 0.0210938 0.0833333
0 0.588672 0.722917 0.0210938 0.0680556
0 0.687109 0.884722 0.0242187 0.0861111
1 0.563281 0.33125 0.0109375 0.0458333
1 0.114844 0.343056 0.0078125 0.0472222
0 0.376563 0.477083 0.0125 0.0513889
0 0.711719 0.311806 0.0140625 0.0458333
0 0.545703 0.294444 0.0101562 0.0388889
0 0.199219 0.444444 0.0125 0.0583333
0 0.229297 0.356944 0.0117188 0.0472222
0 0.269141 0.293056 0.00859375 0.0388889
0 0.141797 0.58125 0.0179687 0.0625
1 0.123438 0.497917 0.0125 0.0541667
1 0.771875 0.380556 0.015625 0.0472222
0 0.376953 0.359722 0.0101562 0.0472222
1 0.358594 0.415278 0.0171875 0.05
1 0.564844 0.453472 0.0125 0.0513889
1 0.482812 0.667361 0.0171875 0.0708333
1 0.765234 0.599306 0.0257812 0.0680556
