0 0.901953 0.334028 0.0117188 0.0513889
0 0.902734 0.311111 0.0117188 0.0444444
1 0.535547 0.207639 0.00703125 0.0347222
0 0.522656 0.232639 0.0078125 0.0375
1 0.769141 0.300694 0.0117188 0.0402778
1 0.439453 0.416667 0.0101562 0.05
0 0.720703 0.365972 0.00859375 0.0458333
1 0.506641 0.270139 0.0101562 0.0375
0 0.200781 0.347222 0.0109375 0.05
1 0.725781 0.606944 0.0140625 0.0638889
0 0.708984 0.288194 0.00859375 0.0402778
1 0.660547 0.225 0.00859375 0.0361111
1 0.937109 0.443056 0.0148437 0.0555556
0 0.170703 0.431944 0.0132813 0.0555556
0 0.323047 0.253472 0.00859375 0.0375
1 0.603906 0.34375 0.009375 0.0458333
0 0.409375 0.390972 0.0109375 0.0486111
0 0.378906 0.304861 0.0078125 0.0402778
0 0.242578 0.518056 0.0117188 0.0611111
0 0.654297 0.503472 0.0117188 0.0597222
1 0.280469 0.451389 0.0140625 0.0555556
1 0.240625 0.369444 0.0125 0.0472222
