0 0.472656 0.422917 0.009375 0.0513889
0 0.404297 0.420833 0.0132813 0.0555556
0 0.265234 0.181944 0.00703125 0.025
1 0.516797 0.208333 0.00859375 0.0333333
1 0.7 0.226389 0.0078125 0.0333333
0 0.700781 0.296528 0.009375 0.0430556
1 0.487891 0.270833 0.0101562 0.0388889
1 0.754687 0.310417 0.009375 0.0402778
1 0.699219 0.656944 0.0140625 0.0666667
0 0.6125 0.51875 0.015625 0.0569444
0 0.516016 0.247917 0.00703125 0.0375
0 0.326953 0.257639 0.00859375 0.0375
0 0.729688 0.385417 0.0109375 0.0486111
0 0.188281 0.3625 0.0125 0.0472222
1 0.403906 0.427083 0.0109375 0.0513889
0 0.3875 0.399306 0.0109375 0.0541667
1 0.254687 0.481944 0.01875 0.0583333
1 0.226562 0.388889 0.0109375 0.0444444
0 0.232031 0.526389 0.01875 0.0583333
0 0.378516 0.305556 0.00859375 0.0388889
0 0.166797 0.44375 0.0132813 0.0541667
1 0.920703 0.465278 0.0164062 0.0527778
1 0.601953 0.359722 0.0117188 0.0444444
