0 0.473437 0.40625 0.009375 0.0458333
0 0.910547 0.324306 0.0101562 0.0430556
1 0.524609 0.208333 0.00859375 0.0305556
0 0.517969 0.240278 0.0078125 0.0388889
1 0.664062 0.228472 0.0109375 0.0319444
1 0.496875 0.269444 0.0109375 0.0388889
1 0.605469 0.355556 0.009375 0.0444444
0 0.324609 0.257639 0.0101562 0.0375
0 0.729688 0.378472 0.0109375 0.0486111
0 0.701563 0.29375 0.0109375 0.0375
1 0.420703 0.422917 0.0101562 0.0486111
1 0.272656 0.468056 0.0140625 0.0555556
1 0.759375 0.304861 0.009375 0.0402778
0 0.196094 0.355556 0.0109375 0.05
1 0.716016 0.630556 0.0132813 0.0611111
0 0.372266 0.310417 0.00859375 0.0402778
0 0.169141 0.443056 0.0117188 0.0527778
1 0.930469 0.456944 0.0125 0.0555556
0 0.395703 0.395139 0.0117188 0.0541667
0 0.240234 0.518056 0.0117188 0.0583333
0 0.630078 0.513194 0.0148437 0.0541667
1 0.232422 0.378472 0.0117188 0.0458333
