0 0.900781 0.372222 0.0125 0.0333333
1 0.313672 0.295139 0.0132813 0.0291667
1 0.194922 0.229167 0.00703125 0.0305556
1 0.548828 0.340972 0.00859375 0.0430556
0 0.323438 0.333333 0.009375 0.0416667
1 0.326562 0.303472 0.0078125 0.0347222
1 0.551562 0.352778 0.0078125 0.0361111
1 0.573047 0.276389 0.00703125 0.0333333
1 0.309375 0.296528 0.0078125 0.0347222
1 0.421484 0.252778 0.00859375 0.0305556
1 0.725391 0.377083 0.0101562 0.0458333
0 0.533203 0.254167 0.00859375 0.0333333
0 0.449609 0.229167 0.00703125 0.0305556
1 0.545313 0.325694 0.0078125 0.0319444
0 0.229297 0.276389 0.00859375 0.0333333
1 0.378125 0.413194 0.0109375 0.0486111
0 0.467969 0.4125 0.0109375 0.0416667
1 0.627734 0.308333 0.00859375 0.0361111
0 0.665234 0.420139 0.00859375 0.0402778
0 0.154297 0.353472 0.0117188 0.0458333
0 0.1875 0.449306 0.0140625 0.0513889
0 0.591016 0.383333 0.00859375 0.0444444
1 0.721484 0.518056 0.0117188 0.0472222
0 0.336719 0.554861 0.015625 0.0569444
4 0.912109 0.30625 0.0835937 0.0930556
