0 0.379687 0.219444 0.0078125 0.0361111
0 0.383984 0.222917 0.0164062 0.0430556
1 0.390234 0.227778 0.00859375 0.0361111
0 0.658984 0.197222 0.0101562 0.0361111
1 0.740625 0.3875 0.0109375 0.0527778
1 0.735156 0.225 0.0078125 0.0388889
0 0.182422 0.233333 0.00859375 0.0444444
1 0.707031 0.209028 0.009375 0.0347222
0 0.5375 0.198611 0.0078125 0.0388889
1 0.766016 0.2875 0.0101562 0.05
0 0.409766 0.181944 0.00859375 0.0361111
1 0.3625 0.284028 0.009375 0.0458333
0 0.100781 0.364583 0.0109375 0.0513889
0 0.725781 0.295833 0.0109375 0.05
0 0.607813 0.390278 0.0109375 0.0472222
1 0.570312 0.336111 0.009375 0.0527778
1 0.585938 0.220833 0.009375 0.0388889
0 0.339844 0.3 0.0125 0.0527778
1 0.489844 0.213194 0.009375 0.0375
1 0.594531 0.508333 0.015625 0.0527778
0 0.160156 0.541667 0.0140625 0.0694444
