0 0.732813 0.254167 0.00625 0.0305556
1 0.558984 0.263194 0.00703125 0.0291667
0 0.587109 0.459028 0.0117188 0.0430556
1 0.721094 0.345833 0.009375 0.0388889
1 0.474219 0.332639 0.0078125 0.0375
1 0.666406 0.297222 0.0078125 0.0305556
0 0.634375 0.318056 0.0078125 0.0333333
0 0.905469 0.473611 0.009375 0.0388889
1 0.231641 0.345833 0.00859375 0.0333333
0 0.716406 0.394444 0.009375 0.0388889
0 0.216797 0.304861 0.00859375 0.0319444
0 0.208203 0.472222 0.0117188 0.0472222
0 0.34375 0.345139 0.009375 0.0375
1 0.629297 0.35 0.00859375 0.0416667
1 0.289453 0.457639 0.0117188 0.0458333
1 0.932813 0.498611 0.0140625 0.05
1 0.624609 0.463194 0.0117188 0.0486111
0 0.515625 0.540278 0.0125 0.0472222
0 0.121875 0.375 0.0109375 0.0388889
4 0.834375 0.311806 0.075 0.0875
