0 0.487109 0.440278 0.0148437 0.0527778
0 0.768359 0.781944 0.0179687 0.0583333
1 0.615234 0.778472 0.0195312 0.0486111
1 0.652344 0.761111 0.01875 0.0861111
1 0.6125 0.798611 0.0171875 0.075
0 0.765234 0.804167 0.0179687 0.0805556
0 0.544141 0.290972 0.0132813 0.0402778
1 0.381641 0.410417 0.0132813 0.0513889
1 0.768359 0.379861 0.0117188 0.0513889
0 0.376563 0.363889 0.0140625 0.0416667
0 0.161719 0.601389 0.0140625 0.0638889
0 0.271484 0.288194 0.0117188 0.0430556
1 0.104687 0.347917 0.0109375 0.0430556
0 0.715625 0.299306 0.009375 0.0430556
0 0.201172 0.44375 0.0148437 0.0541667
0 0.236719 0.356944 0.015625 0.05
0 0.390625 0.497917 0.0171875 0.0569444
0 0.617969 0.621528 0.0171875 0.0569444
1 0.119922 0.517361 0.0132813 0.0569444
1 0.789453 0.605556 0.0195312 0.0694444
1 0.535156 0.675694 0.0265625 0.0680556
1 0.583594 0.326389 0.015625 0.0444444
1 0.584766 0.477083 0.0179687 0.0458333
