0 0.534766 0.255556 0.00703125 0.0305556
0 0.602344 0.250694 0.0078125 0.0347222
1 0.642578 0.269444 0.00859375 0.0416667
1 0.608984 0.338194 0.00859375 0.0430556
0 0.620313 0.278472 0.0078125 0.0402778
1 0.831641 0.309722 0.00859375 0.0444444
0 0.547266 0.2875 0.00859375 0.0388889
1 0.512891 0.261111 0.00703125 0.0305556
0 0.3625 0.450694 0.0109375 0.0541667
0 0.459375 0.289583 0.0078125 0.0402778
1 0.492969 0.334028 0.009375 0.0430556
0 0.55625 0.406944 0.009375 0.0416667
0 0.554297 0.349306 0.0117188 0.0430556
1 0.853125 0.417361 0.009375 0.0513889
0 0.395312 0.348611 0.009375 0.0416667
1 0.742969 0.346528 0.009375 0.0430556
1 0.613672 0.495833 0.0132813 0.0555556
0 0.817969 0.413194 0.0109375 0.0486111
1 0.845312 0.506944 0.01875 0.0555556
4 0.179688 0.31875 0.090625 0.0930556
