0 0.549609 0.256944 0.00859375 0.0333333
1 0.401953 0.245833 0.00859375 0.0333333
1 0.314844 0.306944 0.0078125 0.0361111
1 0.544141 0.334028 0.00859375 0.0402778
1 0.641797 0.302083 0.00859375 0.0347222
1 0.658594 0.620139 0.0140625 0.0541667
1 0.509375 0.368056 0.0078125 0.0444444
1 0.571094 0.261806 0.0078125 0.0347222
0 0.438281 0.227083 0.0078125 0.0319444
0 0.617969 0.395139 0.009375 0.0486111
0 0.328906 0.352083 0.0078125 0.0402778
1 0.28125 0.315278 0.009375 0.0333333
0 0.426953 0.432639 0.0101562 0.0541667
0 0.174609 0.465972 0.0148437 0.0513889
1 0.311328 0.452778 0.0132813 0.0472222
0 0.236328 0.283333 0.00859375 0.0333333
0 0.303906 0.551389 0.015625 0.0583333
0 0.656641 0.481944 0.0117188 0.0527778
0 0.171484 0.354861 0.0101562 0.0402778
1 0.746094 0.396528 0.009375 0.0430556
4 0.910937 0.302083 0.08125 0.0930556
