0 0.730469 0.327083 0.009375 0.0347222
0 0.439063 0.243056 0.009375 0.0361111
0 0.561719 0.242361 0.0109375 0.0430556
0 0.733984 0.341667 0.0101562 0.0416667
1 0.733984 0.341667 0.0101562 0.0388889
0 0.570312 0.226389 0.009375 0.0361111
0 0.577344 0.449306 0.009375 0.0458333
1 0.442187 0.268056 0.0109375 0.0472222
0 0.440625 0.234028 0.009375 0.0347222
1 0.560938 0.245139 0.0109375 0.0375
1 0.691797 0.275694 0.00859375 0.0486111
0 0.441797 0.276389 0.0101562 0.0361111
0 0.573828 0.444444 0.0117188 0.0555556
0 0.723437 0.332639 0.009375 0.0458333
1 0.495703 0.265972 0.00859375 0.0402778
0 0.585156 0.258333 0.009375 0.0333333
4 0.0113281 0.310417 0.0226563 0.0930556
1 0.648438 0.320139 0.009375 0.0402778
0 0.346484 0.284028 0.00859375 0.0458333
1 0.744922 0.438889 0.0132813 0.0555556
1 0.517969 0.328472 0.009375 0.0458333
0 0.473437 0.338194 0.009375 0.0430556
0 0.122656 0.4 0.0125 0.05
1 0.316406 0.370833 0.009375 0.05
1 0.521094 0.510417 0.0140625 0.0597222
0 0.159766 0.529861 0.0132813 0.0625
