0 0.378516 0.449306 0.0117188 0.0513889
0 0.154687 0.379861 0.009375 0.0402778
0 0.682813 0.301389 0.0109375 0.0361111
0 0.156641 0.407639 0.0117188 0.0375
1 0.155469 0.38125 0.009375 0.0375
1 0.283984 0.405556 0.0101562 0.0444444
1 0.680078 0.320139 0.0132813 0.0430556
0 0.300781 0.379167 0.0109375 0.0444444
1 0.485938 0.329861 0.009375 0.0430556
1 0.385547 0.204861 0.00859375 0.0319444
0 0.491016 0.230556 0.00859375 0.0333333
1 0.305469 0.283333 0.0078125 0.0416667
0 0.250781 0.280556 0.0109375 0.0361111
1 0.203516 0.352083 0.00859375 0.0430556
0 0.146094 0.478472 0.0140625 0.0541667
1 0.855859 0.572222 0.0148437 0.0611111
0 0.174609 0.349306 0.0117188 0.0430556
0 0.386719 0.5125 0.0140625 0.0583333
1 0.596094 0.225 0.0078125 0.0361111
0 0.359375 0.294444 0.009375 0.0361111
1 0.230078 0.648611 0.0210938 0.0666667
0 0.770703 0.404861 0.0164062 0.0458333
