0 0.246094 0.311111 0.0078125 0.0361111
0 0.470703 0.250694 0.0101562 0.0402778
1 0.471094 0.250694 0.0109375 0.0375
1 0.492578 0.254167 0.00859375 0.0333333
1 0.400391 0.322917 0.00859375 0.0458333
1 0.619141 0.253472 0.0101562 0.0402778
0 0.512891 0.272917 0.00859375 0.0375
0 0.594922 0.249306 0.00859375 0.0347222
0 0.453516 0.268056 0.00859375 0.0416667
0 0.483203 0.31875 0.00859375 0.0402778
0 0.635547 0.277778 0.00859375 0.0416667
0 0.376172 0.315972 0.00859375 0.0430556
1 0.838672 0.315972 0.0101562 0.0430556
1 0.747266 0.340972 0.0101562 0.0458333
0 0.309375 0.380556 0.0109375 0.0472222
1 0.577344 0.311806 0.009375 0.0458333
1 0.846875 0.425694 0.009375 0.0541667
0 0.449609 0.374306 0.0101562 0.0486111
1 0.783594 0.529167 0.0109375 0.0638889
0 0.771094 0.4375 0.0109375 0.0583333
1 0.446094 0.44375 0.0140625 0.0513889
4 0.183984 0.313889 0.0882813 0.0888889
