0 0.340625 0.488889 0.009375 0.0361111
0 0.350781 0.466667 0.015625 0.0388889
0 0.344922 0.481944 0.0195312 0.0444444
0 0.348828 0.441667 0.0164062 0.0416667
1 0.214844 0.458333 0.015625 0.05
1 0.760547 0.397222 0.0101562 0.0527778
0 0.701563 0.242361 0.009375 0.0402778
1 0.673047 0.240278 0.0117188 0.0388889
0 0.184766 0.43125 0.0132813 0.0486111
0 0.702344 0.278472 0.015625 0.0430556
0 0.245703 0.321528 0.0132813 0.0402778
1 0.539844 0.409028 0.0109375 0.0486111
1 0.501562 0.366667 0.0140625 0.0444444
1 0.775391 0.477083 0.0148437 0.0569444
0 0.841797 0.760417 0.0210938 0.0736111
0 0.402734 0.457639 0.0132813 0.0486111
0 0.700391 0.510417 0.0148437 0.0541667
1 0.727344 0.611111 0.021875 0.0527778
0 0.357812 0.261806 0.0125 0.0402778
1 0.630859 0.315278 0.0132813 0.0416667
1 0.291797 0.325694 0.0101562 0.0402778
