0 0.703125 0.263889 0.0109375 0.0361111
1 0.701563 0.268056 0.009375 0.0361111
0 0.726953 0.304861 0.0101562 0.0486111
1 0.725391 0.319444 0.0101562 0.0472222
0 0.729688 0.288889 0.0109375 0.0444444
0 0.597266 0.2 0.00859375 0.0361111
1 0.481641 0.254167 0.0101562 0.0444444
0 0.410156 0.20625 0.009375 0.0375
1 0.582812 0.20625 0.0109375 0.0402778
1 0.714844 0.25 0.0078125 0.0416667
0 0.466016 0.260417 0.0117188 0.0430556
0 0.592578 0.246528 0.0132813 0.0430556
0 0.34375 0.255556 0.0125 0.0444444
1 0.414453 0.236806 0.0101562 0.0402778
1 0.676172 0.283333 0.00859375 0.0472222
1 0.495703 0.310417 0.0101562 0.0486111
0 0.0324219 0.429167 0.0117188 0.05
0 0.436719 0.330556 0.015625 0.0527778
0 0.598828 0.444444 0.0132813 0.0583333
1 0.740234 0.415972 0.0117188 0.0597222
1 0.241406 0.386806 0.01875 0.0513889
1 0.557813 0.515278 0.021875 0.0611111
0 0.104687 0.574306 0.0203125 0.0652778
