0 0.665234 0.190278 0.0117188 0.0416667
1 0.665234 0.189583 0.0117188 0.0402778
0 0.729688 0.240278 0.009375 0.0388889
0 0.360547 0.160417 0.00859375 0.0319444
1 0.68125 0.260417 0.009375 0.0375
0 0.687891 0.226389 0.0101562 0.0444444
1 0.730078 0.233333 0.00859375 0.0333333
0 0.730078 0.263889 0.0101562 0.0444444
1 0.567969 0.233333 0.0109375 0.0472222
0 0.382812 0.191667 0.009375 0.0388889
1 0.754297 0.302778 0.0117188 0.05
0 0.338672 0.254167 0.0132813 0.0527778
1 0.688672 0.49375 0.0117188 0.0652778
1 0.601562 0.296528 0.009375 0.0513889
0 0.494141 0.288889 0.0117188 0.0527778
1 0.423047 0.221528 0.00859375 0.0430556
0 0.532422 0.249306 0.0101562 0.0430556
0 0.698047 0.350694 0.0117188 0.0541667
1 0.781641 0.368056 0.0117188 0.0583333
0 0.230859 0.365972 0.0132813 0.0569444
1 0.330469 0.357639 0.0171875 0.0569444
0 0.239063 0.484028 0.0140625 0.0652778
