0 0.198047 0.330556 0.0101562 0.0388889
0 0.119531 0.380556 0.01875 0.0555556
0 0.202734 0.313194 0.0101562 0.0319444
1 0.205469 0.305556 0.009375 0.0333333
0 0.123047 0.36875 0.0101562 0.0347222
1 0.196484 0.275694 0.00859375 0.0291667
0 0.217578 0.296528 0.00859375 0.0375
1 0.119531 0.393056 0.0125 0.0388889
1 0.487891 0.248611 0.00859375 0.0333333
0 0.194922 0.3375 0.00859375 0.0333333
0 0.166016 0.315278 0.00859375 0.0361111
0 0.350391 0.342361 0.00859375 0.0375
1 0.749609 0.357639 0.00859375 0.0458333
0 0.107031 0.371528 0.009375 0.0375
1 0.520312 0.420833 0.0140625 0.0527778
0 0.641016 0.311111 0.00859375 0.0416667
0 0.542578 0.29375 0.0101562 0.0402778
1 0.807422 0.546528 0.0117188 0.0652778
0 0.686719 0.544444 0.015625 0.0555556
0 0.430859 0.583333 0.0148437 0.0583333
1 0.312891 0.471528 0.0132813 0.0486111
1 0.500391 0.375 0.0101562 0.0444444
1 0.770703 0.425 0.0164062 0.0583333
4 0.0675781 0.273611 0.0820312 0.0888889
