1 0.733594 0.272917 0.0125 0.0402778
1 0.730078 0.263194 0.0148437 0.0486111
0 0.729688 0.252083 0.0109375 0.0375
1 0.648047 0.233333 0.0117188 0.0361111
1 0.753906 0.286806 0.015625 0.0430556
0 0.271094 0.246528 0.009375 0.0402778
0 0.605859 0.248611 0.0101562 0.0388889
0 0.646094 0.278472 0.009375 0.0375
0 0.439063 0.316667 0.0125 0.0416667
0 0.170703 0.384028 0.0132813 0.0486111
1 0.588281 0.272917 0.0140625 0.0402778
1 0.51875 0.3125 0.0140625 0.0472222
0 0.174219 0.30625 0.0125 0.0458333
0 0.675391 0.338889 0.0148437 0.0444444
1 0.475781 0.265972 0.0109375 0.0430556
1 0.289453 0.272222 0.00859375 0.0388889
0 0.423828 0.26875 0.0148437 0.0402778
1 0.751953 0.346528 0.0117188 0.0486111
0 0.191406 0.4625 0.0140625 0.0583333
1 0.664844 0.447917 0.015625 0.0541667
1 0.257812 0.375 0.0125 0.0527778
