0 0.732813 0.274306 0.009375 0.0375
1 0.508594 0.252083 0.0109375 0.0458333
1 0.721094 0.249306 0.009375 0.0458333
0 0.495703 0.2625 0.0132813 0.05
1 0.732031 0.311806 0.009375 0.0458333
0 0.408203 0.202083 0.00859375 0.0375
1 0.610547 0.201389 0.0101562 0.0388889
1 0.511328 0.313889 0.0117188 0.0527778
1 0.589453 0.518056 0.0117188 0.0638889
1 0.676172 0.281944 0.0101562 0.0444444
0 0.604297 0.245833 0.0117188 0.0444444
1 0.262109 0.38125 0.0117188 0.0541667
1 0.432813 0.236111 0.0109375 0.0361111
0 0.629687 0.416667 0.0140625 0.0555556
0 0.344922 0.246528 0.00859375 0.0458333
0 0.0988281 0.415972 0.0226563 0.0541667
1 0.741406 0.408333 0.0171875 0.0555556
0 0.139062 0.578472 0.021875 0.0680556
0 0.446094 0.334722 0.01875 0.05
