0 0.935938 0.4125 0.0109375 0.0444444
1 0.219922 0.220139 0.00859375 0.0263889
1 0.646094 0.301389 0.0078125 0.0361111
0 0.554688 0.255556 0.0078125 0.0333333
1 0.573828 0.259028 0.00703125 0.0319444
1 0.506641 0.368056 0.0101562 0.0416667
1 0.28125 0.314583 0.009375 0.0347222
0 0.440234 0.228472 0.00859375 0.0291667
1 0.650781 0.631944 0.0125 0.0583333
1 0.403516 0.24375 0.00703125 0.0319444
0 0.173828 0.463889 0.0117188 0.0555556
0 0.240234 0.28125 0.00859375 0.0347222
0 0.330859 0.352083 0.00859375 0.0402778
1 0.752344 0.399306 0.0109375 0.0430556
1 0.317578 0.30625 0.00859375 0.0375
0 0.425391 0.435417 0.0148437 0.0486111
1 0.546484 0.335417 0.00859375 0.0375
0 0.661719 0.486111 0.0109375 0.0555556
0 0.623438 0.395833 0.009375 0.0472222
0 0.175 0.354167 0.0109375 0.0416667
1 0.306641 0.452778 0.0164062 0.0472222
0 0.302344 0.548611 0.0109375 0.0611111
4 0.915234 0.302778 0.0789063 0.0916667
