1 0.264844 0.247222 0.0078125 0.0277778
0 0.748828 0.395139 0.0101562 0.0458333
1 0.696094 0.377083 0.0109375 0.0375
1 0.579687 0.381944 0.0109375 0.0361111
0 0.379297 0.425694 0.0101562 0.0402778
1 0.721484 0.489583 0.0101562 0.0430556
1 0.710938 0.413194 0.0125 0.0430556
0 0.330859 0.308333 0.00859375 0.0305556
0 0.531641 0.540278 0.0117188 0.0416667
1 0.645312 0.306944 0.0078125 0.0305556
1 0.767578 0.404167 0.0117188 0.0388889
0 0.744141 0.477778 0.0101562 0.0444444
0 0.535156 0.497917 0.0125 0.0430556
1 0.626562 0.472222 0.015625 0.0444444
0 0.679297 0.277083 0.00703125 0.0291667
1 0.660937 0.41875 0.0125 0.0430556
0 0.212109 0.402778 0.0101562 0.0444444
1 0.469531 0.468056 0.009375 0.0472222
0 0.867188 0.630556 0.0125 0.0555556
0 0.320312 0.534722 0.0140625 0.05
1 0.346094 0.402778 0.009375 0.0361111
4 0.882031 0.325 0.0734375 0.0833333
