1 0.548828 0.245139 0.00859375 0.0402778
1 0.700391 0.242361 0.00859375 0.0430556
0 0.663281 0.200694 0.009375 0.0375
0 0.626562 0.272917 0.009375 0.0402778
0 0.583203 0.211111 0.00703125 0.0361111
1 0.626562 0.311806 0.009375 0.0430556
1 0.613672 0.21875 0.00859375 0.0375
0 0.350781 0.219444 0.0078125 0.0333333
1 0.452734 0.245139 0.00859375 0.0402778
1 0.472266 0.303472 0.0101562 0.0486111
1 0.721094 0.274306 0.0109375 0.0402778
0 0.369141 0.579167 0.0132813 0.0638889
0 0.491406 0.242361 0.0078125 0.0375
1 0.658984 0.25625 0.00859375 0.0375
0 0.435156 0.346528 0.0109375 0.0430556
0 0.248828 0.289583 0.0117188 0.0486111
0 0.217578 0.401389 0.0117188 0.0527778
1 0.773438 0.459028 0.0125 0.0569444
1 0.833984 0.371528 0.0164062 0.0458333
0 0.809766 0.380556 0.0195312 0.0472222
