1 0.863281 0.347222 0.009375 0.0222222
1 0.629297 0.304861 0.00859375 0.0347222
0 0.724609 0.285417 0.00546875 0.0263889
0 0.878516 0.45 0.0148437 0.0416667
1 0.880078 0.452778 0.0179687 0.0333333
0 0.739453 0.257639 0.00703125 0.0291667
0 0.1875 0.438194 0.0125 0.0430556
0 0.628906 0.304861 0.00625 0.0347222
1 0.647656 0.281944 0.00625 0.0277778
1 0.270312 0.419444 0.009375 0.0333333
1 0.546094 0.263194 0.009375 0.0319444
0 0.200781 0.302083 0.0078125 0.0319444
0 0.544531 0.410417 0.0109375 0.0402778
1 0.592188 0.411806 0.0109375 0.0402778
1 0.708203 0.336111 0.00859375 0.0361111
0 0.337109 0.327778 0.00859375 0.0361111
0 0.683203 0.365972 0.00859375 0.0375
1 0.460547 0.316667 0.0101562 0.0361111
1 0.608594 0.3375 0.0109375 0.0388889
0 0.875781 0.417361 0.009375 0.0347222
0 0.439844 0.519444 0.0125 0.0527778
0 0.0996094 0.373611 0.0101562 0.0472222
1 0.215234 0.339583 0.00859375 0.0319444
4 0.833203 0.3125 0.0773437 0.0888889
