0 0.901563 0.335417 0.0125 0.0486111
0 0.903516 0.30625 0.0101562 0.0319444
1 0.537109 0.205556 0.00703125 0.0333333
0 0.522656 0.230556 0.0078125 0.0361111
1 0.509375 0.270139 0.0078125 0.0375
0 0.718359 0.366667 0.0101562 0.05
1 0.772656 0.297222 0.0109375 0.0416667
0 0.201562 0.345833 0.0125 0.05
1 0.936719 0.441667 0.0140625 0.0555556
1 0.442578 0.415972 0.0148437 0.0486111
1 0.729688 0.600694 0.0140625 0.0652778
0 0.171484 0.432639 0.0117188 0.0541667
0 0.709766 0.285417 0.00859375 0.0430556
1 0.663281 0.226389 0.009375 0.0361111
0 0.241406 0.518056 0.0109375 0.0611111
0 0.380469 0.304167 0.009375 0.0416667
1 0.605078 0.340278 0.0101562 0.05
1 0.280859 0.448611 0.0117188 0.0555556
1 0.242578 0.367361 0.0132813 0.0458333
0 0.412891 0.392361 0.0148437 0.0486111
0 0.322656 0.252083 0.0078125 0.0375
0 0.660156 0.504167 0.0109375 0.0611111
