0 0.591406 0.197222 0.0125 0.0333333
1 0.703906 0.252083 0.009375 0.0430556
0 0.720312 0.265972 0.0109375 0.0486111
1 0.673437 0.195139 0.009375 0.0319444
0 0.645703 0.196528 0.0117188 0.0347222
0 0.35 0.205556 0.0078125 0.0416667
0 0.431641 0.29375 0.0101562 0.0430556
1 0.538281 0.231944 0.009375 0.0444444
1 0.746875 0.284028 0.0140625 0.0458333
1 0.626953 0.239583 0.0101562 0.0375
0 0.462109 0.245139 0.0117188 0.0430556
1 0.379687 0.233333 0.009375 0.0388889
0 0.666797 0.225 0.0101562 0.0361111
1 0.549219 0.282639 0.0140625 0.0430556
1 0.309375 0.349306 0.009375 0.0513889
0 0.668359 0.33125 0.0148437 0.0513889
0 0.257812 0.265278 0.0109375 0.0527778
0 0.217969 0.354861 0.0140625 0.0541667
1 0.757031 0.359028 0.01875 0.0541667
1 0.660547 0.469444 0.0179687 0.0611111
0 0.218359 0.455556 0.0164062 0.0638889
