0 0.489453 0.243056 0.00859375 0.0333333
1 0.583203 0.252083 0.00859375 0.0319444
0 0.46875 0.240278 0.0078125 0.0305556
0 0.486328 0.263889 0.00859375 0.0305556
0 0.322266 0.335417 0.00859375 0.0402778
0 0.516016 0.252083 0.0101562 0.0291667
1 0.336328 0.334028 0.00859375 0.0402778
0 0.282422 0.366667 0.00859375 0.0361111
0 0.659375 0.277778 0.0078125 0.0333333
1 0.51875 0.336111 0.009375 0.0416667
1 0.583984 0.296528 0.00859375 0.0319444
0 0.379687 0.292361 0.0109375 0.0375
0 0.435156 0.375694 0.009375 0.0402778
0 0.405469 0.327083 0.0125 0.0347222
1 0.703516 0.338889 0.00703125 0.0388889
1 0.855859 0.424306 0.0132813 0.0486111
1 0.83125 0.322917 0.0109375 0.0402778
0 0.798437 0.429167 0.0125 0.0472222
1 0.371875 0.436111 0.0140625 0.0472222
1 0.832812 0.509722 0.0125 0.0555556
4 0.171875 0.33125 0.084375 0.0930556
