0 0.9 0.331944 0.0125 0.0527778
0 0.414844 0.404167 0.01875 0.0583333
0 0.901953 0.311111 0.0117188 0.0388889
1 0.532422 0.208333 0.00703125 0.0305556
0 0.520312 0.236111 0.0078125 0.0333333
1 0.505859 0.270139 0.00859375 0.0375
1 0.434766 0.418056 0.0132813 0.05
0 0.720703 0.368056 0.00859375 0.0444444
1 0.723437 0.608333 0.0140625 0.0638889
0 0.70625 0.2875 0.0078125 0.0444444
0 0.323047 0.255556 0.00859375 0.0388889
1 0.280078 0.454861 0.0148437 0.0541667
1 0.603906 0.345139 0.009375 0.0486111
1 0.765234 0.301389 0.0101562 0.0444444
0 0.171875 0.435417 0.015625 0.0513889
1 0.935547 0.445139 0.0132813 0.0569444
0 0.243359 0.51875 0.0117188 0.0569444
1 0.659375 0.226389 0.0078125 0.0388889
0 0.201953 0.350694 0.0132813 0.0458333
0 0.648047 0.505556 0.0164062 0.0555556
0 0.407422 0.396528 0.0148437 0.0486111
0 0.376563 0.30625 0.009375 0.0430556
1 0.239844 0.371528 0.0140625 0.0458333
