1 0.696875 0.318056 0.009375 0.0333333
1 0.670703 0.293056 0.00859375 0.0361111
1 0.694922 0.275694 0.00859375 0.0263889
0 0.670703 0.252778 0.00859375 0.0305556
0 0.718359 0.346528 0.0101562 0.0347222
0 0.652344 0.279167 0.009375 0.0361111
0 0.809375 0.361111 0.0078125 0.0388889
1 0.58125 0.319444 0.009375 0.0361111
1 0.755469 0.336806 0.009375 0.0375
1 0.785156 0.374306 0.009375 0.0347222
1 0.138281 0.404167 0.009375 0.0416667
0 0.198047 0.4 0.0117188 0.0416667
0 0.582422 0.411806 0.0101562 0.0458333
0 0.414844 0.327778 0.0078125 0.0361111
1 0.787891 0.448611 0.0101562 0.05
0 0.28125 0.315972 0.009375 0.0375
0 0.296094 0.55 0.015625 0.0555556
1 0.626953 0.427083 0.0132813 0.0430556
1 0.281641 0.465972 0.0132813 0.0430556
0 0.258594 0.449306 0.015625 0.0486111
4 0.940625 0.325694 0.0796875 0.0930556
