1 0.828906 0.38125 0.0109375 0.0402778
1 0.708594 0.268056 0.0078125 0.025
0 0.283984 0.226389 0.00703125 0.0277778
1 0.704297 0.282639 0.0101562 0.0375
0 0.653125 0.24375 0.009375 0.0291667
0 0.221094 0.390278 0.0140625 0.0472222
0 0.664844 0.266667 0.0078125 0.0333333
1 0.573438 0.327778 0.009375 0.0388889
0 0.830469 0.383333 0.0125 0.0388889
1 0.717578 0.334028 0.0101562 0.0402778
0 0.780078 0.354861 0.0101562 0.0375
1 0.818359 0.40625 0.0117188 0.0402778
0 0.279297 0.440278 0.0132813 0.0444444
0 0.303906 0.307639 0.009375 0.0375
1 0.141406 0.397917 0.0125 0.0458333
1 0.284766 0.476389 0.0101562 0.0388889
0 0.430078 0.322917 0.0101562 0.0402778
1 0.639453 0.447222 0.0117188 0.05
1 0.804688 0.35 0.0109375 0.0416667
0 0.577734 0.423611 0.0132813 0.05
1 0.803906 0.477083 0.0125 0.0486111
4 0.975 0.324306 0.0484375 0.0847222
0 0.305078 0.550694 0.0148437 0.0541667
