0 0.373047 0.174306 0.0132813 0.0375
1 0.520703 0.2375 0.0117188 0.0305556
1 0.519922 0.25 0.0148437 0.05
0 0.514453 0.250694 0.0101562 0.0375
0 0.68125 0.219444 0.0109375 0.0416667
0 0.624609 0.189583 0.00859375 0.0347222
1 0.627734 0.190278 0.00859375 0.0333333
1 0.744922 0.288889 0.00859375 0.0388889
0 0.518359 0.257639 0.0148437 0.0458333
0 0.729297 0.264583 0.0117188 0.0513889
1 0.524219 0.248611 0.009375 0.0444444
1 0.675391 0.263889 0.0117188 0.0527778
0 0.620313 0.236806 0.0109375 0.0402778
0 0.370703 0.184722 0.0101562 0.0388889
0 0.482031 0.311111 0.0125 0.0527778
1 0.743359 0.302083 0.0101562 0.0486111
1 0.721094 0.234028 0.0078125 0.0375
1 0.437109 0.224306 0.0101562 0.0430556
1 0.567578 0.305556 0.0101562 0.0527778
1 0.761328 0.374306 0.0148437 0.0541667
0 0.270312 0.558333 0.015625 0.0722222
0 0.344141 0.236806 0.0101562 0.0513889
0 0.193359 0.381944 0.0148437 0.0583333
0 0.677734 0.372917 0.0148437 0.0513889
1 0.297266 0.377778 0.0117188 0.0555556
1 0.639063 0.50625 0.0203125 0.0652778
