1 0.251953 0.247222 0.00703125 0.0277778
0 0.621094 0.313889 0.0078125 0.0333333
1 0.661328 0.383333 0.0101562 0.0333333
1 0.616406 0.286806 0.0078125 0.0319444
0 0.659375 0.388889 0.0109375 0.0305556
0 0.703906 0.266667 0.00625 0.0305556
1 0.776563 0.500694 0.015625 0.0375
0 0.584766 0.488194 0.0164062 0.0375
0 0.406641 0.432639 0.0101562 0.0402778
1 0.337109 0.391667 0.00859375 0.0361111
1 0.585938 0.394444 0.009375 0.0388889
0 0.731641 0.474306 0.0132813 0.0375
1 0.671484 0.503472 0.0101562 0.0458333
1 0.750781 0.416667 0.0109375 0.0416667
0 0.356641 0.555556 0.0117188 0.0527778
0 0.877344 0.620833 0.0140625 0.0555556
1 0.670313 0.436806 0.0109375 0.0375
0 0.316016 0.304861 0.00859375 0.0319444
1 0.514844 0.517361 0.0109375 0.0458333
0 0.614062 0.621528 0.0140625 0.0569444
0 0.207031 0.404167 0.0109375 0.0444444
1 0.783984 0.375 0.0101562 0.0333333
4 0.865234 0.319444 0.0726563 0.0861111
