0 0.594922 0.295139 0.0117188 0.0347222
1 0.153516 0.270139 0.00703125 0.0291667
1 0.696484 0.342361 0.00859375 0.0347222
1 0.600391 0.304167 0.00859375 0.0277778
1 0.529688 0.315278 0.009375 0.0333333
0 0.696484 0.343056 0.00859375 0.0333333
0 0.721875 0.340972 0.0078125 0.0291667
1 0.545313 0.309722 0.0078125 0.0333333
1 0.5875 0.334722 0.009375 0.0388889
0 0.598047 0.378472 0.00859375 0.0458333
1 0.619531 0.341667 0.009375 0.0361111
0 0.504687 0.410417 0.0109375 0.0430556
0 0.629297 0.30625 0.00859375 0.0347222
0 0.167578 0.479167 0.0132813 0.0472222
1 0.249219 0.446528 0.0109375 0.0430556
1 0.679297 0.373611 0.00859375 0.0416667
0 0.0941406 0.427778 0.0101562 0.05
1 0.553516 0.438194 0.0132813 0.0458333
0 0.232422 0.566667 0.0117188 0.0555556
0 0.330469 0.357639 0.009375 0.0375
0 0.196094 0.339583 0.0078125 0.0347222
1 0.718359 0.426389 0.0101562 0.0416667
1 0.158594 0.416667 0.0140625 0.0444444
4 0.801953 0.318056 0.0742188 0.0916667
