1 0.361328 0.413194 0.0164062 0.0513889
1 0.623828 0.7875 0.0242187 0.0861111
0 0.544531 0.292361 0.0140625 0.0402778
1 0.109766 0.341667 0.0117188 0.0388889
1 0.596484 0.841667 0.0195312 0.0777778
1 0.773438 0.603472 0.015625 0.0708333
1 0.769531 0.379167 0.0109375 0.05
0 0.229297 0.356944 0.0148437 0.0444444
0 0.710547 0.860417 0.0257812 0.0847222
1 0.56875 0.326389 0.0109375 0.0416667
0 0.267969 0.290278 0.0125 0.0416667
1 0.120703 0.504167 0.0117188 0.0527778
0 0.144531 0.5875 0.0140625 0.0666667
0 0.198047 0.44375 0.0117188 0.0569444
0 0.375781 0.360417 0.0109375 0.0430556
0 0.714453 0.309028 0.0101562 0.0430556
0 0.378516 0.486111 0.0148437 0.0527778
0 0.606641 0.695833 0.0210938 0.0666667
1 0.571094 0.457639 0.0140625 0.0458333
1 0.490625 0.673611 0.021875 0.0722222
