0 0.360156 0.160417 0.009375 0.0347222
0 0.730078 0.240278 0.00859375 0.0361111
1 0.666406 0.189583 0.0109375 0.0402778
0 0.688672 0.227778 0.0101562 0.0444444
0 0.730859 0.265278 0.00859375 0.0444444
1 0.754687 0.303472 0.009375 0.0513889
1 0.681641 0.2625 0.00859375 0.0361111
1 0.730469 0.233333 0.0078125 0.0333333
1 0.56875 0.234722 0.0140625 0.0472222
0 0.382812 0.192361 0.009375 0.0402778
1 0.688281 0.493056 0.0125 0.0638889
0 0.492969 0.288889 0.0125 0.0527778
1 0.601953 0.297917 0.0101562 0.0541667
0 0.336328 0.256944 0.0132813 0.0555556
0 0.697656 0.348611 0.0125 0.0527778
0 0.530859 0.249306 0.0117188 0.0458333
1 0.423047 0.222222 0.0101562 0.0416667
1 0.330859 0.35625 0.0132813 0.0569444
1 0.782031 0.368056 0.0125 0.0583333
0 0.2375 0.482639 0.0140625 0.0680556
0 0.232031 0.363194 0.0171875 0.0625
