0 0.514063 0.447222 0.0109375 0.05
1 0.661719 0.222222 0.0078125 0.0361111
0 0.217187 0.211806 0.0078125 0.0375
1 0.489844 0.216667 0.009375 0.0305556
0 0.601953 0.216667 0.00859375 0.0388889
0 0.7875 0.292361 0.009375 0.0375
0 0.730859 0.240972 0.00703125 0.0375
1 0.676172 0.293056 0.00859375 0.0416667
1 0.792188 0.257639 0.009375 0.0347222
0 0.149219 0.365278 0.0140625 0.0472222
1 0.763672 0.438889 0.0164062 0.0583333
0 0.419531 0.238889 0.0109375 0.0388889
0 0.519141 0.443056 0.0148437 0.0527778
1 0.309375 0.305556 0.0109375 0.0416667
1 0.392969 0.230556 0.009375 0.0388889
1 0.234766 0.282639 0.00859375 0.0402778
1 0.491797 0.395833 0.0101562 0.0555556
0 0.164453 0.295833 0.0117188 0.05
1 0.521875 0.613194 0.0140625 0.0708333
0 0.327734 0.309722 0.0101562 0.05
0 0.151562 0.473611 0.0140625 0.0583333
