0 0.373047 0.410417 0.0117188 0.0430556
0 0.203125 0.340972 0.009375 0.0291667
0 0.248828 0.349306 0.0101562 0.0430556
0 0.219922 0.422917 0.0117188 0.0486111
0 0.301562 0.3 0.009375 0.0333333
0 0.323828 0.436111 0.0132813 0.0472222
1 0.299609 0.413194 0.0148437 0.0458333
0 0.567187 0.754861 0.0234375 0.0597222
0 0.632422 0.366667 0.0117188 0.0388889
1 0.228906 0.324306 0.009375 0.0430556
0 0.135547 0.490278 0.0117188 0.0555556
0 0.381641 0.352778 0.00859375 0.0416667
1 0.472266 0.423611 0.0132813 0.0472222
0 0.294531 0.729167 0.015625 0.0666667
1 0.709766 0.721528 0.0242187 0.0625
1 0.759375 0.400694 0.0109375 0.0513889
1 0.791406 0.511111 0.0140625 0.05
1 0.491406 0.334722 0.0171875 0.0444444
0 0.535547 0.329861 0.0117188 0.0430556
1 0.321484 0.545139 0.0148437 0.0513889
1 0.190625 0.426389 0.009375 0.0416667
1 0.470703 0.558333 0.0148437 0.0555556
4 0.0792969 0.289583 0.0851562 0.0902778
