1 0.728516 0.220139 0.0101562 0.0347222
1 0.603125 0.236111 0.0171875 0.0333333
0 0.732031 0.227083 0.0140625 0.0430556
1 0.733594 0.230556 0.009375 0.0388889
1 0.775781 0.300694 0.0109375 0.0458333
1 0.614062 0.232639 0.009375 0.0347222
1 0.598437 0.238194 0.009375 0.0375
0 0.630859 0.194444 0.0101562 0.0333333
0 0.361719 0.198611 0.009375 0.0388889
1 0.705859 0.204861 0.00859375 0.0347222
0 0.329688 0.619444 0.015625 0.0694444
0 0.55 0.238194 0.0125 0.0458333
1 0.707422 0.480556 0.0132813 0.0555556
0 0.66875 0.389583 0.0140625 0.0486111
1 0.604688 0.307639 0.015625 0.0486111
1 0.423828 0.224306 0.0132813 0.0402778
0 0.233203 0.261806 0.0132813 0.0458333
0 0.397266 0.336111 0.0148437 0.05
0 0.7375 0.30625 0.0109375 0.0486111
1 0.501562 0.283333 0.009375 0.0444444
1 0.796484 0.379861 0.0164062 0.0541667
0 0.161328 0.3875 0.0179687 0.0555556
