0 0.79375 0.290972 0.0171875 0.0347222
0 0.554688 0.252083 0.009375 0.0319444
0 0.585938 0.270833 0.009375 0.0333333
0 0.795703 0.295139 0.00859375 0.0319444
1 0.583984 0.294444 0.0117188 0.0388889
0 0.235156 0.276389 0.0078125 0.0333333
1 0.686719 0.269444 0.009375 0.0361111
1 0.722656 0.304167 0.009375 0.0361111
0 0.781641 0.284028 0.00859375 0.0319444
1 0.242969 0.311111 0.009375 0.0361111
1 0.451953 0.288194 0.00859375 0.0375
0 0.157813 0.413194 0.0140625 0.0486111
0 0.630859 0.308333 0.00859375 0.0388889
0 0.696484 0.348611 0.0117188 0.0361111
0 0.457422 0.342361 0.0101562 0.0430556
0 0.230078 0.483333 0.0117188 0.0527778
1 0.603125 0.251389 0.0078125 0.0361111
0 0.375391 0.294444 0.00859375 0.0361111
1 0.680859 0.434722 0.0148437 0.0472222
1 0.516797 0.341667 0.0101562 0.0416667
1 0.757422 0.345833 0.0132813 0.0388889
0 0.139453 0.3375 0.0101562 0.0416667
1 0.241016 0.390972 0.00859375 0.0458333
4 0.967969 0.330556 0.059375 0.105556
