0 0.669922 0.200694 0.00859375 0.0375
0 0.6875 0.243056 0.009375 0.0472222
0 0.0378906 0.195833 0.0101562 0.0361111
0 0.355469 0.15625 0.0078125 0.0319444
1 0.658984 0.192361 0.00859375 0.0402778
0 0.737891 0.244444 0.00859375 0.05
1 0.7375 0.234722 0.0078125 0.0361111
1 0.688672 0.258333 0.00859375 0.0388889
0 0.739062 0.259028 0.0109375 0.0430556
0 0.689453 0.23125 0.00859375 0.0375
0 0.712891 0.365278 0.0117188 0.0527778
0 0.371094 0.182639 0.009375 0.0375
1 0.559375 0.238889 0.0109375 0.0472222
1 0.782422 0.368056 0.0132813 0.0555556
1 0.758984 0.3 0.0101562 0.0527778
1 0.331641 0.357639 0.0101562 0.0569444
1 0.605078 0.295833 0.0117188 0.0527778
1 0.425 0.216667 0.0109375 0.0416667
1 0.691406 0.49375 0.0125 0.0625
0 0.353516 0.241667 0.0117188 0.05
0 0.502344 0.288889 0.0109375 0.0555556
0 0.248047 0.503472 0.0148437 0.0680556
0 0.542578 0.250694 0.0117188 0.0486111
0 0.189453 0.375 0.0179687 0.0555556
