0 0.328516 0.488194 0.0132813 0.0402778
0 0.70625 0.270139 0.0125 0.0347222
1 0.339844 0.476389 0.0234375 0.0416667
0 0.339063 0.480556 0.021875 0.0444444
1 0.677344 0.245139 0.009375 0.0402778
0 0.701563 0.244444 0.009375 0.0361111
0 0.43125 0.448611 0.0109375 0.0444444
1 0.553516 0.399306 0.0117188 0.0458333
0 0.709766 0.285417 0.0101562 0.0402778
1 0.314844 0.322917 0.0125 0.0347222
0 0.367969 0.260417 0.0125 0.0375
0 0.192578 0.436806 0.0132813 0.0541667
1 0.755859 0.395139 0.0117188 0.0541667
0 0.352734 0.427778 0.0148437 0.0416667
0 0.872656 0.766667 0.015625 0.0694444
1 0.258984 0.445139 0.0117188 0.0402778
0 0.720312 0.504167 0.0203125 0.0611111
0 0.260547 0.329167 0.0164062 0.0444444
1 0.635156 0.315972 0.0140625 0.0430556
1 0.753906 0.613194 0.01875 0.0652778
1 0.780469 0.472222 0.01875 0.0583333
1 0.522266 0.363194 0.0164062 0.0402778
