1 0.508594 0.327778 0.0125 0.0444444
1 0.509766 0.317361 0.00859375 0.0402778
0 0.682031 0.344444 0.0078125 0.0361111
0 0.685938 0.355556 0.009375 0.0472222
0 0.996094 0.584028 0.00625 0.0319444
0 0.603516 0.311806 0.00859375 0.0319444
1 0.566797 0.304167 0.00859375 0.0277778
0 0.688672 0.359028 0.00859375 0.0458333
1 0.555078 0.343056 0.00859375 0.0333333
0 0.570703 0.391667 0.00859375 0.0416667
1 0.607813 0.341667 0.009375 0.0333333
0 0.196094 0.340278 0.0078125 0.0388889
0 0.534375 0.296528 0.0078125 0.0347222
0 0.0933594 0.428472 0.0101562 0.0458333
1 0.667188 0.386806 0.009375 0.0402778
1 0.186328 0.429861 0.0117188 0.0375
1 0.508203 0.44375 0.00859375 0.0430556
0 0.219531 0.572222 0.0125 0.0583333
1 0.702344 0.460417 0.009375 0.0430556
0 0.153906 0.475694 0.0109375 0.0458333
1 0.246484 0.428472 0.0101562 0.0402778
0 0.466016 0.416667 0.0101562 0.0416667
0 0.320312 0.361111 0.009375 0.0361111
4 0.792188 0.316667 0.078125 0.0861111
