1 0.920703 0.384028 0.0132813 0.0486111
0 0.400391 0.493056 0.0132813 0.0583333
1 0.224609 0.374306 0.0117188 0.0458333
1 0.227734 0.395139 0.0117188 0.0402778
1 0.641797 0.21875 0.00859375 0.0319444
1 0.723437 0.310417 0.009375 0.0430556
0 0.411719 0.340278 0.009375 0.0388889
0 0.198437 0.363194 0.0109375 0.0458333
0 0.702344 0.318056 0.0109375 0.0388889
1 0.4 0.214583 0.0078125 0.0319444
1 0.330469 0.732639 0.0171875 0.0708333
1 0.41875 0.424306 0.0109375 0.0513889
0 0.477344 0.239583 0.0109375 0.0347222
0 0.360938 0.427778 0.0140625 0.0444444
0 0.154297 0.436111 0.0132813 0.0527778
1 0.303906 0.319444 0.009375 0.0444444
0 0.193359 0.561111 0.0132813 0.0611111
0 0.708203 0.424306 0.0101562 0.0486111
0 0.505469 0.542361 0.0125 0.0569444
1 0.595703 0.35 0.0101562 0.0388889
0 0.265234 0.29375 0.00859375 0.0402778
1 0.909766 0.536111 0.0179687 0.0583333
