0 0.235156 0.220139 0.0078125 0.0291667
0 0.537109 0.222222 0.00859375 0.0444444
0 0.535547 0.211806 0.00703125 0.0347222
1 0.6 0.359028 0.0140625 0.0347222
0 0.595703 0.338889 0.0117188 0.0388889
0 0.539453 0.229167 0.00859375 0.0333333
1 0.411328 0.272917 0.00703125 0.0347222
0 0.375391 0.2875 0.00859375 0.0361111
1 0.786328 0.452778 0.0132813 0.05
1 0.394531 0.280556 0.0078125 0.0416667
1 0.501562 0.240972 0.009375 0.0375
0 0.269141 0.252778 0.00859375 0.0333333
0 0.192969 0.430556 0.0109375 0.05
0 0.75625 0.397917 0.0109375 0.0486111
1 0.667969 0.304167 0.009375 0.0388889
1 0.640234 0.263889 0.00859375 0.0361111
1 0.393359 0.348611 0.0101562 0.0416667
1 0.795703 0.357639 0.0101562 0.0430556
1 0.582422 0.295139 0.0101562 0.0375
0 0.1875 0.327083 0.0109375 0.0430556
0 0.504687 0.376389 0.015625 0.0444444
0 0.360938 0.5625 0.0171875 0.0611111
