1 0.625781 0.294444 0.0078125 0.0333333
0 0.701172 0.270833 0.00703125 0.0277778
0 0.680469 0.3875 0.0109375 0.0361111
1 0.51875 0.509722 0.0109375 0.05
0 0.880859 0.625 0.0132813 0.05
1 0.761719 0.496528 0.0171875 0.0430556
1 0.351172 0.395139 0.0101562 0.0319444
0 0.733984 0.475694 0.0117188 0.0430556
1 0.679297 0.434722 0.0117188 0.0388889
1 0.679297 0.498611 0.0132813 0.0444444
0 0.324219 0.30625 0.0078125 0.0319444
0 0.411719 0.435417 0.009375 0.0402778
1 0.754687 0.420833 0.0109375 0.0444444
0 0.361328 0.552778 0.0132813 0.0527778
0 0.578906 0.484722 0.009375 0.0444444
1 0.598828 0.395833 0.0117188 0.0361111
0 0.60625 0.609722 0.0140625 0.0583333
1 0.785547 0.380556 0.0101562 0.0361111
0 0.216406 0.403472 0.0109375 0.0458333
4 0.867188 0.322222 0.0734375 0.0805556
