0 0.677344 0.216667 0.021875 0.0444444
0 0.689844 0.211806 0.0109375 0.0402778
1 0.529688 0.230556 0.0140625 0.0388889
0 0.620313 0.222222 0.00625 0.0222222
0 0.572656 0.230556 0.0109375 0.0444444
1 0.572656 0.222917 0.009375 0.0430556
0 0.370313 0.189583 0.009375 0.0402778
0 0.607813 0.185417 0.009375 0.0319444
0 0.670703 0.222222 0.0164062 0.0416667
1 0.689062 0.211111 0.009375 0.0388889
1 0.593359 0.239583 0.00859375 0.0430556
1 0.750391 0.292361 0.0148437 0.0486111
1 0.411328 0.211806 0.0101562 0.0402778
0 0.216797 0.248611 0.0101562 0.0444444
1 0.586719 0.302778 0.0109375 0.0527778
0 0.605859 0.383333 0.0164062 0.0527778
0 0.142969 0.378472 0.0125 0.0569444
1 0.768359 0.384722 0.0132813 0.0527778
0 0.369922 0.328472 0.0132813 0.0541667
1 0.728906 0.239583 0.0109375 0.0430556
0 0.711328 0.311806 0.0148437 0.0513889
1 0.49375 0.272222 0.0140625 0.0472222
0 0.278906 0.618056 0.0203125 0.0694444
1 0.646484 0.492361 0.0195312 0.0625
