0 0.447656 0.358333 0.0109375 0.0444444
0 0.739453 0.321528 0.0101562 0.0402778
1 0.213672 0.427083 0.0101562 0.0597222
0 0.476562 0.264583 0.009375 0.0347222
0 0.608203 0.2875 0.00703125 0.0333333
1 0.483984 0.3 0.00859375 0.0361111
1 0.732813 0.393056 0.0125 0.0472222
0 0.214453 0.304167 0.00859375 0.0388889
1 0.496094 0.263194 0.009375 0.0347222
1 0.623047 0.316667 0.0101562 0.0361111
0 0.700781 0.41875 0.009375 0.0375
1 0.571094 0.261111 0.0078125 0.0333333
0 0.557813 0.375694 0.0125 0.0458333
0 0.105469 0.397917 0.0109375 0.0486111
0 0.419141 0.397222 0.0117188 0.0472222
1 0.549609 0.334028 0.0117188 0.0402778
1 0.219141 0.394444 0.0101562 0.0388889
1 0.463672 0.427778 0.0132813 0.0472222
1 0.708203 0.508333 0.0132813 0.05
0 0.322656 0.33125 0.009375 0.0402778
0 0.124219 0.465278 0.0140625 0.0527778
0 0.182422 0.542361 0.0164062 0.0597222
4 0.8625 0.292361 0.0796875 0.0902778
