0 0.123047 0.366667 0.0101562 0.0305556
0 0.202734 0.30625 0.00859375 0.0319444
0 0.117969 0.36875 0.0125 0.0347222
1 0.196094 0.279167 0.009375 0.0277778
0 0.217969 0.295833 0.009375 0.0388889
0 0.164844 0.313889 0.009375 0.0361111
1 0.131641 0.390278 0.0101562 0.0361111
0 0.191406 0.336806 0.009375 0.0347222
0 0.348828 0.341667 0.0132813 0.0416667
1 0.498437 0.372917 0.0140625 0.0430556
1 0.484766 0.250694 0.0132813 0.0375
0 0.689453 0.545833 0.0132813 0.0583333
1 0.753516 0.361111 0.0101562 0.0444444
0 0.424219 0.578472 0.015625 0.0569444
0 0.539844 0.295139 0.0140625 0.0402778
1 0.807422 0.551389 0.0148437 0.0611111
0 0.639453 0.309722 0.0101562 0.0416667
1 0.773828 0.424306 0.0132813 0.0541667
1 0.523047 0.422917 0.0148437 0.0513889
1 0.309766 0.465278 0.0148437 0.05
4 0.071875 0.274306 0.0859375 0.0847222
