0 0.540625 0.259722 0.0125 0.0305556
1 0.845312 0.5 0.015625 0.0694444
1 0.539062 0.263889 0.009375 0.0305556
0 0.187891 0.327778 0.00703125 0.0333333
1 0.6875 0.320833 0.0078125 0.0388889
0 0.324609 0.370833 0.0101562 0.0388889
0 0.380859 0.285417 0.00859375 0.0319444
0 0.504297 0.267361 0.00859375 0.0347222
1 0.360156 0.315278 0.0078125 0.0333333
0 0.423828 0.331944 0.0101562 0.0388889
1 0.847266 0.410417 0.0101562 0.0430556
1 0.628906 0.288194 0.009375 0.0347222
1 0.550781 0.353472 0.0125 0.0430556
0 0.485938 0.383333 0.0125 0.0388889
1 0.848828 0.489583 0.0117188 0.0541667
0 0.322266 0.327778 0.0101562 0.0361111
0 0.657031 0.272917 0.009375 0.0375
1 0.805859 0.314583 0.0101562 0.0375
0 0.784375 0.422917 0.0109375 0.0458333
1 0.491406 0.454167 0.0140625 0.0416667
4 0.132422 0.329167 0.0835937 0.0861111
