1 0.380078 0.461111 0.0132813 0.0472222
0 0.709375 0.310417 0.0109375 0.0430556
1 0.2125 0.358333 0.009375 0.0416667
1 0.657422 0.209722 0.00703125 0.0305556
0 0.178906 0.347222 0.009375 0.0361111
1 0.397656 0.196528 0.0078125 0.0319444
1 0.186328 0.381944 0.0101562 0.0416667
1 0.276172 0.679167 0.0148437 0.0666667
1 0.709766 0.311111 0.0101562 0.0444444
0 0.527734 0.224306 0.00703125 0.0375
0 0.259766 0.280556 0.00859375 0.0388889
1 0.520703 0.336111 0.0117188 0.0444444
0 0.444531 0.517361 0.0125 0.0569444
0 0.379297 0.3125 0.00859375 0.0444444
1 0.309375 0.295139 0.009375 0.0430556
0 0.146094 0.40625 0.0125 0.0458333
0 0.709375 0.4 0.0125 0.05
1 0.889453 0.553472 0.0164062 0.0625
1 0.369922 0.40625 0.0117188 0.0458333
0 0.165234 0.513194 0.0148437 0.0569444
0 0.326953 0.381944 0.0132813 0.0527778
