0 0.101172 0.344444 0.00703125 0.0277778
1 0.444141 0.429861 0.0132813 0.0486111
1 0.539844 0.345139 0.0109375 0.0402778
1 0.501953 0.760417 0.0257812 0.0708333
0 0.239453 0.359028 0.0101562 0.0458333
0 0.648828 0.896528 0.0179687 0.0819444
4 0.0121094 0.301389 0.0242187 0.0916667
0 0.553906 0.313889 0.009375 0.0388889
0 0.290234 0.302083 0.00859375 0.0375
0 0.443359 0.8 0.0257812 0.0722222
1 0.792578 0.548611 0.0132813 0.0527778
0 0.140625 0.549306 0.0171875 0.0569444
0 0.698828 0.335417 0.0117188 0.0402778
1 0.714453 0.857639 0.0289063 0.0902778
1 0.789062 0.395139 0.0109375 0.0513889
0 0.367578 0.459722 0.0132813 0.0527778
1 0.533984 0.447222 0.0132813 0.05
1 0.164844 0.340972 0.009375 0.0402778
0 0.389844 0.360417 0.0109375 0.0430556
0 0.215234 0.440278 0.0117188 0.0527778
1 0.417578 0.625694 0.0195312 0.0625
1 0.154297 0.472917 0.0117188 0.0486111
1 0.341016 0.422222 0.0179687 0.05
