0 0.507031 0.439583 0.0140625 0.0430556
0 0.714453 0.372222 0.00546875 0.0194444
1 0.798828 0.592361 0.0148437 0.0680556
0 0.250391 0.363194 0.0132813 0.0458333
0 0.548828 0.282639 0.0101562 0.0375
0 0.385547 0.368056 0.0117188 0.0444444
0 0.706641 0.284722 0.0117188 0.0333333
0 0.814062 0.71875 0.0203125 0.0708333
1 0.669922 0.699306 0.0164062 0.0763889
1 0.607031 0.328472 0.0109375 0.0430556
1 0.645312 0.745139 0.0234375 0.0708333
1 0.134766 0.527778 0.0132813 0.0555556
0 0.420312 0.511111 0.0203125 0.0583333
0 0.280859 0.288889 0.0132813 0.0444444
1 0.600391 0.655556 0.0164062 0.0611111
1 0.103906 0.352083 0.009375 0.0430556
1 0.780078 0.375 0.0132813 0.0416667
1 0.629687 0.505556 0.015625 0.05
1 0.410937 0.407639 0.0203125 0.0541667
0 0.629687 0.559722 0.01875 0.0583333
0 0.191406 0.609028 0.0140625 0.0625
0 0.216016 0.441667 0.0164062 0.0527778
