0 0.395703 0.221528 0.0117188 0.0375
0 0.644141 0.190278 0.00703125 0.0333333
1 0.700781 0.20625 0.0109375 0.0402778
0 0.415625 0.181944 0.009375 0.0361111
1 0.395703 0.223611 0.0101562 0.0416667
0 0.529688 0.195139 0.009375 0.0375
0 0.723828 0.297917 0.0117188 0.0513889
0 0.611719 0.391667 0.0109375 0.0527778
1 0.759766 0.281944 0.00859375 0.05
0 0.185547 0.236806 0.0117188 0.0430556
1 0.746875 0.3875 0.0125 0.0555556
1 0.573438 0.20625 0.009375 0.0347222
1 0.576953 0.333333 0.0101562 0.05
0 0.108203 0.365972 0.0148437 0.0541667
1 0.742969 0.227778 0.009375 0.0416667
1 0.371094 0.279167 0.009375 0.0472222
1 0.496875 0.204167 0.0109375 0.0361111
1 0.598828 0.503472 0.0148437 0.0597222
0 0.346484 0.304861 0.0148437 0.0513889
0 0.169531 0.55 0.015625 0.0666667
