0 0.430469 0.364583 0.0125 0.0458333
0 0.791797 0.317361 0.0132813 0.0486111
1 0.50625 0.24375 0.0078125 0.0375
1 0.799609 0.392361 0.0132813 0.0513889
0 0.479688 0.25 0.0078125 0.0388889
0 0.630078 0.279861 0.0101562 0.0402778
0 0.588672 0.370833 0.0101562 0.0416667
1 0.489453 0.286806 0.0101562 0.0402778
1 0.596484 0.240278 0.00859375 0.0333333
0 0.130078 0.375 0.0101562 0.0527778
1 0.560156 0.327083 0.0078125 0.0402778
1 0.65625 0.311806 0.0109375 0.0430556
1 0.239453 0.413194 0.0117188 0.0541667
0 0.339063 0.317361 0.009375 0.0375
0 0.408594 0.39375 0.0140625 0.0486111
0 0.183203 0.538889 0.0132813 0.0583333
0 0.242188 0.284722 0.009375 0.0361111
1 0.45625 0.429167 0.015625 0.0472222
0 0.135156 0.446528 0.0125 0.0513889
1 0.718359 0.527778 0.0148437 0.0555556
0 0.696094 0.463889 0.0109375 0.0555556
1 0.220703 0.377083 0.0101562 0.0486111
4 0.920313 0.285417 0.08125 0.0958333
