0 0.579297 0.25625 0.0132813 0.0319444
1 0.580469 0.253472 0.0109375 0.0319444
0 0.250391 0.280556 0.00859375 0.0361111
1 0.659375 0.298611 0.0078125 0.0361111
0 0.343359 0.353472 0.00859375 0.0458333
1 0.407422 0.240972 0.00859375 0.0319444
1 0.326172 0.307639 0.00859375 0.0375
0 0.419922 0.43125 0.0101562 0.0513889
0 0.445312 0.226389 0.0078125 0.0305556
1 0.280469 0.456944 0.0125 0.0444444
1 0.497266 0.376389 0.0117188 0.0444444
1 0.553516 0.335417 0.00859375 0.0402778
0 0.175 0.4625 0.0140625 0.0472222
0 0.666406 0.498611 0.0125 0.0527778
1 0.282031 0.31875 0.0078125 0.0319444
1 0.616797 0.678472 0.0226563 0.0625
1 0.781641 0.4125 0.0132813 0.0472222
0 0.186328 0.352778 0.0117188 0.0416667
0 0.646484 0.4 0.0101562 0.0472222
0 0.300391 0.548611 0.0164062 0.0583333
4 0.928906 0.302083 0.08125 0.0902778
