0 0.360156 0.451389 0.0171875 0.0388889
0 0.359375 0.46875 0.01875 0.0513889
0 0.366016 0.460417 0.0132813 0.0513889
1 0.365625 0.452083 0.0125 0.0430556
0 0.352344 0.464583 0.0109375 0.0402778
0 0.357422 0.486111 0.0132813 0.0416667
0 0.383203 0.465972 0.0117188 0.0513889
0 0.7 0.247222 0.0109375 0.0361111
0 0.694922 0.280556 0.0101562 0.0361111
0 0.180078 0.428472 0.0132813 0.0486111
1 0.175781 0.471528 0.0140625 0.0486111
1 0.277734 0.330556 0.0101562 0.0444444
1 0.48125 0.38125 0.0140625 0.0430556
1 0.685156 0.611806 0.028125 0.0597222
1 0.773438 0.486111 0.0125 0.0583333
1 0.767578 0.398611 0.0101562 0.0527778
0 0.232422 0.317361 0.0117188 0.0402778
1 0.668359 0.240278 0.0117188 0.0388889
0 0.682813 0.514583 0.0171875 0.0569444
1 0.635938 0.314583 0.0125 0.0458333
1 0.533203 0.424306 0.0117188 0.0486111
0 0.808594 0.75625 0.01875 0.0708333
0 0.349219 0.264583 0.009375 0.0402778
