0 0.245703 0.23125 0.00859375 0.0347222
1 0.685938 0.279167 0.0109375 0.0444444
1 0.433594 0.265278 0.0109375 0.0444444
1 0.683203 0.270139 0.0101562 0.0458333
0 0.565625 0.222917 0.009375 0.0402778
0 0.433984 0.272917 0.0101562 0.0347222
0 0.430078 0.230556 0.00859375 0.0361111
1 0.727734 0.338889 0.00859375 0.0388889
0 0.570312 0.445833 0.0109375 0.05
1 0.555078 0.236806 0.00859375 0.0347222
1 0.484766 0.264583 0.00859375 0.0375
0 0.716797 0.324306 0.0101562 0.0430556
0 0.0996094 0.402083 0.0101562 0.0541667
0 0.579687 0.254861 0.009375 0.0402778
1 0.508203 0.324306 0.0101562 0.0458333
1 0.735156 0.432639 0.0109375 0.0569444
1 0.293359 0.377083 0.0117188 0.0513889
0 0.337891 0.281944 0.0101562 0.0388889
1 0.641797 0.313889 0.00859375 0.0416667
0 0.460547 0.339583 0.0101562 0.0486111
0 0.141797 0.536111 0.0148437 0.0611111
1 0.518359 0.509722 0.0164062 0.0583333
