0 0.913281 0.395139 0.0171875 0.0458333
0 0.413672 0.488194 0.0132813 0.0541667
0 0.229297 0.372917 0.00859375 0.0402778
1 0.239063 0.397222 0.0109375 0.0388889
1 0.616016 0.225 0.00703125 0.0333333
1 0.230078 0.36875 0.0101562 0.0347222
4 0.987891 0.307639 0.0242187 0.0847222
1 0.425391 0.429861 0.0101562 0.0541667
1 0.725391 0.3125 0.00859375 0.0416667
0 0.419922 0.344444 0.00859375 0.0416667
1 0.398047 0.222917 0.00859375 0.0347222
0 0.449219 0.242361 0.0078125 0.0347222
0 0.69375 0.322222 0.0078125 0.0388889
0 0.203125 0.365972 0.009375 0.0458333
1 0.352734 0.753472 0.0195312 0.0680556
0 0.269141 0.297222 0.00859375 0.0388889
1 0.301172 0.329167 0.0101562 0.0444444
0 0.711328 0.434028 0.0101562 0.0541667
0 0.531641 0.54375 0.0148437 0.0541667
1 0.633984 0.354167 0.0101562 0.0416667
0 0.158984 0.445139 0.0132813 0.0513889
1 0.917578 0.530556 0.0164062 0.0555556
0 0.2 0.56875 0.015625 0.0569444
0 0.369531 0.438194 0.015625 0.0541667
