0 0.660937 0.278472 0.00625 0.0263889
0 0.626562 0.591667 0.0140625 0.05
0 0.732813 0.261111 0.00625 0.0277778
1 0.641406 0.59375 0.0140625 0.0513889
0 0.610937 0.346528 0.0078125 0.0347222
1 0.569922 0.277778 0.00703125 0.0305556
0 0.25 0.547222 0.0140625 0.0638889
1 0.362891 0.545833 0.0117188 0.0527778
1 0.250781 0.373611 0.0078125 0.0333333
1 0.724219 0.379861 0.009375 0.0458333
0 0.158984 0.393056 0.0117188 0.0444444
0 0.728125 0.447917 0.009375 0.0402778
0 0.255469 0.310417 0.0078125 0.0347222
1 0.641406 0.39375 0.009375 0.0402778
1 0.666406 0.327778 0.0078125 0.0333333
1 0.484766 0.372917 0.00859375 0.0375
0 0.900781 0.577083 0.0109375 0.0569444
1 0.936719 0.551389 0.015625 0.0472222
0 0.556641 0.597917 0.0148437 0.0597222
0 0.3625 0.394444 0.009375 0.0388889
4 0.837109 0.317361 0.0601562 0.0763889
