1 0.248828 0.235417 0.00703125 0.0291667
1 0.665625 0.295139 0.009375 0.0347222
0 0.710547 0.346528 0.0101562 0.0375
1 0.692969 0.275694 0.0078125 0.0291667
0 0.650781 0.280556 0.009375 0.0333333
1 0.692969 0.317361 0.009375 0.0319444
0 0.671094 0.254167 0.0078125 0.0333333
1 0.581641 0.319444 0.0101562 0.0333333
1 0.749219 0.334722 0.009375 0.0388889
0 0.195312 0.4 0.0109375 0.0444444
0 0.582031 0.409722 0.0125 0.0472222
1 0.138672 0.404861 0.0117188 0.0402778
0 0.277734 0.316667 0.00859375 0.0361111
1 0.626562 0.426389 0.0109375 0.0416667
0 0.807031 0.358333 0.0109375 0.0388889
1 0.784375 0.442361 0.0109375 0.0458333
1 0.28125 0.463194 0.0109375 0.0430556
1 0.778516 0.371528 0.00859375 0.0430556
0 0.294141 0.55 0.0117188 0.0555556
0 0.412109 0.327778 0.00859375 0.0361111
0 0.257031 0.448611 0.0140625 0.0472222
4 0.934375 0.325 0.078125 0.0944444
