0 0.547656 0.247917 0.01875 0.0541667
0 0.684375 0.238889 0.015625 0.0472222
0 0.357812 0.173611 0.0125 0.0388889
0 0.672266 0.200694 0.0101562 0.0375
1 0.652344 0.190278 0.0125 0.0472222
0 0.680078 0.234028 0.0117188 0.0402778
0 0.358984 0.182639 0.00859375 0.0319444
0 0.734766 0.261806 0.0101562 0.0402778
0 0.541406 0.254167 0.0109375 0.0444444
1 0.690234 0.256944 0.0101562 0.0416667
1 0.553906 0.238889 0.009375 0.0444444
1 0.734375 0.2375 0.009375 0.0361111
1 0.758203 0.297917 0.00859375 0.0513889
1 0.422656 0.215972 0.0078125 0.0402778
0 0.713672 0.374306 0.0148437 0.0569444
1 0.603125 0.299306 0.0125 0.0513889
1 0.78125 0.372222 0.0140625 0.0583333
1 0.330469 0.359722 0.0140625 0.0583333
0 0.353516 0.2375 0.0101562 0.0472222
0 0.25 0.515972 0.015625 0.0680556
0 0.503125 0.291667 0.0125 0.0527778
1 0.689062 0.49375 0.01875 0.0625
0 0.175781 0.379861 0.015625 0.0569444
