0 0.952344 0.357639 0.0125 0.0458333
1 0.380078 0.447222 0.0101562 0.0472222
0 0.321484 0.390278 0.0148437 0.0555556
0 0.381641 0.449306 0.0132813 0.0541667
1 0.306641 0.286806 0.0101562 0.0430556
1 0.698438 0.311111 0.0109375 0.05
1 0.326562 0.407639 0.015625 0.0486111
1 0.170312 0.384028 0.0109375 0.0430556
0 0.177344 0.347917 0.0109375 0.0458333
1 0.39375 0.199306 0.0109375 0.0347222
0 0.315625 0.370139 0.0125 0.0458333
1 0.208594 0.355556 0.009375 0.0416667
0 0.25625 0.277083 0.009375 0.0402778
0 0.370703 0.298611 0.00859375 0.0388889
0 0.521094 0.225694 0.0078125 0.0375
0 0.148438 0.398611 0.0109375 0.0472222
1 0.502344 0.331944 0.0109375 0.0444444
1 0.873047 0.560417 0.0132813 0.0652778
1 0.629297 0.213194 0.0117188 0.0375
1 0.253906 0.659028 0.015625 0.0680556
0 0.417969 0.513194 0.015625 0.0541667
0 0.709375 0.394444 0.015625 0.05
0 0.154297 0.495139 0.0148437 0.0597222
