0 0.388281 0.35625 0.015625 0.0486111
0 0.304297 0.347222 0.0179687 0.0444444
1 0.294531 0.338889 0.0140625 0.0416667
1 0.258594 0.293056 0.0125 0.0361111
0 0.151953 0.364583 0.0117188 0.0319444
0 0.281641 0.291667 0.0132813 0.0416667
0 0.216406 0.323611 0.0109375 0.0416667
1 0.787109 0.521528 0.0132813 0.0597222
1 0.699219 0.344444 0.009375 0.05
1 0.486719 0.429167 0.0140625 0.0472222
1 0.769922 0.414583 0.0117188 0.0541667
0 0.598828 0.285417 0.0148437 0.0402778
0 0.404687 0.363194 0.0140625 0.0430556
1 0.564844 0.240278 0.009375 0.0361111
0 0.666016 0.288194 0.00859375 0.0430556
0 0.655469 0.499306 0.0140625 0.0569444
0 0.569531 0.649306 0.0140625 0.0541667
0 0.231641 0.435417 0.0195312 0.0513889
1 0.414062 0.542361 0.0234375 0.0513889
1 0.090625 0.441667 0.0140625 0.0472222
1 0.560938 0.409722 0.01875 0.0527778
