0 0.663281 0.261806 0.009375 0.0486111
1 0.567578 0.240278 0.0101562 0.0361111
0 0.663672 0.275694 0.0117188 0.0347222
1 0.6625 0.25 0.0078125 0.0361111
1 0.814062 0.372222 0.015625 0.0444444
1 0.729688 0.275694 0.0140625 0.0402778
0 0.355078 0.215278 0.00859375 0.0388889
1 0.640234 0.211806 0.00859375 0.0347222
1 0.628906 0.313889 0.0109375 0.05
1 0.444922 0.238889 0.0117188 0.0361111
0 0.510938 0.24375 0.0078125 0.0375
0 0.602344 0.209028 0.009375 0.0347222
0 0.432422 0.348611 0.0117188 0.05
1 0.478516 0.300694 0.00859375 0.0458333
0 0.363672 0.5875 0.0164062 0.0638889
1 0.768359 0.461806 0.0132813 0.0541667
0 0.247656 0.283333 0.0140625 0.0472222
0 0.691797 0.205556 0.00859375 0.0333333
1 0.716797 0.2375 0.00859375 0.0416667
0 0.767187 0.382639 0.0125 0.0430556
0 0.207813 0.398611 0.015625 0.0555556
