0 0.273438 0.161111 0.009375 0.0333333
0 0.379687 0.220139 0.0078125 0.0347222
0 0.383203 0.224306 0.0148437 0.0430556
1 0.386719 0.225694 0.009375 0.0402778
0 0.660156 0.197222 0.0109375 0.0361111
1 0.739844 0.385417 0.0109375 0.0569444
1 0.707812 0.208333 0.009375 0.0361111
0 0.18125 0.2375 0.009375 0.0444444
1 0.3625 0.283333 0.009375 0.0472222
0 0.0988281 0.365278 0.0132813 0.05
1 0.766406 0.2875 0.0109375 0.05
0 0.3375 0.301389 0.0140625 0.05
1 0.586328 0.222222 0.0101562 0.0444444
1 0.733984 0.225694 0.00859375 0.0430556
0 0.409766 0.182639 0.0101562 0.0347222
1 0.569922 0.336111 0.0101562 0.05
0 0.5375 0.198611 0.0078125 0.0388889
1 0.488672 0.214583 0.00859375 0.0375
0 0.726953 0.294444 0.0101562 0.05
0 0.607422 0.390278 0.0117188 0.0472222
1 0.594531 0.508333 0.015625 0.0527778
0 0.157813 0.540278 0.0125 0.0694444
