0 0.548047 0.336111 0.0101562 0.0444444
0 0.392969 0.322222 0.0140625 0.0416667
0 0.500781 0.264583 0.009375 0.0291667
1 0.507031 0.261806 0.009375 0.0291667
0 0.391406 0.319444 0.0078125 0.0333333
1 0.631641 0.253472 0.00703125 0.0347222
1 0.402734 0.319444 0.00859375 0.0388889
1 0.5375 0.286806 0.0078125 0.0375
0 0.520703 0.285417 0.00859375 0.0375
0 0.595312 0.255556 0.0078125 0.0333333
0 0.301953 0.386806 0.0117188 0.0486111
0 0.633984 0.286806 0.00859375 0.0347222
0 0.443359 0.379167 0.0101562 0.0444444
0 0.485156 0.315278 0.0125 0.0444444
1 0.849219 0.325 0.0078125 0.0388889
0 0.460938 0.280556 0.009375 0.0388889
1 0.717969 0.346528 0.0109375 0.0458333
1 0.848047 0.428472 0.0101562 0.0486111
1 0.579687 0.315278 0.009375 0.0388889
1 0.781641 0.530556 0.0148437 0.0555556
1 0.391016 0.455556 0.0132813 0.05
0 0.777344 0.4375 0.0125 0.0527778
4 0.181641 0.318056 0.0945313 0.0944444
