0 0.497266 0.240278 0.00859375 0.0305556
1 0.495703 0.233333 0.00859375 0.0333333
0 0.491797 0.252778 0.00859375 0.0305556
1 0.458203 0.2375 0.00703125 0.0305556
0 0.585156 0.242361 0.0078125 0.0375
1 0.576953 0.310417 0.00859375 0.0430556
0 0.322266 0.384722 0.0132813 0.0416667
1 0.419531 0.327778 0.009375 0.0416667
0 0.503516 0.323611 0.0101562 0.0444444
0 0.440234 0.264583 0.00703125 0.0375
0 0.638672 0.275694 0.00859375 0.0375
0 0.515234 0.265278 0.00703125 0.0388889
0 0.473437 0.378472 0.0109375 0.0486111
1 0.803125 0.522222 0.0125 0.0583333
1 0.851562 0.426389 0.0109375 0.0555556
1 0.833203 0.304861 0.00859375 0.0430556
1 0.748438 0.335417 0.0078125 0.0430556
0 0.367969 0.320139 0.009375 0.0430556
1 0.619141 0.25 0.00859375 0.0361111
1 0.499219 0.45 0.015625 0.05
0 0.781641 0.427083 0.0148437 0.0541667
4 0.185156 0.308333 0.090625 0.0944444
