0 0.555078 0.234028 0.0117188 0.0430556
1 0.607813 0.238194 0.01875 0.0402778
0 0.733984 0.225694 0.0101562 0.0430556
1 0.597266 0.2375 0.0101562 0.0416667
1 0.733203 0.227083 0.0101562 0.0430556
0 0.630859 0.192361 0.0101562 0.0375
0 0.361719 0.200694 0.009375 0.0375
1 0.775781 0.297222 0.0140625 0.0472222
0 0.548828 0.238194 0.0117188 0.0430556
0 0.402734 0.338194 0.0164062 0.0486111
1 0.426172 0.225694 0.00859375 0.0402778
1 0.617578 0.236111 0.0132813 0.0388889
1 0.703516 0.20625 0.00859375 0.0347222
1 0.500781 0.283333 0.009375 0.0416667
0 0.737109 0.304167 0.0132813 0.0472222
1 0.799609 0.378472 0.0117188 0.0513889
0 0.672266 0.388889 0.0101562 0.0527778
0 0.164062 0.390278 0.0171875 0.0555556
0 0.235938 0.263194 0.009375 0.0458333
1 0.608203 0.308333 0.0117188 0.0472222
0 0.333984 0.6125 0.0226563 0.075
1 0.710156 0.474306 0.0203125 0.0597222
