1 0.641797 0.74375 0.0242187 0.0430556
0 0.692969 0.445833 0.00625 0.0194444
1 0.619922 0.53125 0.0210938 0.0569444
0 0.5 0.443056 0.0171875 0.0472222
1 0.666406 0.696528 0.0125 0.0458333
1 0.667969 0.720139 0.0171875 0.0597222
1 0.636719 0.752778 0.0265625 0.0666667
1 0.584375 0.653472 0.028125 0.0652778
1 0.6 0.328472 0.015625 0.0430556
0 0.707422 0.288889 0.0117188 0.0361111
0 0.546875 0.286111 0.0109375 0.0388889
0 0.279297 0.290278 0.0101562 0.0416667
0 0.414453 0.50625 0.0164062 0.0652778
0 0.382422 0.365972 0.0148437 0.0486111
1 0.130078 0.522917 0.0132813 0.0569444
1 0.405078 0.409028 0.0117188 0.0513889
0 0.632422 0.565972 0.0195312 0.0513889
0 0.2125 0.44375 0.0140625 0.0541667
0 0.801172 0.729167 0.0226563 0.0694444
0 0.248047 0.361806 0.0148437 0.0486111
1 0.104297 0.351389 0.0132813 0.0444444
0 0.184766 0.609722 0.0195312 0.0638889
1 0.775 0.379167 0.0140625 0.0416667
1 0.797656 0.595139 0.0171875 0.0680556
1 0.616797 0.502083 0.0226563 0.0569444
