1 0.377344 0.447917 0.0125 0.0513889
0 0.995313 0.848611 0.0078125 0.0388889
0 0.157031 0.390972 0.0125 0.0541667
0 0.153516 0.400694 0.0101562 0.0402778
0 0.378125 0.448611 0.0125 0.0527778
1 0.157813 0.383333 0.0125 0.0388889
0 0.15625 0.409028 0.0109375 0.0375
1 0.205078 0.353472 0.0101562 0.0458333
1 0.685156 0.313889 0.0125 0.0527778
0 0.302734 0.372917 0.00859375 0.0486111
1 0.305859 0.283333 0.00859375 0.0416667
1 0.3875 0.203472 0.0109375 0.0347222
1 0.603906 0.220139 0.0078125 0.0347222
0 0.251172 0.278472 0.0101562 0.0402778
0 0.498828 0.229167 0.00859375 0.0333333
0 0.174609 0.349306 0.0117188 0.0402778
0 0.3625 0.29375 0.0109375 0.0375
0 0.148047 0.483333 0.0148437 0.0583333
1 0.488281 0.330556 0.0140625 0.0416667
1 0.854688 0.565972 0.015625 0.0597222
1 0.291797 0.406944 0.0101562 0.0444444
0 0.393359 0.513194 0.0164062 0.0569444
1 0.234766 0.646528 0.0164062 0.0736111
0 0.751172 0.400694 0.0164062 0.0458333
