0 0.232812 0.204167 0.0078125 0.0277778
0 0.413672 0.236111 0.0132813 0.0388889
1 0.791016 0.2625 0.00703125 0.0277778
1 0.409375 0.233333 0.0125 0.0416667
0 0.519922 0.444444 0.0117188 0.0611111
0 0.791406 0.295139 0.0078125 0.0319444
1 0.667188 0.225694 0.00625 0.0347222
0 0.612891 0.219444 0.00703125 0.0333333
1 0.498828 0.215972 0.00859375 0.0347222
1 0.679688 0.29375 0.0078125 0.0430556
1 0.500391 0.392361 0.0101562 0.0569444
1 0.304688 0.305556 0.0125 0.0416667
0 0.7375 0.240972 0.0078125 0.0347222
1 0.242578 0.279167 0.0101562 0.0416667
0 0.324609 0.309028 0.0117188 0.0513889
0 0.142969 0.366667 0.0140625 0.0472222
0 0.164453 0.293056 0.0101562 0.0472222
1 0.752734 0.430556 0.0101562 0.0583333
1 0.532812 0.599306 0.0140625 0.0680556
0 0.145703 0.469444 0.0179687 0.0583333
