0 0.853906 0.467361 0.021875 0.0652778
1 0.550391 0.369444 0.0117188 0.0416667
1 0.776563 0.565972 0.0125 0.0513889
0 0.443359 0.328472 0.00703125 0.0402778
1 0.739844 0.278472 0.0109375 0.0375
1 0.792969 0.529861 0.0140625 0.0486111
1 0.736328 0.411806 0.0117188 0.0486111
0 0.655859 0.240972 0.0101562 0.0319444
1 0.695312 0.300694 0.015625 0.0375
0 0.610547 0.245833 0.00859375 0.0361111
0 0.860937 0.464583 0.0125 0.0569444
1 0.843359 0.429861 0.0117188 0.0486111
0 0.304688 0.429167 0.0109375 0.0416667
0 0.325 0.290278 0.009375 0.0388889
0 0.8125 0.466667 0.0140625 0.0472222
0 0.537891 0.464583 0.0117188 0.0569444
0 0.269922 0.36875 0.0132813 0.0486111
1 0.523047 0.355556 0.0164062 0.0416667
1 0.647266 0.526389 0.0164062 0.0583333
1 0.122266 0.374306 0.0148437 0.0430556
1 0.239844 0.501389 0.01875 0.0527778
0 0.309375 0.570833 0.0203125 0.0555556
