0 0.278125 0.340278 0.015625 0.0361111
0 0.273438 0.338889 0.0125 0.0361111
0 0.360156 0.354167 0.015625 0.0388889
0 0.266406 0.295833 0.009375 0.0361111
1 0.252344 0.281944 0.0078125 0.0305556
1 0.763281 0.4125 0.0140625 0.0555556
1 0.275 0.334028 0.0140625 0.0402778
4 0.0148437 0.258333 0.0296875 0.075
0 0.125 0.36875 0.0109375 0.0347222
0 0.212109 0.326389 0.0132813 0.0416667
0 0.583984 0.289583 0.0132813 0.0402778
1 0.544141 0.243056 0.0101562 0.0361111
1 0.787891 0.524306 0.0164062 0.0625
0 0.658203 0.29375 0.0101562 0.0375
0 0.194141 0.420833 0.0117188 0.05
1 0.500391 0.420139 0.0164062 0.0569444
0 0.660937 0.504861 0.0125 0.0597222
1 0.549219 0.402083 0.0140625 0.0513889
0 0.390625 0.357639 0.0140625 0.0402778
0 0.528516 0.63125 0.0132813 0.0625
1 0.707812 0.348611 0.0140625 0.0444444
1 0.377734 0.523611 0.0210938 0.0611111
1 0.0777344 0.427083 0.0101562 0.0430556
