1 0.658203 0.378472 0.00859375 0.0291667
0 0.826563 0.33125 0.0078125 0.0319444
0 0.621094 0.310417 0.0078125 0.0319444
1 0.655078 0.386806 0.0132813 0.0347222
0 0.649609 0.390278 0.0132813 0.0361111
1 0.610156 0.286111 0.0078125 0.0333333
0 0.705859 0.265972 0.00703125 0.0291667
1 0.513672 0.520833 0.0117188 0.05
0 0.61875 0.624306 0.0125 0.0569444
1 0.665234 0.435417 0.0117188 0.0375
1 0.578125 0.394444 0.015625 0.0388889
0 0.403516 0.432639 0.0101562 0.0402778
1 0.748438 0.416667 0.0140625 0.0416667
0 0.730469 0.472917 0.0140625 0.0375
0 0.311719 0.305556 0.0078125 0.0305556
0 0.874219 0.625 0.015625 0.0555556
0 0.354688 0.556944 0.0140625 0.0527778
1 0.666406 0.506944 0.0140625 0.0416667
1 0.784375 0.370833 0.0125 0.0361111
0 0.583594 0.486806 0.015625 0.0402778
1 0.33125 0.392361 0.0078125 0.0375
0 0.203125 0.403472 0.0109375 0.0458333
1 0.783203 0.504861 0.0179687 0.0430556
4 0.864062 0.31875 0.0734375 0.0847222
