0 0.476953 0.24375 0.00546875 0.0263889
0 0.498047 0.24375 0.00703125 0.0263889
0 0.227344 0.329861 0.0078125 0.0291667
1 0.594531 0.255556 0.009375 0.0305556
0 0.501172 0.265278 0.00703125 0.0305556
0 0.523438 0.25 0.0078125 0.0277778
1 0.567187 0.295139 0.0125 0.0319444
0 0.323828 0.3375 0.00859375 0.0388889
1 0.520703 0.326389 0.00859375 0.0388889
0 0.389062 0.289583 0.0078125 0.0375
0 0.649219 0.277083 0.0078125 0.0375
1 0.338672 0.338889 0.00859375 0.0416667
0 0.421094 0.323611 0.009375 0.0361111
0 0.277344 0.367361 0.0078125 0.0430556
0 0.428125 0.372222 0.0078125 0.0472222
1 0.7 0.338194 0.0109375 0.0375
1 0.830078 0.320833 0.0101562 0.0444444
0 0.795313 0.430556 0.0109375 0.0472222
1 0.853516 0.423611 0.0101562 0.05
1 0.35625 0.435417 0.0125 0.0458333
1 0.821875 0.511806 0.0109375 0.0541667
4 0.173828 0.329167 0.0882813 0.0916667
