0 0.648438 0.234028 0.00625 0.0291667
0 0.735547 0.285417 0.00703125 0.0291667
0 0.735937 0.259722 0.0078125 0.0305556
0 0.196484 0.445833 0.0117188 0.0444444
0 0.8875 0.433333 0.0078125 0.0333333
1 0.550391 0.261111 0.00703125 0.0305556
1 0.712109 0.338889 0.00859375 0.0361111
1 0.655078 0.285417 0.00703125 0.0291667
0 0.632812 0.309028 0.0078125 0.0319444
1 0.903516 0.467361 0.0132813 0.0375
0 0.692969 0.373611 0.0078125 0.0388889
1 0.276953 0.427083 0.0117188 0.0347222
0 0.338281 0.331944 0.0078125 0.0333333
1 0.602734 0.425 0.00859375 0.0388889
0 0.204297 0.301389 0.00859375 0.0361111
0 0.556641 0.424306 0.0101562 0.0430556
0 0.105469 0.373611 0.0109375 0.0444444
1 0.465234 0.322222 0.00859375 0.0333333
1 0.219531 0.338194 0.009375 0.0347222
0 0.464844 0.525 0.0125 0.05
1 0.615625 0.3375 0.0109375 0.0388889
4 0.833203 0.3125 0.0757812 0.0888889
