0 0.644141 0.613889 0.0164062 0.0583333
0 0.636719 0.615278 0.0140625 0.0527778
1 0.833984 0.357639 0.0101562 0.0430556
1 0.646875 0.606944 0.0109375 0.05
0 0.728906 0.263889 0.00625 0.025
1 0.576563 0.281944 0.0078125 0.0333333
0 0.571094 0.569444 0.015625 0.0555556
0 0.595312 0.354167 0.0109375 0.0388889
0 0.370703 0.418056 0.00859375 0.0388889
1 0.264453 0.388194 0.00859375 0.0402778
1 0.651953 0.341667 0.00859375 0.0333333
1 0.725 0.391667 0.0109375 0.0388889
0 0.86875 0.619444 0.0140625 0.0527778
1 0.498047 0.394444 0.00859375 0.0388889
0 0.271094 0.313194 0.0078125 0.0319444
0 0.705859 0.472917 0.0117188 0.0430556
0 0.166797 0.402778 0.0101562 0.0444444
1 0.43125 0.579167 0.0125 0.0527778
0 0.280469 0.577778 0.0171875 0.0583333
1 0.646484 0.425694 0.00859375 0.0402778
1 0.878906 0.554861 0.01875 0.0486111
4 0.845312 0.317361 0.06875 0.0791667
