0 0.629297 0.415278 0.0195312 0.0944444
0 0.151172 0.195139 0.00859375 0.0347222
1 0.702344 0.260417 0.009375 0.0430556
1 0.608594 0.201389 0.009375 0.0444444
0 0.735156 0.284028 0.009375 0.0402778
1 0.721875 0.247917 0.009375 0.0430556
1 0.501953 0.254167 0.0101562 0.0444444
1 0.730078 0.316667 0.0117188 0.0444444
0 0.491016 0.264583 0.0117188 0.0430556
0 0.624219 0.424306 0.0109375 0.0569444
1 0.679688 0.280556 0.0109375 0.0444444
0 0.604297 0.245833 0.00859375 0.0472222
0 0.408594 0.202778 0.009375 0.0388889
1 0.429297 0.238889 0.00859375 0.0388889
0 0.0832031 0.422917 0.0148437 0.0541667
0 0.134375 0.578472 0.015625 0.0763889
0 0.344531 0.247222 0.0140625 0.0472222
0 0.444531 0.333333 0.0109375 0.0555556
1 0.50625 0.315278 0.0125 0.0472222
1 0.259766 0.380556 0.0132813 0.0527778
1 0.743359 0.406944 0.0132813 0.0583333
1 0.584766 0.519444 0.0195312 0.0638889
