0 0.740234 0.477778 0.00859375 0.0444444
0 0.741406 0.4 0.0109375 0.0416667
1 0.726172 0.422222 0.0117188 0.0444444
1 0.647266 0.305556 0.00859375 0.0305556
0 0.685547 0.28125 0.00703125 0.0291667
0 0.394922 0.43125 0.0101562 0.0402778
1 0.730078 0.492361 0.0117188 0.0375
0 0.337109 0.311111 0.00859375 0.0305556
1 0.779688 0.402778 0.009375 0.0416667
1 0.596484 0.392361 0.0148437 0.0402778
1 0.646094 0.479167 0.015625 0.0472222
1 0.676953 0.427083 0.0117188 0.0375
1 0.356641 0.401389 0.0101562 0.0388889
1 0.492578 0.479167 0.0132813 0.0416667
0 0.558594 0.555556 0.01875 0.05
0 0.872656 0.628472 0.0109375 0.0541667
0 0.219922 0.404167 0.0101562 0.0388889
0 0.553125 0.494444 0.0125 0.0444444
1 0.705859 0.384722 0.0101562 0.0361111
0 0.340234 0.538889 0.0117188 0.05
4 0.876953 0.327778 0.0664062 0.0833333
