1 0.696875 0.34375 0.009375 0.0347222
0 0.697656 0.339583 0.009375 0.0319444
1 0.602344 0.302083 0.009375 0.0291667
0 0.722656 0.340972 0.0078125 0.0263889
1 0.589063 0.334722 0.0078125 0.0361111
1 0.530469 0.315972 0.009375 0.0347222
0 0.600391 0.378472 0.00859375 0.0402778
1 0.621484 0.341667 0.00859375 0.0333333
1 0.546484 0.311111 0.00703125 0.0305556
0 0.63125 0.305556 0.0078125 0.0333333
0 0.507031 0.409722 0.0078125 0.0444444
0 0.167578 0.479861 0.0132813 0.0513889
1 0.679297 0.372222 0.0101562 0.0388889
0 0.0945313 0.427778 0.0109375 0.0472222
1 0.249609 0.446528 0.0117188 0.0430556
0 0.232422 0.565972 0.0117188 0.0569444
1 0.555469 0.436806 0.0109375 0.0458333
0 0.33125 0.356944 0.009375 0.0388889
0 0.196484 0.338889 0.00859375 0.0361111
1 0.719141 0.425694 0.0101562 0.0402778
1 0.157031 0.418056 0.0125 0.0472222
4 0.803125 0.314583 0.075 0.0819444
