0 0.539453 0.261806 0.00859375 0.0347222
1 0.528906 0.274306 0.009375 0.0319444
0 0.602344 0.255556 0.0109375 0.0388889
1 0.501562 0.339583 0.009375 0.0375
1 0.561719 0.272222 0.0078125 0.0333333
0 0.455469 0.302083 0.0078125 0.0375
0 0.546875 0.3 0.009375 0.0333333
1 0.839453 0.414583 0.0101562 0.0486111
0 0.814453 0.409028 0.0101562 0.0486111
0 0.617188 0.278472 0.0078125 0.0375
1 0.812891 0.316667 0.00859375 0.0388889
1 0.851562 0.502778 0.0109375 0.0527778
1 0.642969 0.278472 0.009375 0.0402778
1 0.734375 0.354861 0.009375 0.0430556
0 0.351172 0.467361 0.0101562 0.0541667
0 0.557031 0.360417 0.009375 0.0430556
1 0.617969 0.511806 0.0109375 0.0569444
0 0.386328 0.35625 0.00859375 0.0430556
0 0.594141 0.424306 0.0117188 0.0458333
1 0.621094 0.352083 0.0078125 0.0430556
4 0.170312 0.330556 0.084375 0.0916667
