1 0.462109 0.236806 0.00859375 0.0291667
1 0.447266 0.239583 0.00703125 0.0319444
0 0.446484 0.240278 0.00703125 0.0305556
1 0.560547 0.259722 0.00859375 0.0333333
1 0.347266 0.327778 0.00859375 0.0388889
0 0.527344 0.259722 0.0078125 0.0333333
0 0.678516 0.281944 0.00859375 0.0361111
0 0.403516 0.332639 0.00703125 0.0402778
0 0.487109 0.263194 0.00859375 0.0291667
0 0.322266 0.33125 0.00859375 0.0375
0 0.306641 0.368056 0.0101562 0.0416667
1 0.8625 0.422917 0.0125 0.0486111
0 0.361328 0.29375 0.00859375 0.0347222
0 0.466406 0.38125 0.009375 0.0402778
1 0.708594 0.3375 0.0078125 0.0388889
1 0.536328 0.349306 0.00859375 0.0375
1 0.617578 0.295139 0.0101562 0.0375
0 0.804688 0.43125 0.0125 0.0458333
1 0.858594 0.508333 0.015625 0.0555556
1 0.830859 0.324306 0.0117188 0.0430556
1 0.425781 0.440278 0.0125 0.0388889
4 0.166016 0.334028 0.0804688 0.0902778
