0 0.43125 0.402778 0.0125 0.05
0 0.226562 0.345139 0.0140625 0.0486111
1 0.424609 0.209722 0.00703125 0.0305556
0 0.222656 0.338889 0.0125 0.0388889
1 0.227344 0.352778 0.0125 0.0472222
1 0.777344 0.246528 0.0109375 0.0375
0 0.816016 0.279861 0.00859375 0.0375
1 0.396875 0.252083 0.009375 0.0347222
1 0.677734 0.225694 0.00703125 0.0319444
1 0.363281 0.781944 0.0171875 0.0805556
1 0.433203 0.446528 0.0117188 0.0625
0 0.286719 0.257639 0.0078125 0.0375
0 0.503125 0.231944 0.00625 0.0333333
0 0.713672 0.252083 0.00859375 0.0347222
1 0.267578 0.400694 0.0117188 0.0513889
0 0.491406 0.275694 0.009375 0.0402778
0 0.421094 0.355556 0.0109375 0.0472222
1 0.649219 0.306944 0.009375 0.0416667
0 0.198828 0.415278 0.0117188 0.0527778
0 0.178516 0.538194 0.0132813 0.0625
1 0.904688 0.500694 0.0109375 0.0569444
0 0.528125 0.486806 0.0125 0.0569444
