0 0.413281 0.488194 0.0125 0.0541667
0 0.914453 0.395833 0.0164062 0.0444444
1 0.229687 0.370139 0.009375 0.0347222
4 0.989062 0.300694 0.021875 0.0763889
1 0.233984 0.390972 0.0132813 0.0513889
1 0.425391 0.429861 0.0101562 0.0513889
1 0.725391 0.311806 0.0101562 0.0430556
1 0.617188 0.225 0.0078125 0.0333333
0 0.419141 0.344444 0.00859375 0.0416667
1 0.398047 0.222917 0.00859375 0.0347222
0 0.694141 0.321528 0.00859375 0.0402778
0 0.450781 0.241667 0.009375 0.0361111
0 0.203125 0.365278 0.009375 0.0472222
0 0.26875 0.297222 0.009375 0.0388889
0 0.710156 0.434722 0.009375 0.0555556
1 0.300781 0.328472 0.009375 0.0430556
1 0.632031 0.351389 0.0109375 0.0416667
0 0.53125 0.544444 0.015625 0.0555556
1 0.350391 0.750694 0.0164062 0.0708333
0 0.158594 0.44375 0.0125 0.0513889
0 0.199219 0.56875 0.015625 0.0569444
0 0.369141 0.438194 0.0148437 0.0541667
1 0.916797 0.53125 0.0179687 0.0541667
