0 0.398047 0.41875 0.0117188 0.0486111
0 0.171875 0.341667 0.0078125 0.0305556
0 0.614062 0.825694 0.01875 0.0763889
0 0.301562 0.302778 0.0078125 0.0361111
1 0.507812 0.342361 0.0125 0.0402778
0 0.661719 0.361111 0.0125 0.0388889
0 0.342578 0.444444 0.0164062 0.05
0 0.387109 0.356944 0.0117188 0.0444444
0 0.342578 0.740278 0.0195312 0.0555556
1 0.494141 0.435417 0.0148437 0.0513889
0 0.246094 0.348611 0.009375 0.0444444
0 0.544531 0.326389 0.0140625 0.0444444
0 0.219531 0.430556 0.015625 0.0527778
1 0.485547 0.615278 0.0164062 0.0638889
1 0.208984 0.329861 0.0101562 0.0430556
0 0.135937 0.511806 0.0125 0.0569444
1 0.785156 0.525 0.0140625 0.0527778
1 0.316016 0.420833 0.0179687 0.0527778
1 0.741016 0.759722 0.0273438 0.0805556
1 0.767578 0.400694 0.0179687 0.0486111
1 0.177734 0.440972 0.0101562 0.0430556
1 0.351172 0.575 0.0226563 0.0583333
4 0.0476562 0.288194 0.0828125 0.0958333
