0 0.701563 0.226389 0.0109375 0.0277778
1 0.429297 0.2125 0.00859375 0.0333333
1 0.654688 0.207639 0.0078125 0.0319444
1 0.767578 0.222917 0.00859375 0.0347222
0 0.526172 0.218056 0.00703125 0.0388889
0 0.524219 0.460417 0.0109375 0.0569444
1 0.247656 0.336111 0.009375 0.0444444
1 0.384375 0.239583 0.0078125 0.0375
0 0.316797 0.247222 0.0101562 0.0388889
0 0.770312 0.269444 0.009375 0.0388889
1 0.425781 0.754861 0.0171875 0.0819444
0 0.204297 0.388889 0.0132813 0.05
1 0.443359 0.432639 0.0101562 0.0597222
0 0.224219 0.326389 0.0109375 0.0444444
0 0.474219 0.247917 0.009375 0.0375
1 0.672656 0.294444 0.009375 0.0388889
1 0.327734 0.378472 0.0101562 0.0513889
0 0.414844 0.320833 0.009375 0.0416667
0 0.198437 0.5125 0.0140625 0.0611111
1 0.872656 0.478472 0.0171875 0.0597222
