0 0.744531 0.290972 0.0078125 0.0319444
0 0.735547 0.254861 0.00703125 0.0319444
0 0.199609 0.449306 0.0117188 0.0513889
0 0.633594 0.310417 0.0078125 0.0375
1 0.660156 0.289583 0.00625 0.0319444
1 0.917578 0.478472 0.0132813 0.0402778
0 0.208203 0.300694 0.00703125 0.0375
1 0.553125 0.2625 0.0078125 0.0305556
0 0.700781 0.377083 0.009375 0.0402778
1 0.715625 0.341667 0.009375 0.0416667
1 0.621875 0.341667 0.009375 0.0388889
1 0.610156 0.436806 0.0109375 0.0402778
0 0.340234 0.3375 0.00859375 0.0361111
0 0.485547 0.529861 0.0179687 0.0486111
1 0.224219 0.340278 0.009375 0.0333333
0 0.895703 0.447222 0.0101562 0.0388889
1 0.282031 0.438194 0.0109375 0.0402778
1 0.46875 0.325694 0.0078125 0.0347222
0 0.566406 0.436111 0.0109375 0.0472222
0 0.110156 0.374306 0.0109375 0.0430556
4 0.833594 0.313889 0.071875 0.0888889
