0 0.725391 0.327778 0.00546875 0.0194444
1 0.509375 0.441667 0.0140625 0.05
1 0.664844 0.704861 0.028125 0.0930556
1 0.667188 0.686111 0.01875 0.0722222
1 0.651953 0.73125 0.0257812 0.0680556
1 0.800781 0.584722 0.015625 0.0722222
0 0.389062 0.365972 0.0125 0.0458333
1 0.636719 0.501389 0.01875 0.0555556
0 0.821094 0.699306 0.0203125 0.0680556
0 0.707422 0.283333 0.0117188 0.0333333
0 0.426172 0.513889 0.0132813 0.0583333
0 0.551172 0.284722 0.0117188 0.0361111
0 0.283203 0.288194 0.00859375 0.0402778
1 0.137891 0.528472 0.0132813 0.0569444
1 0.608594 0.327778 0.0125 0.0444444
1 0.105078 0.353472 0.0101562 0.0458333
0 0.633203 0.55625 0.0210938 0.0486111
0 0.251563 0.360417 0.0109375 0.0486111
0 0.221094 0.44375 0.0125 0.0513889
1 0.784375 0.374306 0.0140625 0.0430556
1 0.415625 0.410417 0.0125 0.0513889
1 0.607422 0.653472 0.0210938 0.0597222
0 0.196484 0.609722 0.0195312 0.0666667
