1 0.958984 0.363194 0.0148437 0.0458333
0 0.157422 0.390972 0.0132813 0.0541667
1 0.378125 0.444444 0.0109375 0.05
0 0.378906 0.447222 0.0125 0.0527778
0 0.153516 0.400694 0.0101562 0.0402778
1 0.158203 0.383333 0.0132813 0.0388889
0 0.15625 0.409028 0.0109375 0.0375
1 0.205469 0.353472 0.009375 0.0458333
0 0.303125 0.372917 0.009375 0.0486111
0 0.499219 0.228472 0.009375 0.0347222
1 0.305859 0.283333 0.00859375 0.0416667
1 0.685938 0.313194 0.0109375 0.0541667
1 0.386328 0.204861 0.0101562 0.0347222
1 0.604688 0.222222 0.0078125 0.0333333
1 0.29375 0.40625 0.0109375 0.0430556
0 0.174609 0.35 0.0117188 0.0416667
0 0.251563 0.279167 0.009375 0.0388889
1 0.4875 0.329861 0.0140625 0.0402778
0 0.362891 0.293056 0.0101562 0.0388889
0 0.148047 0.483333 0.0148437 0.0583333
1 0.855078 0.565972 0.0179687 0.0597222
0 0.394141 0.513194 0.0164062 0.0569444
1 0.234766 0.647222 0.0164062 0.0722222
0 0.748047 0.402778 0.0164062 0.0472222
