0 0.247656 0.203472 0.0078125 0.0291667
0 0.517187 0.442361 0.009375 0.0402778
1 0.789844 0.266667 0.0078125 0.0333333
0 0.61875 0.219444 0.009375 0.0361111
1 0.250391 0.276389 0.00859375 0.0416667
1 0.503906 0.216667 0.009375 0.0333333
1 0.416406 0.236806 0.009375 0.0430556
0 0.794141 0.296528 0.00859375 0.0319444
1 0.671094 0.226389 0.009375 0.0361111
0 0.741016 0.243056 0.00859375 0.0333333
1 0.682422 0.294444 0.00859375 0.0416667
0 0.1375 0.363889 0.0140625 0.05
1 0.304688 0.303472 0.009375 0.0458333
0 0.323828 0.309028 0.0117188 0.0513889
0 0.167187 0.292361 0.009375 0.0458333
1 0.748438 0.429167 0.0109375 0.0555556
1 0.538672 0.593056 0.0148437 0.0722222
1 0.505859 0.393056 0.0117188 0.0583333
0 0.140234 0.468056 0.0148437 0.0583333
