0 0.529688 0.259722 0.0109375 0.0333333
0 0.525391 0.258333 0.00703125 0.0277778
0 0.613672 0.329167 0.00859375 0.0416667
1 0.537109 0.246528 0.00703125 0.0291667
0 0.597656 0.241667 0.009375 0.0361111
1 0.499219 0.25 0.0078125 0.0305556
0 0.622656 0.28125 0.0078125 0.0319444
1 0.636328 0.259722 0.00859375 0.0388889
0 0.455469 0.279861 0.009375 0.0375
0 0.542578 0.280556 0.00703125 0.0333333
1 0.851953 0.41875 0.0101562 0.0541667
0 0.544922 0.3375 0.00859375 0.0416667
0 0.53125 0.398611 0.009375 0.0444444
1 0.480078 0.332639 0.00859375 0.0402778
0 0.8125 0.411111 0.0109375 0.05
0 0.389062 0.339583 0.009375 0.0402778
1 0.834766 0.304167 0.00859375 0.0388889
1 0.74375 0.341667 0.009375 0.0472222
1 0.597656 0.330556 0.0078125 0.0388889
0 0.363672 0.434722 0.0101562 0.0527778
1 0.8375 0.505556 0.0125 0.0638889
1 0.596875 0.482639 0.015625 0.0541667
4 0.179688 0.313889 0.09375 0.0944444
