0 0.228125 0.205556 0.0078125 0.0305556
0 0.51875 0.447222 0.009375 0.0611111
1 0.495313 0.213889 0.009375 0.0333333
1 0.665625 0.222222 0.0109375 0.0416667
1 0.403516 0.234028 0.00859375 0.0430556
0 0.418359 0.2375 0.0101562 0.0388889
0 0.610156 0.219444 0.009375 0.0333333
0 0.791016 0.294444 0.0117188 0.0361111
1 0.791406 0.259722 0.0078125 0.0305556
1 0.679297 0.293056 0.00859375 0.0416667
0 0.325 0.309722 0.0109375 0.0472222
0 0.735547 0.240972 0.0101562 0.0375
1 0.305859 0.305556 0.00859375 0.0388889
1 0.239453 0.279861 0.00859375 0.0402778
0 0.14375 0.367361 0.0125 0.0458333
1 0.498047 0.395139 0.0117188 0.0541667
0 0.144141 0.471528 0.0132813 0.0569444
0 0.164453 0.29375 0.0148437 0.0430556
1 0.528125 0.6 0.0140625 0.0694444
1 0.758203 0.431944 0.0195312 0.0583333
