0 0.913281 0.395139 0.0171875 0.0430556
0 0.229687 0.372917 0.009375 0.0430556
0 0.412109 0.489583 0.0101562 0.0569444
1 0.229297 0.370833 0.0101562 0.0361111
4 0.989062 0.303472 0.0203125 0.0736111
1 0.233984 0.388889 0.0148437 0.0555556
1 0.425781 0.429167 0.0109375 0.0527778
1 0.619141 0.225 0.00859375 0.0333333
1 0.725391 0.313194 0.0117188 0.0430556
0 0.418359 0.344444 0.0101562 0.0416667
1 0.398047 0.221528 0.00859375 0.0347222
0 0.453125 0.240278 0.009375 0.0333333
0 0.694922 0.320833 0.00859375 0.0416667
0 0.269141 0.297917 0.00859375 0.0375
0 0.203125 0.3625 0.009375 0.0416667
1 0.301562 0.327778 0.009375 0.0416667
0 0.528516 0.545139 0.0132813 0.0513889
0 0.709375 0.435417 0.0109375 0.0541667
0 0.197266 0.566667 0.0148437 0.0583333
0 0.366797 0.434028 0.0117188 0.0513889
1 0.348047 0.748611 0.0164062 0.075
0 0.158203 0.441667 0.0132813 0.05
1 0.628516 0.351389 0.0117188 0.0388889
1 0.916797 0.533333 0.0164062 0.0555556
