0 0.925781 0.379167 0.0109375 0.0527778
1 0.218359 0.369444 0.00703125 0.0444444
1 0.219922 0.381944 0.0101562 0.0611111
1 0.401172 0.210417 0.00703125 0.0319444
1 0.721484 0.308333 0.00859375 0.0388889
1 0.321094 0.725 0.0140625 0.0694444
1 0.653516 0.216667 0.00703125 0.0305556
1 0.417188 0.420833 0.0109375 0.0527778
0 0.489062 0.238194 0.009375 0.0347222
0 0.704687 0.315972 0.009375 0.0402778
0 0.195312 0.363194 0.0109375 0.0458333
0 0.353906 0.420833 0.0125 0.05
0 0.263281 0.29375 0.0109375 0.0375
1 0.58125 0.349306 0.0125 0.0402778
0 0.407813 0.338194 0.0109375 0.0402778
0 0.708203 0.419444 0.0117188 0.05
0 0.152734 0.432639 0.0132813 0.0513889
0 0.193359 0.552083 0.0148437 0.0625
1 0.305078 0.315278 0.00859375 0.0444444
0 0.496484 0.5375 0.0117188 0.05
1 0.90625 0.535417 0.01875 0.0569444
