1 0.66875 0.310417 0.0125 0.0486111
1 0.960156 0.365972 0.0140625 0.0430556
0 0.380469 0.445833 0.0109375 0.0527778
1 0.150781 0.386806 0.0109375 0.0375
0 0.153906 0.409028 0.0140625 0.0402778
1 0.381641 0.208333 0.00859375 0.0333333
1 0.665234 0.320833 0.0117188 0.0416667
0 0.290625 0.382639 0.0109375 0.0458333
0 0.676172 0.298611 0.00859375 0.0361111
1 0.264062 0.415278 0.009375 0.0472222
1 0.300781 0.288889 0.009375 0.0388889
1 0.202344 0.354861 0.009375 0.0430556
1 0.215234 0.643056 0.0164062 0.0638889
0 0.473047 0.236806 0.0117188 0.0347222
1 0.578516 0.231944 0.00703125 0.0361111
0 0.248437 0.283333 0.009375 0.0416667
0 0.351562 0.295139 0.0109375 0.0375
0 0.146094 0.472917 0.015625 0.0541667
0 0.176563 0.347917 0.0109375 0.0486111
0 0.823047 0.409722 0.0164062 0.0472222
1 0.475781 0.332639 0.0109375 0.0458333
1 0.860937 0.589583 0.0171875 0.0597222
0 0.373047 0.513194 0.0164062 0.0541667
