1 0.446094 0.794444 0.0171875 0.075
1 0.447266 0.411806 0.00859375 0.0458333
1 0.398047 0.236806 0.00703125 0.0319444
1 0.587109 0.238194 0.00859375 0.0319444
0 0.422656 0.235417 0.0078125 0.0347222
1 0.930859 0.504167 0.0117188 0.0555556
0 0.637891 0.281944 0.00859375 0.0333333
0 0.408594 0.353472 0.0078125 0.0402778
0 0.625391 0.5375 0.0101562 0.0555556
0 0.265234 0.290972 0.00859375 0.0347222
1 0.20625 0.452778 0.009375 0.05
1 0.6375 0.347222 0.0109375 0.0361111
0 0.248047 0.576389 0.0148437 0.0555556
1 0.7 0.306944 0.009375 0.0388889
0 0.170312 0.458333 0.0109375 0.05
1 0.309766 0.319444 0.00859375 0.0388889
1 0.25625 0.345139 0.009375 0.0402778
0 0.715234 0.44375 0.0117188 0.0513889
0 0.388672 0.442361 0.0117188 0.0541667
0 0.179688 0.360417 0.0109375 0.0458333
4 0.962891 0.305556 0.0726563 0.0916667
