0 0.226172 0.348611 0.0117188 0.0555556
0 0.418359 0.403472 0.0164062 0.0458333
1 0.423438 0.208333 0.0078125 0.0305556
1 0.226562 0.352083 0.0109375 0.0513889
1 0.785937 0.2625 0.009375 0.0388889
0 0.419531 0.371528 0.009375 0.0430556
0 0.500781 0.245139 0.009375 0.0347222
1 0.636719 0.313889 0.009375 0.0416667
1 0.692187 0.236806 0.0078125 0.0347222
0 0.840234 0.292361 0.0101562 0.0375
1 0.425 0.45 0.0125 0.0555556
1 0.401953 0.254861 0.00859375 0.0402778
0 0.721875 0.259722 0.009375 0.0333333
1 0.342969 0.783333 0.0171875 0.0805556
0 0.279687 0.265278 0.0078125 0.0388889
1 0.907031 0.509028 0.0125 0.0625
0 0.204688 0.424306 0.0125 0.0541667
0 0.521484 0.499306 0.0117188 0.0569444
1 0.257422 0.4125 0.0117188 0.0527778
0 0.488672 0.286111 0.00859375 0.0388889
0 0.170312 0.547222 0.0140625 0.0611111
