0 0.679688 0.343056 0.0125 0.0472222
1 0.588281 0.234722 0.0078125 0.0305556
1 0.439063 0.429861 0.009375 0.0458333
0 0.675391 0.31875 0.0101562 0.0375
1 0.680859 0.351389 0.0101562 0.0361111
0 0.188672 0.366667 0.0101562 0.0444444
0 0.425391 0.352083 0.00859375 0.0430556
1 0.396484 0.230556 0.00703125 0.0333333
0 0.421094 0.241667 0.0078125 0.0388889
1 0.230078 0.417361 0.0117188 0.0458333
0 0.274219 0.300694 0.009375 0.0347222
1 0.382031 0.791667 0.0140625 0.075
1 0.24375 0.359722 0.0109375 0.0361111
1 0.940234 0.525 0.0117188 0.0527778
0 0.166016 0.452778 0.0132813 0.05
1 0.726953 0.309722 0.00859375 0.0388889
0 0.574609 0.547222 0.0164062 0.0527778
0 0.719531 0.445139 0.009375 0.0513889
0 0.379687 0.440972 0.0125 0.0541667
1 0.301562 0.331944 0.009375 0.0416667
0 0.217187 0.575694 0.0140625 0.0597222
4 0.975781 0.309028 0.0484375 0.0902778
