1 0.678906 0.325 0.009375 0.0361111
1 0.810938 0.473611 0.0234375 0.0722222
0 0.503906 0.261806 0.00625 0.0319444
0 0.679297 0.323611 0.0101562 0.0361111
1 0.609375 0.275 0.0109375 0.0388889
0 0.608984 0.275 0.0101562 0.0361111
1 0.790625 0.388889 0.009375 0.0444444
0 0.403906 0.309722 0.0078125 0.0416667
1 0.516406 0.275 0.009375 0.0333333
1 0.574609 0.519444 0.0132813 0.0611111
1 0.458203 0.345139 0.00859375 0.0402778
0 0.50625 0.296528 0.009375 0.0319444
0 0.771484 0.377778 0.00859375 0.0444444
0 0.298438 0.36875 0.009375 0.0375
0 0.582422 0.248611 0.0117188 0.0361111
1 0.545313 0.279861 0.009375 0.0430556
1 0.809766 0.470833 0.0132813 0.0555556
1 0.589063 0.347222 0.009375 0.0416667
1 0.690234 0.349306 0.0101562 0.0430556
1 0.749609 0.304167 0.00859375 0.0388889
0 0.53125 0.359722 0.0125 0.0416667
0 0.280859 0.495139 0.0117188 0.0541667
0 0.606641 0.445833 0.0132813 0.05
4 0.100781 0.330556 0.0875 0.0916667
