1 0.462891 0.235417 0.00859375 0.0319444
1 0.447656 0.240278 0.0078125 0.0333333
0 0.447266 0.243056 0.00703125 0.0333333
1 0.561719 0.258333 0.0078125 0.0333333
0 0.526172 0.256944 0.00703125 0.0333333
1 0.346484 0.327778 0.00703125 0.0388889
0 0.485938 0.263889 0.0078125 0.0277778
0 0.677734 0.281944 0.0101562 0.0333333
0 0.401563 0.334028 0.009375 0.0402778
0 0.361328 0.292361 0.00859375 0.0375
0 0.464063 0.378472 0.009375 0.0430556
1 0.534766 0.347917 0.00859375 0.0402778
0 0.321484 0.33125 0.00859375 0.0402778
1 0.862891 0.423611 0.0132813 0.0472222
0 0.305859 0.367361 0.0117188 0.0402778
1 0.616016 0.297917 0.0101562 0.0375
0 0.805078 0.429167 0.0132813 0.0472222
1 0.708203 0.3375 0.00859375 0.0388889
1 0.83125 0.324306 0.0109375 0.0430556
1 0.420703 0.440972 0.0101562 0.0430556
1 0.858203 0.509028 0.0164062 0.0541667
4 0.166797 0.334028 0.0804688 0.0902778
