1 0.154687 0.195139 0.009375 0.0375
0 0.49375 0.260417 0.0171875 0.0458333
0 0.154297 0.195833 0.00859375 0.0361111
0 0.607813 0.202083 0.0109375 0.0375
1 0.702734 0.261806 0.0101562 0.0430556
1 0.500391 0.255556 0.00859375 0.0416667
0 0.488281 0.263889 0.0109375 0.0416667
0 0.735156 0.285417 0.009375 0.0402778
1 0.721484 0.249306 0.0101562 0.0430556
1 0.729688 0.315972 0.0109375 0.0430556
0 0.603516 0.245139 0.0117188 0.0458333
1 0.68125 0.280556 0.0109375 0.0472222
0 0.410156 0.204167 0.0109375 0.0388889
0 0.61875 0.427778 0.0140625 0.0583333
0 0.443359 0.333333 0.0117188 0.0527778
0 0.345313 0.247222 0.0109375 0.0472222
1 0.427344 0.236111 0.0109375 0.0416667
1 0.256641 0.38125 0.0117188 0.0541667
1 0.505469 0.315972 0.0109375 0.0458333
0 0.0738281 0.424306 0.0164062 0.0569444
1 0.580469 0.518056 0.0125 0.0611111
1 0.742969 0.410417 0.0125 0.0597222
0 0.129297 0.575694 0.0195312 0.0736111
