0 0.904688 0.341667 0.0109375 0.0388889
1 0.576953 0.369444 0.0101562 0.0277778
1 0.347656 0.290972 0.009375 0.0375
1 0.344922 0.282639 0.0101562 0.0319444
1 0.389844 0.381944 0.009375 0.0416667
0 0.3375 0.315972 0.009375 0.0375
0 0.476562 0.218056 0.0078125 0.0333333
1 0.451172 0.244444 0.00703125 0.0333333
0 0.236328 0.263889 0.00859375 0.0361111
0 0.597266 0.375694 0.0117188 0.0458333
1 0.645312 0.308333 0.0078125 0.0388889
0 0.537891 0.240972 0.00703125 0.0319444
1 0.601172 0.270833 0.00859375 0.0388889
0 0.497266 0.39375 0.0117188 0.0430556
0 0.685547 0.402778 0.0117188 0.0472222
0 0.155469 0.340278 0.0109375 0.0472222
1 0.564453 0.3125 0.00859375 0.0416667
1 0.732422 0.476389 0.0132813 0.0444444
1 0.745703 0.365972 0.0101562 0.0486111
0 0.191406 0.438194 0.0140625 0.0486111
0 0.359766 0.554861 0.0132813 0.0569444
4 0.955469 0.313194 0.0859375 0.101389
