0 0.181641 0.326389 0.00859375 0.0361111
1 0.534766 0.254861 0.00859375 0.0319444
0 0.446484 0.240972 0.00859375 0.0291667
0 0.323438 0.368056 0.0125 0.0361111
1 0.844141 0.410417 0.0101562 0.0430556
1 0.358203 0.313889 0.0101562 0.0361111
0 0.423828 0.330556 0.0101562 0.0388889
0 0.504297 0.267361 0.00859375 0.0347222
0 0.380859 0.284028 0.0101562 0.0319444
0 0.653906 0.270833 0.0078125 0.0388889
0 0.782031 0.421528 0.0109375 0.0458333
1 0.803125 0.311806 0.0078125 0.0375
1 0.628125 0.284722 0.009375 0.0333333
1 0.549609 0.350694 0.0117188 0.0402778
0 0.483594 0.379861 0.0125 0.0430556
1 0.684375 0.317361 0.009375 0.0402778
1 0.846875 0.488889 0.0125 0.0555556
1 0.49375 0.451389 0.015625 0.0444444
0 0.320703 0.326389 0.00859375 0.0388889
4 0.124609 0.329167 0.0882813 0.0888889
