0 0.502734 0.292361 0.0132813 0.0402778
0 0.684375 0.31875 0.0109375 0.0347222
0 0.497656 0.259722 0.0078125 0.0277778
1 0.787109 0.379861 0.00859375 0.0458333
1 0.686328 0.347222 0.00859375 0.0388889
0 0.397656 0.310417 0.0078125 0.0375
0 0.583203 0.247917 0.0101562 0.0375
1 0.808203 0.466667 0.0101562 0.0527778
0 0.498437 0.295139 0.0078125 0.0319444
1 0.583203 0.347222 0.00859375 0.0416667
0 0.528516 0.356944 0.00859375 0.0444444
1 0.542578 0.281944 0.00859375 0.0361111
1 0.451953 0.349306 0.00859375 0.0375
0 0.282422 0.372917 0.0101562 0.0402778
0 0.606641 0.444444 0.0101562 0.05
0 0.607031 0.272222 0.0109375 0.0416667
1 0.514844 0.272917 0.0078125 0.0375
1 0.744531 0.301389 0.0109375 0.0388889
0 0.269141 0.5 0.0117188 0.0583333
0 0.767187 0.370833 0.009375 0.0472222
1 0.566406 0.517361 0.0125 0.0541667
4 0.0878906 0.327778 0.0835937 0.0916667
