0 0.745313 0.28125 0.0078125 0.0375
0 0.363672 0.150694 0.0101562 0.0347222
0 0.676953 0.206944 0.00859375 0.0388889
0 0.628906 0.186111 0.0109375 0.0416667
1 0.526563 0.245139 0.0125 0.0541667
1 0.628906 0.186806 0.009375 0.0402778
0 0.523828 0.256944 0.0117188 0.0416667
0 0.727734 0.2625 0.0101562 0.0444444
1 0.723047 0.231944 0.00859375 0.0361111
1 0.745703 0.291667 0.0101562 0.0472222
0 0.341797 0.178472 0.00859375 0.0402778
1 0.678125 0.257639 0.0109375 0.0458333
1 0.413672 0.215278 0.00859375 0.0388889
0 0.639844 0.235417 0.0109375 0.0430556
0 0.336328 0.233333 0.0117188 0.0527778
1 0.580078 0.302083 0.0117188 0.0513889
1 0.314063 0.372222 0.0125 0.0583333
0 0.689844 0.367361 0.015625 0.0513889
1 0.766797 0.370139 0.0148437 0.0597222
0 0.16875 0.385417 0.0125 0.0597222
0 0.489062 0.303472 0.0125 0.0597222
0 0.272656 0.544444 0.015625 0.075
1 0.655859 0.500694 0.0195312 0.0680556
