0 0.633594 0.333333 0.0109375 0.0555556
0 0.732031 0.254861 0.00625 0.0291667
0 0.221875 0.302778 0.0078125 0.0361111
0 0.633203 0.320139 0.00703125 0.0347222
1 0.294141 0.469444 0.0117188 0.0472222
0 0.721875 0.395833 0.0078125 0.0444444
1 0.669531 0.302778 0.0078125 0.0333333
1 0.560547 0.266667 0.00859375 0.0333333
1 0.236328 0.346528 0.00859375 0.0319444
1 0.721484 0.351389 0.00859375 0.0388889
0 0.210156 0.481944 0.0140625 0.0472222
0 0.598437 0.470833 0.0109375 0.0472222
0 0.127344 0.376389 0.009375 0.0416667
1 0.633203 0.35625 0.0101562 0.0430556
0 0.911328 0.493056 0.0117188 0.0472222
0 0.344922 0.352083 0.00859375 0.0375
1 0.632031 0.476389 0.0125 0.0527778
1 0.94375 0.501389 0.0140625 0.0416667
0 0.528906 0.552083 0.0140625 0.0486111
1 0.476562 0.3375 0.009375 0.0361111
4 0.834375 0.311111 0.0734375 0.0861111
