0 0.275 0.200694 0.009375 0.0319444
1 0.673828 0.228472 0.00859375 0.0347222
1 0.785937 0.273611 0.0078125 0.0416667
0 0.518359 0.436111 0.0101562 0.0472222
0 0.625781 0.221528 0.0109375 0.0347222
1 0.514453 0.218056 0.00859375 0.0361111
0 0.794141 0.297222 0.00859375 0.0305556
1 0.305859 0.303472 0.0117188 0.0458333
1 0.514063 0.384722 0.0078125 0.0583333
1 0.682813 0.29375 0.0078125 0.0430556
0 0.737891 0.242361 0.0101562 0.0375
0 0.405859 0.234028 0.00859375 0.0402778
0 0.327734 0.309028 0.0101562 0.0486111
0 0.129297 0.365278 0.0148437 0.0472222
1 0.264844 0.270139 0.009375 0.0375
0 0.178516 0.283333 0.0101562 0.05
1 0.430859 0.2375 0.00859375 0.0416667
1 0.74375 0.420139 0.0140625 0.0569444
1 0.551562 0.580556 0.0140625 0.0694444
0 0.140234 0.466667 0.0179687 0.0555556
