0 0.427344 0.256944 0.0125 0.0416667
1 0.682813 0.264583 0.0140625 0.0486111
0 0.689062 0.277083 0.009375 0.0430556
0 0.717578 0.304167 0.00859375 0.0388889
0 0.71875 0.315972 0.0125 0.0513889
0 0.714844 0.311111 0.009375 0.0416667
1 0.720312 0.325 0.0109375 0.0472222
1 0.679297 0.254861 0.00859375 0.0402778
1 0.547656 0.224306 0.0109375 0.0402778
0 0.415625 0.216667 0.0078125 0.0305556
1 0.412891 0.245139 0.00859375 0.0347222
0 0.430469 0.263889 0.009375 0.0388889
0 0.565234 0.209028 0.0117188 0.0402778
1 0.471484 0.258333 0.00859375 0.0388889
1 0.727734 0.425 0.0132813 0.0583333
0 0.563672 0.446528 0.0117188 0.0569444
0 0.327734 0.270833 0.0101562 0.0416667
0 0.0582031 0.405556 0.0101562 0.0583333
0 0.576172 0.248611 0.00859375 0.0388889
1 0.248437 0.382639 0.0109375 0.0486111
1 0.516406 0.507639 0.0171875 0.0541667
0 0.442187 0.333333 0.0109375 0.05
1 0.495313 0.31875 0.009375 0.0486111
1 0.640625 0.304167 0.0109375 0.0416667
0 0.107813 0.547222 0.0125 0.0638889
