1 0.566797 0.241667 0.00859375 0.0444444
0 0.497266 0.238194 0.00546875 0.0208333
0 0.567187 0.241667 0.009375 0.0444444
0 0.471094 0.226389 0.009375 0.0388889
0 0.535547 0.185417 0.00859375 0.0319444
1 0.458203 0.225694 0.0101562 0.0347222
1 0.444922 0.184722 0.00859375 0.0361111
0 0.40625 0.177083 0.0078125 0.0402778
1 0.518359 0.192361 0.00859375 0.0319444
0 0.194531 0.231944 0.0078125 0.0444444
1 0.741016 0.281944 0.00859375 0.05
0 0.592578 0.188194 0.00859375 0.0319444
1 0.720312 0.217361 0.009375 0.0402778
0 0.583203 0.390972 0.0101562 0.0541667
1 0.653125 0.194444 0.009375 0.0388889
1 0.577734 0.315278 0.0101562 0.0527778
1 0.404687 0.273611 0.015625 0.0444444
0 0.712891 0.294444 0.0101562 0.05
1 0.742969 0.382639 0.0125 0.0541667
0 0.36875 0.309028 0.0109375 0.0541667
0 0.129297 0.365972 0.0117188 0.0513889
1 0.597656 0.507639 0.0140625 0.0597222
0 0.202734 0.563889 0.0210938 0.0666667
