0 0.748047 0.352778 0.0148437 0.0527778
0 0.573047 0.245833 0.00859375 0.0416667
1 0.573438 0.252778 0.009375 0.0361111
1 0.512109 0.273611 0.00859375 0.0388889
0 0.457031 0.24375 0.0078125 0.0347222
1 0.470703 0.261111 0.00859375 0.0333333
0 0.59375 0.265972 0.009375 0.0402778
1 0.761719 0.447222 0.0109375 0.0527778
1 0.357422 0.364583 0.00859375 0.0430556
1 0.706641 0.28125 0.0101562 0.0347222
0 0.457422 0.285417 0.0101562 0.0375
1 0.659375 0.330556 0.009375 0.0416667
0 0.360547 0.295833 0.00859375 0.0416667
0 0.734766 0.345139 0.0117188 0.0458333
1 0.535156 0.335417 0.0109375 0.0458333
1 0.75 0.354861 0.0109375 0.0486111
0 0.492188 0.345833 0.009375 0.0472222
0 0.588672 0.445833 0.0117188 0.0555556
0 0.189844 0.525 0.0140625 0.0611111
0 0.164062 0.394444 0.0109375 0.05
4 0.0257812 0.320833 0.05 0.0944444
1 0.529297 0.516667 0.0148437 0.0555556
