1 0.529297 0.229167 0.0132813 0.0361111
1 0.5625 0.214583 0.009375 0.0375
1 0.583594 0.247917 0.0109375 0.0347222
0 0.596875 0.182639 0.009375 0.0375
0 0.375 0.185417 0.009375 0.0375
1 0.750391 0.290972 0.0117188 0.0569444
0 0.646094 0.217361 0.0140625 0.0375
1 0.676562 0.207639 0.0140625 0.0375
0 0.588281 0.381944 0.0140625 0.0472222
0 0.2625 0.609722 0.0234375 0.0722222
1 0.485547 0.271528 0.0148437 0.0486111
0 0.210547 0.243056 0.0101562 0.0472222
0 0.70625 0.3125 0.0125 0.05
1 0.410547 0.204861 0.0101562 0.0402778
1 0.582031 0.302778 0.0109375 0.05
0 0.364844 0.322222 0.0140625 0.0527778
1 0.730859 0.238194 0.0117188 0.0430556
1 0.759766 0.386111 0.0179687 0.0555556
0 0.142969 0.376389 0.015625 0.0555556
1 0.632422 0.499306 0.0179687 0.0597222
