0 0.554688 0.252083 0.009375 0.0347222
1 0.585938 0.288889 0.009375 0.0361111
0 0.584766 0.272222 0.00859375 0.0333333
0 0.784375 0.285417 0.0078125 0.0319444
1 0.584375 0.300694 0.009375 0.0319444
1 0.599219 0.251389 0.0078125 0.0333333
0 0.699609 0.352083 0.00859375 0.0375
0 0.233594 0.277778 0.0078125 0.0333333
1 0.721094 0.30625 0.009375 0.0375
1 0.450391 0.286806 0.0117188 0.0402778
0 0.628516 0.309722 0.0101562 0.0388889
0 0.232812 0.48125 0.015625 0.0541667
1 0.240234 0.311806 0.00859375 0.0375
0 0.136719 0.340278 0.0109375 0.0444444
0 0.457812 0.342361 0.0125 0.0430556
1 0.516406 0.343056 0.0109375 0.0444444
0 0.156641 0.413889 0.0148437 0.0472222
0 0.371875 0.295833 0.0078125 0.0388889
1 0.683984 0.434028 0.0132813 0.0486111
1 0.760938 0.346528 0.0125 0.0402778
1 0.681641 0.270139 0.0117188 0.0347222
1 0.240234 0.392361 0.0101562 0.0486111
4 0.964844 0.334028 0.0703125 0.104167
