1 0.239453 0.408333 0.0101562 0.0416667
1 0.375 0.775694 0.0171875 0.0708333
1 0.397656 0.229167 0.0078125 0.0305556
0 0.426953 0.240278 0.00703125 0.0333333
1 0.435156 0.43125 0.009375 0.0486111
1 0.241406 0.363194 0.009375 0.0347222
1 0.729297 0.311111 0.0101562 0.0388889
1 0.595703 0.231944 0.00703125 0.0305556
0 0.273828 0.300694 0.00859375 0.0375
1 0.673828 0.354861 0.0117188 0.0347222
0 0.194531 0.368056 0.0125 0.0416667
0 0.162891 0.449306 0.0117188 0.0513889
0 0.426953 0.35 0.0101562 0.0444444
0 0.683594 0.320139 0.009375 0.0402778
0 0.212109 0.573611 0.0148437 0.0583333
0 0.717188 0.442361 0.0125 0.0486111
0 0.377734 0.439583 0.0117188 0.0541667
0 0.563672 0.549306 0.0164062 0.0541667
1 0.302734 0.333333 0.0101562 0.0444444
1 0.933203 0.527778 0.0132813 0.0555556
4 0.979688 0.309028 0.040625 0.0902778
