0 0.552734 0.263194 0.0101562 0.0375
0 0.541016 0.2625 0.00703125 0.0305556
0 0.448438 0.248611 0.0078125 0.0277778
1 0.552344 0.264583 0.009375 0.0347222
0 0.376172 0.290278 0.00859375 0.0388889
0 0.673828 0.28125 0.0101562 0.0375
0 0.326172 0.370139 0.0101562 0.0402778
1 0.630859 0.296528 0.0101562 0.0347222
1 0.824219 0.325 0.0078125 0.0361111
1 0.359375 0.325694 0.0078125 0.0347222
0 0.800781 0.429167 0.009375 0.0444444
0 0.503516 0.271528 0.00859375 0.0347222
1 0.702734 0.334028 0.0101562 0.0402778
0 0.419922 0.338889 0.0132813 0.0388889
1 0.861719 0.421528 0.0109375 0.0458333
0 0.328516 0.329861 0.00859375 0.0375
1 0.551953 0.356944 0.0117188 0.0416667
1 0.469141 0.451389 0.0179687 0.0416667
1 0.865234 0.502778 0.0148437 0.0527778
0 0.483203 0.385417 0.0132813 0.0402778
4 0.159766 0.331944 0.0789063 0.0888889
