0 0.663281 0.184722 0.0109375 0.0361111
1 0.670703 0.185417 0.00859375 0.0375
0 0.669141 0.186806 0.0117188 0.0402778
0 0.716016 0.239583 0.00859375 0.0375
0 0.353516 0.1625 0.0117188 0.0361111
0 0.716797 0.265972 0.00859375 0.0402778
1 0.716016 0.234722 0.00859375 0.0333333
1 0.682031 0.481944 0.0140625 0.0638889
0 0.680469 0.225694 0.009375 0.0375
1 0.588672 0.289583 0.0101562 0.0569444
1 0.663672 0.251389 0.00859375 0.0416667
0 0.378906 0.196528 0.009375 0.0430556
0 0.473437 0.289583 0.0109375 0.0541667
1 0.416797 0.225 0.00859375 0.0416667
1 0.746875 0.299306 0.0109375 0.0513889
0 0.512891 0.242361 0.0101562 0.0458333
0 0.6875 0.3375 0.0125 0.0527778
1 0.566016 0.234028 0.0117188 0.0486111
0 0.317969 0.260417 0.0125 0.0541667
1 0.327734 0.355556 0.0148437 0.0555556
1 0.773047 0.364583 0.0117188 0.0569444
0 0.232812 0.472222 0.0140625 0.0666667
0 0.241797 0.360417 0.0195312 0.0597222
