1 0.671094 0.3875 0.01875 0.0444444
0 0.681641 0.339583 0.0101562 0.0347222
1 0.485156 0.330556 0.009375 0.0388889
0 0.996875 0.581944 0.0046875 0.0305556
1 0.551172 0.296528 0.00859375 0.0347222
0 0.680469 0.379167 0.009375 0.0416667
0 0.501953 0.296528 0.00859375 0.0347222
0 0.590625 0.309722 0.0078125 0.0305556
1 0.601562 0.340278 0.009375 0.0361111
1 0.539453 0.345833 0.00859375 0.0361111
1 0.662891 0.39375 0.0117188 0.0430556
0 0.553906 0.4 0.009375 0.0444444
0 0.3125 0.3625 0.009375 0.0333333
0 0.195312 0.339583 0.0078125 0.0347222
1 0.19375 0.441667 0.0109375 0.0472222
1 0.482422 0.444444 0.0132813 0.0444444
1 0.233203 0.423611 0.0101562 0.0388889
1 0.688672 0.483333 0.0101562 0.0444444
0 0.0921875 0.427778 0.0109375 0.0472222
0 0.139062 0.48125 0.0125 0.0458333
0 0.206641 0.570139 0.0132813 0.0597222
0 0.439063 0.41875 0.009375 0.0402778
4 0.789844 0.3125 0.071875 0.0833333
