0 0.938281 0.3625 0.0125 0.05
0 0.386719 0.48125 0.0109375 0.0569444
1 0.386328 0.479861 0.0132813 0.0541667
1 0.715234 0.304861 0.00859375 0.0375
0 0.708984 0.306944 0.0148437 0.0444444
1 0.674219 0.209722 0.009375 0.0305556
1 0.201562 0.386111 0.0109375 0.0416667
1 0.214062 0.361111 0.0078125 0.0416667
0 0.392188 0.324306 0.009375 0.0458333
1 0.401563 0.202083 0.0078125 0.0347222
0 0.184766 0.355556 0.0101562 0.0472222
1 0.539844 0.340278 0.009375 0.0444444
1 0.309375 0.303472 0.009375 0.0430556
0 0.180078 0.529167 0.0148437 0.0611111
1 0.294141 0.695833 0.0148437 0.0666667
0 0.515234 0.227778 0.00859375 0.0361111
0 0.465625 0.525694 0.0109375 0.0597222
0 0.146875 0.418056 0.0125 0.0527778
0 0.710938 0.40625 0.0109375 0.0486111
1 0.403125 0.409722 0.015625 0.0527778
0 0.259766 0.284722 0.00859375 0.0416667
1 0.897266 0.540278 0.0132813 0.0611111
0 0.338281 0.4 0.0125 0.0555556
