0 0.645312 0.622222 0.0140625 0.0638889
1 0.829687 0.359028 0.009375 0.0347222
0 0.725781 0.263194 0.00625 0.0263889
1 0.650391 0.59375 0.0164062 0.0541667
1 0.645703 0.345833 0.0101562 0.0361111
1 0.580078 0.284028 0.00703125 0.0319444
0 0.591406 0.361111 0.0125 0.0361111
0 0.373828 0.422917 0.0101562 0.0486111
0 0.702344 0.4875 0.0125 0.0416667
0 0.275781 0.3125 0.0078125 0.0333333
1 0.26875 0.393056 0.009375 0.0388889
0 0.56875 0.554167 0.0125 0.0527778
0 0.858594 0.622222 0.015625 0.0527778
1 0.727344 0.396528 0.009375 0.0375
1 0.456641 0.577083 0.0132813 0.0569444
1 0.508203 0.397222 0.0117188 0.0416667
0 0.297266 0.579861 0.0164062 0.0569444
0 0.170312 0.403472 0.009375 0.0430556
1 0.646875 0.440278 0.0109375 0.0444444
4 0.846875 0.320139 0.0765625 0.0819444
1 0.858594 0.549306 0.0203125 0.0486111
