0 0.473047 0.411806 0.00859375 0.0458333
0 0.406641 0.422917 0.0164062 0.0541667
1 0.520312 0.208333 0.0078125 0.0305556
0 0.517578 0.241667 0.00859375 0.0416667
1 0.676172 0.226389 0.00859375 0.0333333
1 0.757812 0.308333 0.009375 0.0416667
0 0.326562 0.25625 0.009375 0.0375
1 0.604297 0.357639 0.00859375 0.0458333
1 0.712109 0.644444 0.0148437 0.0638889
0 0.194141 0.359028 0.0117188 0.0458333
0 0.731641 0.382639 0.00859375 0.0486111
0 0.625 0.513194 0.0109375 0.0569444
0 0.701953 0.293056 0.00859375 0.0361111
1 0.416406 0.427083 0.0140625 0.0513889
0 0.238672 0.522917 0.0148437 0.0569444
1 0.926562 0.458333 0.0125 0.0527778
0 0.372656 0.3125 0.0078125 0.0416667
1 0.49375 0.270139 0.009375 0.0375
0 0.169922 0.444444 0.0132813 0.0527778
0 0.39375 0.401389 0.0125 0.0527778
1 0.232422 0.382639 0.0132813 0.0430556
1 0.267969 0.474306 0.0140625 0.0541667
