0 0.739062 0.484028 0.0125 0.0486111
0 0.721094 0.405556 0.009375 0.0388889
0 0.744531 0.481944 0.0109375 0.05
1 0.708203 0.389583 0.00859375 0.0375
1 0.745313 0.4875 0.0109375 0.0444444
1 0.644141 0.302778 0.00859375 0.0277778
0 0.695703 0.279861 0.00703125 0.0291667
1 0.6875 0.429167 0.0109375 0.0388889
1 0.667188 0.488194 0.0140625 0.0458333
1 0.363672 0.404167 0.0101562 0.0361111
1 0.745703 0.427083 0.0101562 0.0375
0 0.337891 0.310417 0.00859375 0.0347222
0 0.879297 0.630556 0.0117188 0.0555556
0 0.358984 0.547917 0.0148437 0.0513889
0 0.4125 0.436806 0.0125 0.0375
0 0.585156 0.578472 0.015625 0.0486111
1 0.607422 0.395833 0.0117188 0.0388889
0 0.566016 0.490972 0.0132813 0.0486111
1 0.788672 0.397917 0.00859375 0.0402778
1 0.512109 0.494444 0.0117188 0.0444444
0 0.226172 0.405556 0.0117188 0.0416667
4 0.874219 0.325 0.06875 0.0888889
