0 0.398438 0.236806 0.009375 0.0291667
0 0.928125 0.424306 0.015625 0.0486111
1 0.44375 0.417361 0.009375 0.0458333
1 0.583203 0.238889 0.00859375 0.0305556
1 0.426953 0.797917 0.0148437 0.0736111
0 0.419531 0.236806 0.0078125 0.0319444
1 0.707422 0.306944 0.00859375 0.0361111
1 0.396094 0.2375 0.00625 0.0305556
0 0.645312 0.294444 0.0078125 0.0333333
1 0.208594 0.445139 0.0109375 0.0486111
0 0.409375 0.353472 0.0078125 0.0402778
1 0.306641 0.322917 0.00859375 0.0402778
1 0.252734 0.348611 0.00859375 0.0361111
1 0.939844 0.511111 0.0140625 0.0555556
0 0.167969 0.4625 0.0125 0.05
0 0.268359 0.294444 0.00859375 0.0361111
0 0.617578 0.544444 0.0117188 0.0555556
0 0.179688 0.361806 0.0109375 0.0458333
1 0.650781 0.349306 0.0125 0.0375
0 0.720703 0.447222 0.0101562 0.05
0 0.241016 0.579861 0.0164062 0.0597222
0 0.383984 0.445833 0.0101562 0.05
4 0.964453 0.306944 0.0710938 0.0916667
