1 0.860937 0.336806 0.0125 0.0430556
0 0.719922 0.559722 0.00546875 0.0222222
0 0.620703 0.3375 0.0101562 0.0361111
0 0.733594 0.258333 0.00625 0.0277778
1 0.565234 0.271528 0.00703125 0.0347222
1 0.639453 0.371528 0.00859375 0.0319444
1 0.722266 0.365278 0.00859375 0.0361111
0 0.73125 0.425694 0.009375 0.0513889
1 0.670703 0.314583 0.00859375 0.0319444
1 0.480078 0.354861 0.00859375 0.0375
0 0.226172 0.513889 0.0117188 0.0527778
1 0.242188 0.360417 0.0078125 0.0319444
0 0.237891 0.306944 0.00859375 0.0333333
0 0.624609 0.527083 0.0148437 0.0486111
1 0.965625 0.534722 0.0140625 0.0444444
0 0.915234 0.532639 0.0101562 0.0430556
0 0.351953 0.372222 0.00859375 0.0361111
0 0.146094 0.381944 0.0109375 0.0388889
1 0.651563 0.529861 0.0140625 0.0458333
1 0.319531 0.507639 0.0140625 0.0513889
0 0.539844 0.579861 0.015625 0.0541667
4 0.836719 0.314583 0.0671875 0.0819444
