0 0.882812 0.309028 0.0109375 0.0347222
0 0.514063 0.243056 0.0109375 0.0361111
0 0.459766 0.377778 0.0101562 0.0416667
0 0.516406 0.234722 0.009375 0.0361111
1 0.5375 0.215278 0.0078125 0.0333333
0 0.689844 0.358333 0.009375 0.0472222
0 0.194922 0.347917 0.0117188 0.0486111
1 0.758594 0.297917 0.0109375 0.0402778
1 0.509375 0.272917 0.0078125 0.0375
4 0.987891 0.279861 0.0242187 0.0847222
1 0.595703 0.334028 0.0101562 0.0430556
1 0.725391 0.573611 0.0132813 0.0611111
0 0.695703 0.281944 0.00859375 0.0388889
0 0.671484 0.502778 0.0148437 0.0527778
1 0.275391 0.434028 0.0132813 0.0513889
1 0.911719 0.421528 0.0140625 0.0513889
1 0.453125 0.4125 0.0140625 0.0472222
0 0.376953 0.304861 0.00703125 0.0402778
1 0.65625 0.225694 0.009375 0.0347222
0 0.41875 0.392361 0.015625 0.0541667
0 0.173047 0.432639 0.0148437 0.0458333
1 0.246484 0.363194 0.0132813 0.0430556
0 0.308984 0.259722 0.0101562 0.0388889
0 0.229687 0.516667 0.0125 0.0638889
