0 0.910547 0.324306 0.00859375 0.0347222
0 0.519922 0.323611 0.0117188 0.0333333
1 0.506641 0.354167 0.00859375 0.0388889
1 0.389844 0.385417 0.009375 0.0347222
0 0.403516 0.402778 0.0117188 0.0416667
0 0.332812 0.288194 0.0078125 0.0319444
0 0.446484 0.404861 0.0101562 0.0486111
0 0.717578 0.333333 0.0117188 0.0388889
0 0.269141 0.376389 0.0101562 0.0472222
1 0.672656 0.380556 0.009375 0.0388889
1 0.614453 0.277083 0.0117188 0.0347222
0 0.258594 0.456944 0.015625 0.0472222
1 0.567578 0.384722 0.00859375 0.0388889
0 0.662891 0.264583 0.00859375 0.0347222
1 0.626953 0.324306 0.0101562 0.0347222
0 0.429297 0.478472 0.0117188 0.0486111
1 0.654688 0.514583 0.015625 0.0458333
0 0.745703 0.459722 0.0117188 0.0416667
1 0.513281 0.427083 0.009375 0.0402778
1 0.419141 0.352083 0.0101562 0.0375
1 0.705078 0.407639 0.0132813 0.0430556
0 0.852734 0.652778 0.0164062 0.0611111
4 0.971094 0.317361 0.0546875 0.0847222
