0 0.461719 0.241667 0.0078125 0.0305556
0 0.221875 0.3375 0.0078125 0.0361111
0 0.558594 0.261806 0.0078125 0.0347222
0 0.448047 0.247917 0.00703125 0.0319444
0 0.353906 0.328472 0.0078125 0.0375
1 0.558984 0.265278 0.00859375 0.0333333
0 0.535547 0.263889 0.00859375 0.0333333
1 0.625781 0.298611 0.0125 0.0361111
1 0.353906 0.327083 0.0078125 0.0375
0 0.496094 0.267361 0.0078125 0.0347222
0 0.367969 0.291667 0.0078125 0.0361111
0 0.678516 0.284722 0.00859375 0.0361111
0 0.318359 0.370139 0.0101562 0.0375
1 0.545313 0.353472 0.009375 0.0402778
0 0.474609 0.382639 0.0101562 0.0402778
0 0.325391 0.330556 0.00859375 0.0388889
0 0.805078 0.429861 0.00859375 0.0458333
1 0.864453 0.424306 0.0117188 0.0458333
1 0.707812 0.338194 0.0078125 0.0402778
1 0.829297 0.327083 0.00859375 0.0402778
0 0.409375 0.336806 0.009375 0.0402778
1 0.445703 0.447222 0.0148437 0.0416667
1 0.862891 0.508333 0.0148437 0.0555556
4 0.164062 0.334722 0.078125 0.0916667
