0 0.711719 0.476389 0.015625 0.0611111
0 0.543359 0.413194 0.0132813 0.0513889
0 0.717578 0.513194 0.0148437 0.0541667
1 0.710938 0.472917 0.0140625 0.0513889
1 0.698047 0.615278 0.0164062 0.0583333
0 0.714063 0.263194 0.0078125 0.0375
0 0.485156 0.496528 0.015625 0.0513889
1 0.651172 0.6125 0.0148437 0.0694444
1 0.786719 0.327083 0.009375 0.0430556
0 0.418359 0.353472 0.0101562 0.0486111
1 0.737891 0.647917 0.0226563 0.0652778
0 0.305078 0.283333 0.0117188 0.0416667
1 0.178125 0.523611 0.015625 0.0527778
0 0.255859 0.608333 0.0132813 0.0611111
1 0.109375 0.360417 0.0125 0.0430556
0 0.269531 0.363194 0.0140625 0.0486111
1 0.654688 0.316667 0.0125 0.0416667
0 0.583984 0.271528 0.0101562 0.0347222
0 0.265625 0.433333 0.0203125 0.0555556
0 0.882812 0.586806 0.0125 0.0625
1 0.467578 0.389583 0.0132813 0.0486111
1 0.828125 0.515278 0.0140625 0.0583333
