0 0.457422 0.429861 0.0117188 0.0513889
0 0.374219 0.399306 0.0125 0.0486111
1 0.2125 0.4 0.0109375 0.05
1 0.373437 0.429861 0.0140625 0.0513889
1 0.727344 0.225694 0.009375 0.0347222
1 0.473437 0.275694 0.009375 0.0375
0 0.376563 0.384722 0.0109375 0.0527778
1 0.753125 0.315278 0.009375 0.0444444
1 0.508203 0.207639 0.00703125 0.0319444
0 0.51875 0.245139 0.009375 0.0402778
1 0.228906 0.477778 0.0109375 0.05
0 0.336719 0.254167 0.009375 0.0388889
0 0.714453 0.363194 0.0101562 0.0458333
1 0.898828 0.476389 0.0132813 0.0555556
1 0.607813 0.347917 0.009375 0.0430556
0 0.66875 0.286111 0.009375 0.0388889
1 0.594922 0.685417 0.0242187 0.0652778
0 0.158594 0.435417 0.0140625 0.0541667
0 0.191797 0.506944 0.0117188 0.0611111
0 0.189453 0.366667 0.0101562 0.05
0 0.410156 0.293056 0.009375 0.0388889
0 0.558594 0.500694 0.0109375 0.0569444
