0 0.285937 0.195833 0.0125 0.0416667
0 0.518359 0.431944 0.0101562 0.0527778
1 0.519531 0.219444 0.009375 0.0361111
0 0.629297 0.219444 0.00703125 0.0388889
1 0.273828 0.269444 0.00859375 0.0388889
1 0.783203 0.275 0.00859375 0.0388889
1 0.674609 0.228472 0.0101562 0.0375
0 0.792969 0.297222 0.0109375 0.0333333
1 0.517969 0.382639 0.009375 0.0597222
0 0.732031 0.243056 0.0109375 0.0361111
0 0.400781 0.231944 0.0109375 0.0388889
1 0.307813 0.303472 0.009375 0.0402778
0 0.13125 0.366667 0.0171875 0.05
0 0.330078 0.304167 0.0101562 0.05
1 0.434375 0.235417 0.009375 0.0430556
1 0.739844 0.417361 0.0109375 0.0597222
1 0.680859 0.294444 0.0117188 0.0444444
0 0.187109 0.28125 0.00859375 0.0430556
1 0.558203 0.570833 0.0132813 0.0666667
0 0.138672 0.465278 0.0132813 0.0611111
