1 0.662109 0.20625 0.0148437 0.0402778
1 0.758984 0.281944 0.0101562 0.0472222
0 0.44375 0.252083 0.0125 0.0402778
0 0.632812 0.211111 0.0109375 0.0388889
0 0.320312 0.215278 0.0109375 0.0388889
0 0.680078 0.230556 0.0132813 0.0361111
0 0.692578 0.269444 0.0117188 0.0444444
1 0.287109 0.359722 0.0148437 0.0527778
1 0.346875 0.245139 0.009375 0.0430556
0 0.426562 0.295139 0.0140625 0.0458333
1 0.714063 0.263889 0.0140625 0.0416667
1 0.606641 0.247222 0.0117188 0.0444444
1 0.659766 0.461806 0.0148437 0.0625
0 0.221484 0.274306 0.0101562 0.0513889
0 0.657422 0.329861 0.0132813 0.0458333
1 0.760547 0.356944 0.0132813 0.0527778
1 0.535937 0.289583 0.0140625 0.0513889
0 0.197266 0.361806 0.0148437 0.0486111
1 0.510547 0.238194 0.0148437 0.0458333
0 0.201172 0.452778 0.0195312 0.0583333
