1 0.490625 0.238889 0.009375 0.0388889
0 0.561328 0.238194 0.00859375 0.0402778
0 0.395312 0.178472 0.0078125 0.0402778
0 0.504687 0.236111 0.0109375 0.0388889
1 0.574219 0.304167 0.0109375 0.0527778
1 0.528906 0.196528 0.009375 0.0375
0 0.572266 0.390278 0.0101562 0.0527778
0 0.55625 0.182639 0.0109375 0.0319444
0 0.195312 0.233333 0.009375 0.0416667
0 0.137891 0.366667 0.0148437 0.0583333
1 0.424219 0.190278 0.009375 0.0361111
0 0.592188 0.197222 0.009375 0.0333333
1 0.747266 0.383333 0.0164062 0.0555556
1 0.714453 0.225 0.0101562 0.0416667
1 0.741016 0.282639 0.00859375 0.0486111
1 0.648047 0.197222 0.0101562 0.0361111
1 0.442578 0.26875 0.0101562 0.0430556
0 0.705078 0.3 0.0101562 0.05
0 0.369141 0.311111 0.0101562 0.0555556
1 0.599219 0.504861 0.0171875 0.0541667
0 0.220703 0.575694 0.0179687 0.0680556
