0 0.441016 0.238194 0.00859375 0.0291667
1 0.577344 0.347917 0.009375 0.0402778
0 0.542969 0.238889 0.0140625 0.05
0 0.444531 0.232639 0.0109375 0.0319444
1 0.835547 0.4875 0.0164062 0.0638889
0 0.528125 0.247917 0.009375 0.0402778
1 0.528906 0.247222 0.009375 0.0361111
1 0.838672 0.403472 0.00859375 0.0430556
1 0.624219 0.273611 0.0125 0.0361111
0 0.376172 0.279167 0.0101562 0.0388889
1 0.352734 0.306944 0.00859375 0.0361111
0 0.646094 0.261806 0.009375 0.0402778
0 0.314453 0.322222 0.00859375 0.0361111
0 0.316406 0.366667 0.0125 0.0388889
0 0.423047 0.320833 0.0148437 0.0388889
1 0.794922 0.302778 0.00859375 0.0388889
1 0.674219 0.308333 0.009375 0.0416667
0 0.501172 0.261806 0.0101562 0.0347222
0 0.774609 0.411806 0.0132813 0.0486111
1 0.540625 0.346528 0.0109375 0.0430556
0 0.475391 0.374306 0.0101562 0.0430556
1 0.498828 0.453472 0.0148437 0.0458333
1 0.840625 0.482639 0.0109375 0.0569444
4 0.0933594 0.322917 0.0914062 0.0902778
