0 0.563672 0.260417 0.0101562 0.0319444
1 0.853125 0.375 0.01875 0.0444444
0 0.469922 0.24375 0.00859375 0.0402778
0 0.640625 0.202778 0.0078125 0.0333333
0 0.562891 0.211111 0.0101562 0.0305556
1 0.856641 0.365972 0.0132813 0.0375
0 0.340234 0.223611 0.00859375 0.0361111
1 0.590234 0.221528 0.00859375 0.0402778
1 0.529688 0.247917 0.009375 0.0375
1 0.685938 0.247222 0.009375 0.0388889
0 0.841797 0.383333 0.0164062 0.0444444
1 0.462891 0.308333 0.0117188 0.0472222
0 0.433594 0.352778 0.009375 0.0472222
1 0.710938 0.275694 0.0125 0.0402778
1 0.451953 0.248611 0.0101562 0.0388889
0 0.370313 0.573611 0.0125 0.0638889
1 0.644922 0.261111 0.00859375 0.0361111
0 0.6 0.283333 0.0125 0.0361111
1 0.620703 0.315278 0.0101562 0.0416667
0 0.245703 0.294444 0.0132813 0.0416667
1 0.774609 0.457639 0.0195312 0.0569444
0 0.221484 0.403472 0.0164062 0.0486111
