1 0.392969 0.275 0.015625 0.0388889
0 0.532422 0.222222 0.0132813 0.0444444
0 0.529297 0.215278 0.00703125 0.0305556
1 0.389844 0.28125 0.0078125 0.0375
0 0.539453 0.233333 0.00703125 0.0305556
1 0.637109 0.266667 0.0101562 0.0388889
0 0.594531 0.340278 0.009375 0.0388889
0 0.371484 0.290278 0.00859375 0.0361111
1 0.607422 0.363194 0.0117188 0.0291667
1 0.497656 0.239583 0.0078125 0.0319444
1 0.403516 0.270833 0.00703125 0.0333333
0 0.264844 0.254167 0.0078125 0.0333333
0 0.744141 0.394444 0.0101562 0.05
1 0.7875 0.357639 0.009375 0.0430556
1 0.580859 0.294444 0.00859375 0.0361111
1 0.665234 0.304861 0.0101562 0.0430556
0 0.194141 0.434028 0.0148437 0.0513889
0 0.508594 0.378472 0.0109375 0.0430556
1 0.780469 0.457639 0.0125 0.0513889
1 0.392969 0.350694 0.009375 0.0430556
0 0.183203 0.327083 0.0117188 0.0458333
0 0.358594 0.563889 0.0203125 0.0583333
