0 0.996875 0.584028 0.0046875 0.0319444
1 0.511328 0.321528 0.0117188 0.0375
0 0.689062 0.354167 0.0109375 0.0416667
1 0.572656 0.302083 0.009375 0.0319444
0 0.605859 0.311111 0.00859375 0.0361111
0 0.541797 0.295833 0.00859375 0.0361111
0 0.573828 0.3875 0.00859375 0.0388889
1 0.609375 0.341667 0.009375 0.0333333
1 0.558203 0.338889 0.00859375 0.0361111
0 0.197656 0.340278 0.009375 0.0361111
0 0.157031 0.476389 0.0109375 0.0472222
1 0.514844 0.442361 0.0140625 0.0430556
1 0.247656 0.429167 0.0109375 0.0444444
0 0.0945313 0.428472 0.0109375 0.0458333
1 0.669922 0.383333 0.0101562 0.0388889
1 0.703906 0.454861 0.009375 0.0458333
0 0.470703 0.415972 0.0132813 0.0458333
0 0.220703 0.569444 0.0117188 0.0583333
0 0.323047 0.361111 0.0101562 0.0361111
1 0.182812 0.426389 0.0109375 0.0472222
4 0.791016 0.314583 0.0710938 0.0791667
