0 0.457422 0.277083 0.0117188 0.0430556
1 0.464453 0.270833 0.0101562 0.0444444
0 0.375391 0.355556 0.00859375 0.0472222
0 0.513281 0.236111 0.0078125 0.0361111
1 0.700781 0.236806 0.009375 0.0347222
1 0.214844 0.454861 0.0109375 0.0541667
0 0.321484 0.254861 0.00859375 0.0375
1 0.76875 0.304861 0.009375 0.0430556
0 0.630469 0.270139 0.009375 0.0402778
0 0.490234 0.475694 0.0101562 0.0569444
0 0.194922 0.352778 0.0101562 0.05
1 0.482422 0.204861 0.00859375 0.0319444
1 0.214453 0.381944 0.0101562 0.0472222
0 0.186719 0.490278 0.0140625 0.0555556
0 0.688281 0.336806 0.009375 0.0458333
1 0.378906 0.425694 0.0109375 0.0513889
1 0.597656 0.327778 0.009375 0.0444444
1 0.871875 0.477778 0.0140625 0.0555556
0 0.162109 0.425694 0.0148437 0.0541667
1 0.462891 0.693056 0.0242187 0.075
