1 0.513281 0.398611 0.0140625 0.0583333
1 0.222656 0.30625 0.0125 0.0347222
1 0.100391 0.391667 0.0101562 0.0305556
0 0.224219 0.30625 0.0109375 0.0402778
0 0.0964844 0.3875 0.0164062 0.0388889
0 0.101953 0.391667 0.0101562 0.0333333
1 0.211328 0.279167 0.00703125 0.0277778
0 0.0898438 0.380556 0.0109375 0.0388889
1 0.511328 0.38125 0.0117188 0.0486111
0 0.179688 0.315278 0.0109375 0.0416667
0 0.214062 0.338889 0.0125 0.0361111
1 0.501953 0.247917 0.0132813 0.0375
1 0.514844 0.423611 0.0109375 0.0527778
0 0.35625 0.347222 0.009375 0.0444444
1 0.801172 0.540972 0.0117188 0.0625
0 0.139453 0.377083 0.0101562 0.0402778
0 0.678125 0.533333 0.0125 0.0611111
0 0.644531 0.304861 0.0109375 0.0402778
0 0.551172 0.293056 0.0148437 0.0416667
1 0.735547 0.354167 0.00859375 0.0444444
0 0.453906 0.593056 0.0140625 0.0583333
1 0.326562 0.482639 0.015625 0.0513889
1 0.761719 0.41875 0.015625 0.0513889
4 0.0480469 0.270833 0.0835937 0.0888889
