0 0.409766 0.218056 0.0148437 0.0388889
1 0.409375 0.220833 0.0140625 0.0361111
1 0.75 0.281944 0.009375 0.0472222
0 0.523438 0.186806 0.0109375 0.0347222
1 0.480859 0.188889 0.00859375 0.0361111
1 0.748438 0.385417 0.0140625 0.0569444
1 0.685156 0.2 0.0078125 0.0361111
0 0.413281 0.176389 0.0078125 0.0388889
1 0.546875 0.201389 0.009375 0.0361111
0 0.621094 0.184722 0.009375 0.0333333
1 0.579687 0.327778 0.009375 0.0527778
0 0.189453 0.234028 0.0101562 0.0458333
1 0.382031 0.277083 0.0125 0.0486111
0 0.605078 0.391667 0.0132813 0.0527778
1 0.739844 0.221528 0.0078125 0.0430556
0 0.721484 0.293056 0.0132813 0.0472222
0 0.115625 0.365278 0.0109375 0.05
0 0.358984 0.302083 0.0101562 0.0458333
1 0.598437 0.503472 0.0171875 0.0652778
0 0.183203 0.552083 0.0179687 0.0708333
