0 0.739844 0.478472 0.009375 0.0458333
1 0.648047 0.305556 0.00859375 0.0305556
1 0.488281 0.477083 0.0125 0.0430556
1 0.728516 0.491667 0.0117188 0.0388889
0 0.742969 0.399306 0.0109375 0.0430556
1 0.723437 0.421528 0.0109375 0.0430556
0 0.684766 0.28125 0.00703125 0.0291667
0 0.548828 0.495833 0.0117188 0.0444444
0 0.336328 0.311806 0.00859375 0.0291667
1 0.777734 0.402778 0.00859375 0.0416667
0 0.392969 0.43125 0.0109375 0.0402778
1 0.592969 0.390278 0.0125 0.0361111
0 0.21875 0.405556 0.0109375 0.0388889
1 0.674609 0.427083 0.0132813 0.0402778
1 0.642578 0.479861 0.0148437 0.0458333
0 0.337109 0.5375 0.0148437 0.05
0 0.553906 0.550694 0.015625 0.0458333
0 0.871094 0.628472 0.0125 0.0513889
1 0.354688 0.402083 0.0125 0.0402778
1 0.704687 0.383333 0.0109375 0.0361111
4 0.877734 0.327778 0.0664062 0.0833333
