0 0.204297 0.329167 0.0101562 0.0361111
1 0.242969 0.381944 0.009375 0.0444444
0 0.200391 0.320139 0.0101562 0.0319444
1 0.235156 0.283333 0.0078125 0.0305556
0 0.241406 0.299306 0.009375 0.0375
0 0.157813 0.389583 0.01875 0.0458333
0 0.238672 0.288889 0.00859375 0.0361111
0 0.196094 0.318056 0.0109375 0.0333333
1 0.159375 0.390972 0.0125 0.0375
0 0.326562 0.340278 0.009375 0.0361111
0 0.200391 0.354861 0.0117188 0.0402778
1 0.797266 0.445139 0.0117188 0.0597222
1 0.447656 0.388889 0.0109375 0.05
0 0.110156 0.377778 0.0125 0.0444444
1 0.465625 0.267361 0.0109375 0.0402778
0 0.523438 0.307639 0.015625 0.0402778
0 0.627734 0.322222 0.0117188 0.0444444
1 0.817578 0.58125 0.0117188 0.0652778
1 0.780078 0.374306 0.00859375 0.0458333
4 0.118359 0.278472 0.0851562 0.0819444
0 0.696484 0.579861 0.0132813 0.0625
0 0.357422 0.579861 0.0179687 0.0569444
1 0.521484 0.423611 0.0117188 0.0527778
1 0.273047 0.451389 0.0117188 0.0472222
