1 0.51875 0.238889 0.0078125 0.0361111
1 0.514063 0.255556 0.015625 0.0472222
0 0.625 0.191667 0.0140625 0.0388889
0 0.616797 0.186806 0.0117188 0.0458333
1 0.519922 0.247917 0.0117188 0.0458333
1 0.676172 0.269444 0.00859375 0.0472222
1 0.627344 0.19375 0.0109375 0.0402778
0 0.509766 0.261111 0.0117188 0.0416667
0 0.733594 0.270139 0.0109375 0.0486111
1 0.742188 0.304861 0.0125 0.0486111
0 0.397656 0.192361 0.009375 0.0430556
1 0.718359 0.239583 0.00859375 0.0430556
0 0.605078 0.235417 0.0101562 0.0458333
0 0.472266 0.320139 0.0117188 0.0541667
0 0.661719 0.3875 0.0125 0.0583333
1 0.551953 0.313889 0.0101562 0.0527778
1 0.446484 0.23125 0.0132813 0.0402778
1 0.757812 0.390278 0.0125 0.0583333
0 0.349219 0.240972 0.0125 0.0458333
0 0.182031 0.392361 0.0140625 0.0597222
1 0.278516 0.377778 0.0148437 0.0555556
0 0.20625 0.568056 0.021875 0.0694444
1 0.620313 0.515972 0.015625 0.0513889
