0 0.210938 0.2 0.0109375 0.0388889
1 0.48125 0.2125 0.009375 0.0333333
1 0.659766 0.221528 0.00703125 0.0347222
0 0.212109 0.218056 0.00859375 0.0361111
0 0.593359 0.218056 0.00859375 0.0361111
1 0.316016 0.311111 0.0101562 0.0444444
0 0.332812 0.310417 0.0109375 0.0513889
0 0.781641 0.291667 0.00859375 0.0416667
1 0.385938 0.229167 0.0078125 0.0361111
1 0.791016 0.255556 0.0117188 0.0361111
1 0.673437 0.291667 0.0109375 0.0416667
0 0.170312 0.3 0.0140625 0.0472222
0 0.519531 0.44375 0.0140625 0.0569444
0 0.155859 0.36875 0.0132813 0.0486111
1 0.4875 0.397917 0.0109375 0.0541667
0 0.420703 0.2375 0.0101562 0.0388889
1 0.770703 0.440278 0.0164062 0.0555556
0 0.724219 0.239583 0.009375 0.0375
1 0.233203 0.283333 0.0101562 0.0388889
0 0.159766 0.473611 0.0132813 0.0555556
1 0.514844 0.624306 0.0140625 0.0708333
