0 0.921875 0.41875 0.0171875 0.0513889
1 0.441406 0.421528 0.009375 0.0458333
1 0.4125 0.798611 0.015625 0.075
1 0.582031 0.238889 0.0078125 0.0305556
1 0.395703 0.236806 0.00703125 0.0319444
1 0.25 0.352083 0.009375 0.0375
1 0.946484 0.522222 0.0117188 0.0527778
0 0.180859 0.364583 0.0132813 0.0458333
1 0.214062 0.438194 0.009375 0.0458333
0 0.416406 0.236806 0.0078125 0.0375
0 0.607422 0.545833 0.0101562 0.0527778
0 0.652344 0.303472 0.0078125 0.0375
0 0.164453 0.458333 0.0101562 0.0527778
0 0.4125 0.35625 0.009375 0.0430556
1 0.664844 0.35 0.0125 0.0416667
0 0.719141 0.448611 0.0117188 0.0527778
0 0.271484 0.296528 0.00859375 0.0375
1 0.713672 0.308333 0.0101562 0.0388889
0 0.232812 0.583333 0.015625 0.0583333
1 0.304688 0.327083 0.0078125 0.0402778
0 0.383203 0.444444 0.0148437 0.05
4 0.966797 0.308333 0.0664062 0.0916667
