0 0.263672 0.18125 0.00703125 0.0263889
0 0.473437 0.406944 0.009375 0.0444444
0 0.409766 0.420139 0.0195312 0.0541667
0 0.913281 0.329861 0.009375 0.0402778
1 0.521094 0.207639 0.0078125 0.0319444
0 0.517578 0.240972 0.00859375 0.0402778
0 0.326172 0.258333 0.0101562 0.0361111
1 0.494922 0.270139 0.00859375 0.0375
1 0.605469 0.35625 0.009375 0.0458333
1 0.757812 0.306944 0.009375 0.0416667
1 0.714063 0.6375 0.0140625 0.0638889
0 0.730469 0.379861 0.009375 0.0458333
0 0.194922 0.357639 0.0117188 0.0486111
0 0.395312 0.4 0.0140625 0.0527778
1 0.417578 0.424306 0.0148437 0.0513889
0 0.701172 0.29375 0.0101562 0.0375
0 0.169141 0.442361 0.0117188 0.0513889
0 0.371875 0.311806 0.0078125 0.0402778
0 0.239453 0.520139 0.0132813 0.0597222
0 0.628516 0.513194 0.0148437 0.0541667
1 0.669141 0.226389 0.0117188 0.0333333
1 0.928516 0.456944 0.0101562 0.0555556
1 0.271094 0.472222 0.0171875 0.0555556
1 0.232422 0.379167 0.0132813 0.0444444
