1 0.262109 0.243056 0.00703125 0.025
0 0.850391 0.334028 0.00703125 0.0347222
0 0.588281 0.345833 0.0109375 0.0361111
0 0.519922 0.509028 0.0257812 0.0597222
0 0.674609 0.275694 0.00703125 0.0319444
0 0.748828 0.386806 0.0101562 0.0430556
0 0.519531 0.527083 0.01875 0.0513889
1 0.760938 0.404167 0.0109375 0.0416667
1 0.689062 0.372917 0.0109375 0.0375
1 0.642969 0.304167 0.009375 0.0333333
1 0.570312 0.380556 0.0140625 0.0361111
0 0.523047 0.497222 0.0148437 0.0388889
0 0.863281 0.631944 0.015625 0.0527778
0 0.36875 0.419444 0.0109375 0.0388889
0 0.746094 0.477778 0.009375 0.0472222
0 0.326562 0.305556 0.009375 0.0305556
1 0.715234 0.488889 0.0148437 0.0388889
1 0.460156 0.459028 0.009375 0.0430556
1 0.651563 0.418056 0.009375 0.0416667
1 0.340234 0.401389 0.0132813 0.0361111
1 0.615234 0.469444 0.0132813 0.0472222
1 0.703516 0.411111 0.0132813 0.0444444
0 0.208594 0.404167 0.0109375 0.0416667
0 0.308203 0.53125 0.0132813 0.0513889
4 0.885156 0.325 0.071875 0.0833333
