0 0.569141 0.211806 0.0132813 0.0402778
0 0.683984 0.248611 0.0148437 0.0472222
1 0.661719 0.213889 0.0140625 0.0416667
1 0.761328 0.283333 0.0101562 0.0472222
1 0.601562 0.253472 0.0140625 0.0402778
0 0.68125 0.265278 0.0109375 0.0444444
0 0.691016 0.232639 0.0117188 0.0375
0 0.441406 0.256944 0.0140625 0.0416667
0 0.310547 0.222222 0.00703125 0.0416667
1 0.335938 0.248611 0.0078125 0.0388889
0 0.624609 0.221528 0.0132813 0.0402778
1 0.720703 0.263194 0.0101562 0.0430556
0 0.428516 0.3 0.0132813 0.05
0 0.211328 0.28125 0.0132813 0.0513889
0 0.658203 0.332639 0.0132813 0.0458333
0 0.192969 0.455556 0.0109375 0.0583333
1 0.503906 0.246528 0.0125 0.0458333
1 0.53125 0.294444 0.0109375 0.05
1 0.660547 0.463889 0.0164062 0.0611111
1 0.760156 0.354861 0.0140625 0.0513889
0 0.189453 0.368056 0.0117188 0.0555556
1 0.280469 0.364583 0.0125 0.0569444
