0 0.263672 0.18125 0.00703125 0.0263889
0 0.473437 0.40625 0.009375 0.0458333
0 0.912891 0.327083 0.00859375 0.0402778
1 0.523438 0.208333 0.0078125 0.0333333
0 0.517578 0.240972 0.00859375 0.0375
1 0.496094 0.269444 0.0078125 0.0388889
0 0.730078 0.379861 0.0101562 0.0458333
1 0.419141 0.424306 0.0117188 0.0513889
1 0.605078 0.35625 0.0101562 0.0458333
0 0.325391 0.258333 0.0101562 0.0388889
0 0.395703 0.399306 0.0132813 0.0541667
1 0.757812 0.306944 0.0109375 0.0416667
1 0.666406 0.227083 0.0125 0.0319444
0 0.169531 0.443056 0.0109375 0.0527778
0 0.372656 0.311111 0.0078125 0.0388889
0 0.701953 0.293056 0.0101562 0.0361111
1 0.714453 0.632639 0.0132813 0.0625
1 0.272266 0.469444 0.0164062 0.0555556
0 0.239453 0.517361 0.0117188 0.0597222
0 0.196094 0.359028 0.0125 0.0458333
1 0.928516 0.45625 0.0101562 0.0569444
1 0.232812 0.378472 0.0125 0.0458333
0 0.629297 0.513194 0.0179687 0.0541667
