0 0.157422 0.372917 0.00859375 0.0263889
0 0.378516 0.449306 0.0117188 0.0513889
0 0.154687 0.397917 0.0109375 0.0458333
0 0.155078 0.379167 0.0101562 0.0416667
1 0.2875 0.392361 0.0125 0.0375
0 0.682813 0.302083 0.0109375 0.0347222
1 0.155859 0.38125 0.0101562 0.0375
0 0.157031 0.408333 0.0125 0.0361111
1 0.679297 0.320139 0.0117188 0.0430556
0 0.3 0.378472 0.0109375 0.0458333
1 0.282031 0.406944 0.009375 0.0416667
0 0.145313 0.477778 0.0125 0.0555556
1 0.485156 0.329167 0.009375 0.0416667
0 0.489453 0.231944 0.0101562 0.0333333
1 0.385156 0.205556 0.0078125 0.0333333
0 0.250781 0.280556 0.0109375 0.0361111
1 0.203906 0.352083 0.009375 0.0430556
1 0.304688 0.282639 0.0078125 0.0430556
0 0.174609 0.348611 0.0117188 0.0416667
1 0.85625 0.572917 0.0140625 0.0597222
0 0.358594 0.294444 0.009375 0.0361111
1 0.594922 0.225 0.00859375 0.0361111
1 0.228516 0.648611 0.0210938 0.0666667
0 0.383984 0.511111 0.0132813 0.0555556
0 0.771875 0.404861 0.0171875 0.0458333
