0 0.316797 0.193056 0.00859375 0.0361111
1 0.688281 0.234722 0.009375 0.0361111
1 0.410547 0.220833 0.0101562 0.0388889
0 0.765234 0.300694 0.0101562 0.0375
0 0.672656 0.239583 0.009375 0.0375
1 0.309375 0.301389 0.0078125 0.0416667
1 0.577734 0.215972 0.0117188 0.0375
0 0.635938 0.220833 0.0078125 0.0388889
1 0.539062 0.360417 0.0109375 0.0486111
1 0.301172 0.248611 0.00859375 0.0361111
0 0.53125 0.406944 0.0125 0.05
0 0.367188 0.217361 0.009375 0.0347222
1 0.777344 0.28125 0.0078125 0.0402778
0 0.121875 0.361806 0.009375 0.0486111
0 0.228125 0.260417 0.009375 0.0458333
0 0.144141 0.493056 0.0132813 0.0611111
0 0.334766 0.290278 0.0117188 0.0472222
1 0.726562 0.397917 0.0125 0.0513889
1 0.670313 0.283333 0.009375 0.0388889
1 0.588672 0.533333 0.0148437 0.0638889
