0 0.376563 0.361806 0.0078125 0.0513889
0 0.324609 0.254167 0.00859375 0.0361111
0 0.448828 0.279861 0.00859375 0.0402778
1 0.213672 0.382639 0.0101562 0.0458333
0 0.515234 0.235417 0.00859375 0.0402778
1 0.215234 0.45625 0.0117188 0.0541667
0 0.498828 0.475 0.0164062 0.0527778
0 0.194141 0.353472 0.0101562 0.0513889
1 0.486328 0.204861 0.00859375 0.0319444
1 0.378125 0.420833 0.0109375 0.0527778
0 0.632031 0.272222 0.009375 0.0388889
1 0.475781 0.694444 0.015625 0.0666667
1 0.467187 0.270833 0.009375 0.0388889
0 0.691016 0.338889 0.00859375 0.0444444
1 0.704297 0.234722 0.0132813 0.0361111
0 0.1875 0.490278 0.0140625 0.0583333
1 0.764844 0.307639 0.0109375 0.0430556
1 0.600391 0.328472 0.0101562 0.0430556
0 0.160938 0.426389 0.015625 0.0555556
1 0.872656 0.475 0.015625 0.0583333
