0 0.569922 0.252083 0.00859375 0.0402778
0 0.829297 0.372917 0.0132813 0.0513889
1 0.552734 0.241667 0.00859375 0.0388889
0 0.66875 0.201389 0.0078125 0.0361111
0 0.5875 0.209722 0.0078125 0.0361111
1 0.723828 0.272222 0.0101562 0.0416667
0 0.632812 0.274306 0.0109375 0.0375
0 0.434766 0.347917 0.0101562 0.0458333
1 0.473828 0.304861 0.00859375 0.0430556
1 0.660547 0.252083 0.00859375 0.0375
0 0.351953 0.217361 0.00859375 0.0347222
0 0.495703 0.240278 0.00859375 0.0361111
1 0.619141 0.217361 0.00859375 0.0375
1 0.452734 0.245833 0.00703125 0.0388889
1 0.830859 0.370139 0.0148437 0.0486111
1 0.627734 0.314583 0.0101562 0.0375
1 0.703906 0.240278 0.0078125 0.0416667
0 0.248828 0.288889 0.0117188 0.0472222
1 0.772656 0.456944 0.0125 0.0583333
0 0.803516 0.382639 0.0101562 0.0458333
0 0.214453 0.401389 0.0164062 0.0527778
0 0.366406 0.58125 0.0171875 0.0652778
