1 0.701563 0.2625 0.009375 0.0472222
0 0.16875 0.196528 0.0109375 0.0319444
0 0.726953 0.309028 0.0117188 0.0513889
1 0.589453 0.20625 0.0101562 0.0375
1 0.725391 0.317361 0.0101562 0.0430556
0 0.730469 0.2875 0.0125 0.0444444
0 0.603125 0.198611 0.009375 0.0416667
1 0.487891 0.254167 0.00859375 0.0416667
1 0.717188 0.251389 0.009375 0.0416667
0 0.410547 0.204861 0.00859375 0.0375
0 0.473828 0.261806 0.0101562 0.0402778
1 0.678906 0.2875 0.009375 0.0472222
0 0.343359 0.250694 0.0101562 0.0486111
1 0.738672 0.415278 0.0148437 0.0583333
1 0.417969 0.236806 0.0109375 0.0402778
0 0.0417969 0.43125 0.0132813 0.0486111
1 0.498047 0.314583 0.0117188 0.0486111
1 0.245703 0.382639 0.0101562 0.0513889
0 0.439453 0.331944 0.0101562 0.0583333
0 0.596094 0.247222 0.009375 0.0416667
0 0.112109 0.578472 0.0164062 0.0708333
0 0.603516 0.439583 0.0148437 0.0541667
1 0.566406 0.51875 0.0171875 0.0625
