1 0.179688 0.259722 0.00625 0.025
0 0.654688 0.283333 0.00625 0.0333333
0 0.746094 0.339583 0.0109375 0.0291667
1 0.6375 0.295139 0.0078125 0.0347222
0 0.653516 0.29375 0.00859375 0.0402778
1 0.623438 0.322222 0.009375 0.0277778
1 0.557813 0.317361 0.0078125 0.0319444
1 0.585938 0.305556 0.0078125 0.0333333
1 0.653516 0.336806 0.00859375 0.0375
0 0.198437 0.472917 0.0109375 0.0569444
0 0.63125 0.365972 0.0078125 0.0375
0 0.116797 0.422917 0.0117188 0.0513889
1 0.25625 0.454861 0.0125 0.0513889
0 0.357812 0.346528 0.009375 0.0375
1 0.589844 0.425 0.009375 0.0444444
0 0.545313 0.402778 0.009375 0.0444444
0 0.25625 0.55625 0.0125 0.0541667
0 0.216406 0.329861 0.0078125 0.0347222
1 0.744531 0.415278 0.0078125 0.0444444
1 0.144141 0.408333 0.0117188 0.0472222
1 0.695703 0.361111 0.0101562 0.0388889
4 0.826172 0.315972 0.0757812 0.0847222
