1 0.407031 0.489583 0.015625 0.0486111
1 0.228125 0.370139 0.0109375 0.0458333
0 0.40625 0.491667 0.015625 0.0527778
1 0.629297 0.221528 0.00703125 0.0319444
1 0.725 0.309722 0.009375 0.0416667
1 0.398438 0.218056 0.0078125 0.0305556
1 0.23125 0.390278 0.0125 0.0444444
0 0.463281 0.240972 0.009375 0.0347222
0 0.414844 0.34375 0.0109375 0.0402778
0 0.202344 0.3625 0.0125 0.0444444
0 0.698438 0.319444 0.009375 0.0388889
0 0.707812 0.431944 0.0109375 0.0472222
1 0.340234 0.741667 0.0148437 0.0666667
0 0.51875 0.54375 0.0171875 0.0569444
1 0.422266 0.425694 0.0117188 0.0486111
1 0.301953 0.324306 0.00859375 0.0430556
0 0.157422 0.441667 0.0164062 0.05
0 0.19375 0.566667 0.0140625 0.0611111
1 0.614062 0.352083 0.009375 0.0402778
0 0.266406 0.295833 0.009375 0.0388889
0 0.364844 0.432639 0.0109375 0.0513889
1 0.914062 0.534028 0.0171875 0.0541667
