0 0.547656 0.340278 0.009375 0.0444444
0 0.538672 0.290972 0.0101562 0.0347222
1 0.540625 0.290972 0.015625 0.0347222
1 0.628125 0.252778 0.009375 0.0361111
1 0.389453 0.325694 0.00859375 0.0375
0 0.386328 0.332639 0.0101562 0.0458333
1 0.515625 0.256944 0.0109375 0.0277778
0 0.577344 0.252083 0.0078125 0.0319444
1 0.7 0.345833 0.009375 0.0416667
1 0.570703 0.315972 0.00859375 0.0402778
0 0.437109 0.379167 0.00859375 0.0444444
0 0.633984 0.286806 0.00859375 0.0347222
1 0.3625 0.452083 0.0109375 0.0541667
0 0.450391 0.288194 0.00859375 0.0430556
1 0.844531 0.321528 0.0109375 0.0430556
1 0.850781 0.426389 0.0109375 0.05
0 0.295703 0.385417 0.0101562 0.0430556
0 0.489453 0.317361 0.0117188 0.0375
0 0.784375 0.434028 0.0109375 0.0513889
1 0.787109 0.521528 0.0132813 0.0625
4 0.178516 0.321528 0.0882813 0.0930556
