1 0.264062 0.379167 0.009375 0.0361111
0 0.263672 0.413889 0.0117188 0.0416667
1 0.209766 0.398611 0.0101562 0.0388889
0 0.252344 0.340972 0.0078125 0.0375
1 0.260938 0.311111 0.009375 0.0361111
1 0.775 0.386111 0.0125 0.0472222
0 0.358984 0.347917 0.0101562 0.0347222
1 0.467578 0.3125 0.00859375 0.0388889
0 0.222656 0.403472 0.0125 0.0430556
0 0.292188 0.30625 0.009375 0.0430556
0 0.14375 0.432639 0.009375 0.0458333
1 0.807813 0.481944 0.0140625 0.0638889
1 0.423047 0.400694 0.0101562 0.0430556
0 0.509375 0.330556 0.0109375 0.0388889
0 0.602734 0.345139 0.0101562 0.0402778
0 0.619922 0.618056 0.0164062 0.0527778
1 0.471875 0.459028 0.0125 0.0430556
1 0.299219 0.472222 0.0125 0.0388889
0 0.254687 0.639583 0.015625 0.0569444
1 0.732813 0.636111 0.01875 0.0583333
4 0.137891 0.288889 0.0773437 0.0888889
