0 0.616016 0.784028 0.0148437 0.0402778
0 0.618359 0.774306 0.0101562 0.0347222
0 0.631641 0.735417 0.0101562 0.0347222
0 0.748047 0.838889 0.0210938 0.0861111
1 0.639453 0.782639 0.0195312 0.0847222
1 0.578906 0.326389 0.009375 0.0444444
0 0.544141 0.291667 0.0117188 0.0416667
1 0.603906 0.820833 0.0203125 0.0777778
1 0.119141 0.513194 0.0117188 0.0541667
1 0.781641 0.609028 0.0179687 0.0708333
0 0.376172 0.363194 0.0101562 0.0402778
0 0.198828 0.447222 0.0132813 0.0555556
0 0.269922 0.290278 0.0117188 0.0416667
0 0.233594 0.359028 0.0109375 0.0458333
1 0.371875 0.410417 0.0171875 0.0513889
1 0.765625 0.384722 0.0171875 0.0472222
0 0.717969 0.304861 0.0109375 0.0402778
1 0.580078 0.472222 0.0132813 0.0444444
1 0.10625 0.349306 0.0140625 0.0458333
0 0.385547 0.497917 0.0132813 0.0569444
1 0.520312 0.679167 0.0171875 0.0666667
0 0.153906 0.596528 0.01875 0.0652778
0 0.615625 0.650694 0.0140625 0.0597222
