0 0.584375 0.292361 0.0109375 0.0486111
0 0.709375 0.318056 0.009375 0.0388889
0 0.55625 0.249306 0.0078125 0.0319444
1 0.572266 0.263194 0.00859375 0.0375
1 0.584375 0.308333 0.009375 0.0388889
1 0.708203 0.317361 0.00859375 0.0347222
0 0.21875 0.290972 0.0078125 0.0347222
1 0.660937 0.272917 0.0078125 0.0319444
0 0.711719 0.361111 0.0109375 0.0361111
0 0.622656 0.322917 0.0109375 0.0347222
0 0.785156 0.277083 0.009375 0.0291667
1 0.225391 0.326389 0.00703125 0.0333333
1 0.783984 0.341667 0.0132813 0.0361111
0 0.463281 0.35625 0.0140625 0.0458333
0 0.351562 0.308333 0.009375 0.0361111
1 0.517187 0.35625 0.0125 0.0430556
1 0.44375 0.295833 0.0125 0.0388889
0 0.150391 0.420139 0.0101562 0.0513889
1 0.694531 0.425 0.0125 0.0388889
0 0.121484 0.356944 0.0101562 0.0416667
1 0.233594 0.403472 0.009375 0.0430556
0 0.258594 0.488194 0.0203125 0.0486111
4 0.915234 0.333333 0.0851562 0.0944444
