0 0.664062 0.215278 0.0078125 0.0333333
1 0.649219 0.235417 0.0109375 0.0319444
0 0.358594 0.192361 0.009375 0.0347222
1 0.329688 0.292361 0.0109375 0.0486111
1 0.337109 0.234722 0.00859375 0.0361111
0 0.360547 0.222222 0.00859375 0.0416667
1 0.633203 0.259722 0.0101562 0.0388889
1 0.632812 0.211111 0.0078125 0.0361111
1 0.536719 0.347917 0.0109375 0.0486111
1 0.710938 0.3875 0.0109375 0.0555556
1 0.426562 0.219444 0.0078125 0.0388889
1 0.750391 0.288194 0.00859375 0.0486111
0 0.210938 0.242361 0.009375 0.0458333
0 0.726953 0.298611 0.0132813 0.0444444
0 0.548437 0.39375 0.0125 0.0541667
0 0.101562 0.361806 0.0125 0.0513889
0 0.591016 0.229167 0.00859375 0.0361111
1 0.579687 0.507639 0.0171875 0.0625
0 0.137891 0.514583 0.0148437 0.0652778
