0 0.738281 0.294444 0.009375 0.0444444
0 0.124609 0.19375 0.00859375 0.0375
0 0.514063 0.252778 0.0109375 0.0444444
0 0.504687 0.264583 0.0078125 0.0347222
0 0.695703 0.239583 0.00859375 0.0402778
0 0.610547 0.190972 0.0101562 0.0347222
0 0.619922 0.193056 0.0117188 0.0388889
1 0.610156 0.190972 0.0078125 0.0375
1 0.719531 0.245139 0.009375 0.0486111
1 0.515234 0.247917 0.0101562 0.0430556
1 0.675391 0.274306 0.0101562 0.0486111
1 0.739453 0.309722 0.00859375 0.0444444
0 0.508594 0.263194 0.0109375 0.0430556
1 0.621484 0.198611 0.0101562 0.0388889
0 0.733594 0.274306 0.0109375 0.0430556
1 0.532422 0.3125 0.0101562 0.0555556
0 0.403125 0.192361 0.0078125 0.0375
0 0.650391 0.397917 0.0101562 0.0625
0 0.604297 0.236806 0.0101562 0.0430556
0 0.347656 0.241667 0.009375 0.05
1 0.754687 0.395833 0.0125 0.0638889
1 0.604297 0.515972 0.0132813 0.0625
0 0.148828 0.404861 0.0132813 0.0597222
1 0.440625 0.232639 0.0078125 0.0375
1 0.269922 0.378472 0.0101562 0.0513889
0 0.466016 0.325694 0.0117188 0.0569444
0 0.168359 0.573611 0.0179687 0.0694444
