1 0.473828 0.2125 0.0117188 0.0361111
0 0.212891 0.221528 0.0101562 0.0347222
0 0.337891 0.311111 0.0117188 0.0444444
0 0.175 0.300694 0.0140625 0.0486111
1 0.323828 0.315278 0.0117188 0.0416667
0 0.585547 0.218056 0.00859375 0.0388889
1 0.792188 0.25 0.009375 0.0388889
1 0.481641 0.404861 0.0117188 0.0513889
0 0.161719 0.36875 0.0140625 0.0513889
1 0.657031 0.218056 0.009375 0.0361111
0 0.719141 0.236111 0.0101562 0.0388889
1 0.378906 0.226389 0.0078125 0.0388889
1 0.672266 0.290972 0.0101562 0.0430556
0 0.777344 0.286111 0.0109375 0.0444444
1 0.233594 0.290278 0.0109375 0.0388889
0 0.422266 0.238889 0.0117188 0.0361111
0 0.16875 0.479167 0.015625 0.0583333
1 0.782812 0.44375 0.015625 0.0597222
1 0.508984 0.640972 0.0148437 0.0708333
0 0.522656 0.444444 0.0140625 0.0555556
