1 0.932031 0.377083 0.0125 0.0513889
1 0.391797 0.4875 0.0117188 0.0583333
1 0.719922 0.309028 0.00859375 0.0402778
1 0.717188 0.304167 0.0078125 0.0388889
1 0.214453 0.379167 0.0132813 0.0555556
0 0.704297 0.313194 0.00859375 0.0402778
1 0.668359 0.215278 0.00703125 0.0333333
0 0.404687 0.336111 0.009375 0.0416667
1 0.559375 0.347917 0.009375 0.0430556
0 0.503906 0.231944 0.0078125 0.0361111
1 0.402734 0.20625 0.00703125 0.0319444
0 0.482031 0.535417 0.0140625 0.0541667
0 0.148828 0.427083 0.0132813 0.0541667
1 0.309375 0.310417 0.0109375 0.0402778
0 0.260938 0.289583 0.009375 0.0402778
0 0.348047 0.416667 0.0132813 0.05
0 0.190625 0.359028 0.0125 0.0458333
1 0.414062 0.416667 0.0109375 0.0527778
0 0.189453 0.542361 0.0148437 0.0597222
1 0.902344 0.538194 0.015625 0.0569444
0 0.708594 0.413889 0.0109375 0.05
1 0.308984 0.7125 0.0179687 0.075
