1 0.440625 0.415972 0.0078125 0.0402778
1 0.403516 0.238889 0.00859375 0.0305556
0 0.437109 0.227083 0.00859375 0.0347222
1 0.459766 0.400694 0.00859375 0.0458333
0 0.399609 0.436111 0.0117188 0.0527778
0 0.616797 0.264583 0.00703125 0.0347222
1 0.675 0.304167 0.009375 0.0388889
1 0.510938 0.76875 0.0140625 0.0708333
0 0.170312 0.45625 0.0140625 0.0513889
1 0.591797 0.240278 0.00703125 0.0277778
1 0.596094 0.334028 0.0078125 0.0375
0 0.644141 0.522222 0.0117188 0.0527778
0 0.389844 0.352778 0.0078125 0.0416667
1 0.320312 0.313194 0.009375 0.0347222
0 0.258203 0.281944 0.00859375 0.0361111
0 0.691016 0.422917 0.0101562 0.0486111
1 0.873828 0.473611 0.0148437 0.0472222
0 0.1875 0.356944 0.0125 0.0444444
1 0.21875 0.461111 0.0140625 0.0527778
1 0.267578 0.332639 0.00859375 0.0375
0 0.270703 0.558333 0.0148437 0.0527778
4 0.954687 0.30625 0.075 0.0902778
