0 0.391797 0.447917 0.0101562 0.0513889
0 0.944922 0.445833 0.00546875 0.0194444
0 0.189844 0.351389 0.0078125 0.0361111
1 0.203516 0.359028 0.0117188 0.0375
0 0.645312 0.309028 0.009375 0.0375
1 0.6375 0.324306 0.0109375 0.0375
0 0.151172 0.414583 0.0117188 0.0430556
1 0.23125 0.439583 0.0109375 0.0486111
1 0.373828 0.221528 0.00703125 0.0319444
0 0.332031 0.51875 0.0109375 0.0513889
0 0.878516 0.422222 0.0101562 0.0388889
0 0.44375 0.253472 0.0078125 0.0347222
1 0.546094 0.256944 0.0078125 0.0361111
1 0.284375 0.301389 0.0078125 0.0388889
1 0.139844 0.419444 0.0125 0.0444444
0 0.133594 0.489583 0.0140625 0.0513889
1 0.901953 0.659028 0.0164062 0.0652778
0 0.341406 0.315972 0.009375 0.0375
1 0.45625 0.338889 0.009375 0.0388889
0 0.246094 0.293056 0.009375 0.0361111
0 0.260938 0.395833 0.0109375 0.0472222
1 0.187891 0.665972 0.0210938 0.0652778
