0 0.585156 0.240972 0.0078125 0.0347222
0 0.497656 0.252778 0.0078125 0.0277778
1 0.577344 0.314583 0.009375 0.0430556
0 0.442578 0.26875 0.00703125 0.0402778
1 0.465625 0.238889 0.00625 0.0305556
0 0.637109 0.279861 0.00859375 0.0319444
1 0.621094 0.251389 0.0078125 0.0361111
0 0.520703 0.270833 0.00859375 0.0361111
1 0.432813 0.326389 0.009375 0.0388889
0 0.515234 0.325694 0.00859375 0.0458333
0 0.373437 0.329167 0.0078125 0.0444444
1 0.835938 0.304167 0.009375 0.0416667
0 0.33125 0.395139 0.009375 0.0486111
1 0.810938 0.51875 0.0140625 0.0625
1 0.854297 0.425694 0.0117188 0.0513889
0 0.485156 0.379861 0.009375 0.0458333
1 0.747266 0.3375 0.00859375 0.0416667
1 0.519922 0.453472 0.0101562 0.0486111
0 0.789453 0.423611 0.0117188 0.0527778
4 0.185937 0.310417 0.090625 0.0930556
