0 0.196875 0.19375 0.0125 0.0319444
1 0.472656 0.211111 0.009375 0.0333333
1 0.480859 0.402778 0.0117188 0.0527778
0 0.213672 0.220139 0.0101562 0.0347222
1 0.324219 0.315972 0.0109375 0.0402778
1 0.791406 0.249306 0.009375 0.0402778
0 0.161719 0.369444 0.0140625 0.05
0 0.175781 0.3 0.015625 0.0472222
0 0.719141 0.235417 0.0101562 0.0375
1 0.233594 0.290278 0.0109375 0.0388889
1 0.656641 0.217361 0.0101562 0.0375
0 0.339453 0.309722 0.0117188 0.0444444
0 0.583594 0.218056 0.009375 0.0333333
0 0.423047 0.2375 0.0117188 0.0388889
1 0.378125 0.226389 0.0078125 0.0388889
1 0.672656 0.290972 0.009375 0.0430556
0 0.777344 0.286111 0.009375 0.0444444
0 0.170703 0.480556 0.0164062 0.0583333
1 0.508203 0.641667 0.0148437 0.075
0 0.521875 0.445139 0.015625 0.0569444
1 0.783594 0.442361 0.01875 0.0569444
