0 0.764844 0.290278 0.0109375 0.0222222
0 0.555859 0.248611 0.00859375 0.0333333
0 0.583594 0.26875 0.0125 0.0402778
1 0.5875 0.259722 0.009375 0.0361111
1 0.589844 0.253472 0.0078125 0.0347222
1 0.584375 0.303472 0.0109375 0.0347222
0 0.228516 0.282639 0.00859375 0.0347222
1 0.767969 0.345139 0.0140625 0.0402778
0 0.703125 0.357639 0.0109375 0.0430556
0 0.784766 0.278472 0.00859375 0.0319444
1 0.718359 0.311806 0.00859375 0.0402778
1 0.676562 0.267361 0.0078125 0.0375
0 0.626172 0.314583 0.0101562 0.0375
0 0.243359 0.484028 0.0117188 0.0513889
1 0.448828 0.291667 0.0101562 0.0416667
0 0.363672 0.300694 0.00859375 0.0402778
1 0.2375 0.395139 0.0078125 0.0458333
0 0.460938 0.348611 0.0125 0.0388889
0 0.132031 0.349306 0.0109375 0.0458333
1 0.517187 0.346528 0.009375 0.0430556
1 0.234375 0.315278 0.009375 0.0361111
0 0.153516 0.413889 0.0101562 0.05
1 0.685156 0.428472 0.0171875 0.0430556
4 0.950391 0.336111 0.0867188 0.1
