1 0.404687 0.507639 0.0234375 0.0569444
0 0.421875 0.388194 0.0109375 0.0430556
1 0.400781 0.475 0.015625 0.0388889
0 0.4875 0.455556 0.0140625 0.0444444
1 0.667578 0.25625 0.00703125 0.0347222
0 0.750391 0.496528 0.0132813 0.0541667
0 0.425391 0.391667 0.0101562 0.0361111
1 0.783203 0.454167 0.0117188 0.0527778
0 0.721094 0.300694 0.009375 0.0430556
1 0.590234 0.398611 0.0148437 0.0444444
1 0.741797 0.395139 0.0132813 0.0486111
0 0.382812 0.263889 0.0109375 0.0333333
1 0.653125 0.323611 0.0140625 0.0416667
1 0.559375 0.3625 0.0125 0.0444444
0 0.696875 0.247917 0.009375 0.0347222
0 0.912109 0.749306 0.0164062 0.0708333
0 0.299609 0.351389 0.0164062 0.0361111
0 0.40625 0.5125 0.021875 0.0555556
1 0.379297 0.338889 0.0164062 0.0388889
1 0.783984 0.603472 0.0179687 0.0541667
0 0.234766 0.455556 0.0210938 0.0527778
1 0.372266 0.427778 0.0179687 0.0361111
