0 0.441016 0.389583 0.0101562 0.0486111
1 0.235938 0.34375 0.009375 0.0402778
1 0.428125 0.213194 0.0078125 0.0319444
1 0.664453 0.211806 0.00703125 0.0291667
1 0.763281 0.226389 0.009375 0.0361111
1 0.661328 0.3 0.00859375 0.0416667
0 0.509766 0.222917 0.00703125 0.0375
0 0.708203 0.230556 0.00703125 0.0361111
1 0.388281 0.245833 0.0078125 0.0361111
0 0.780469 0.271528 0.009375 0.0375
0 0.527734 0.468056 0.0101562 0.0555556
1 0.438672 0.436806 0.0117188 0.0597222
0 0.478516 0.261111 0.00703125 0.0388889
1 0.398438 0.765278 0.015625 0.0777778
0 0.196875 0.4 0.009375 0.05
0 0.216016 0.331944 0.0101562 0.0472222
0 0.302344 0.25 0.0078125 0.0305556
0 0.410937 0.332639 0.009375 0.0486111
1 0.887109 0.489583 0.0148437 0.0597222
1 0.295703 0.386806 0.0101562 0.0486111
0 0.190234 0.522917 0.0148437 0.0625
