0 0.787109 0.315278 0.0117188 0.0444444
1 0.23125 0.407639 0.0140625 0.0625
0 0.479688 0.250694 0.0109375 0.0402778
1 0.50625 0.245139 0.0109375 0.0402778
0 0.699219 0.458333 0.0109375 0.0472222
0 0.584766 0.370833 0.00859375 0.0388889
1 0.594531 0.240972 0.0078125 0.0347222
0 0.628125 0.279861 0.009375 0.0402778
0 0.239844 0.285417 0.009375 0.0402778
0 0.411328 0.390972 0.0101562 0.0486111
1 0.560547 0.326389 0.0117188 0.0416667
1 0.236719 0.4125 0.0125 0.0527778
1 0.488281 0.284722 0.0109375 0.0416667
0 0.127344 0.377083 0.0109375 0.0541667
1 0.456641 0.426389 0.0117188 0.0527778
1 0.79375 0.390972 0.0140625 0.0513889
0 0.182031 0.538889 0.0125 0.0611111
0 0.134375 0.447917 0.0140625 0.0486111
1 0.651172 0.311806 0.0101562 0.0458333
0 0.338281 0.317361 0.009375 0.0375
1 0.716797 0.525694 0.0164062 0.0569444
1 0.220703 0.378472 0.0117188 0.0486111
4 0.915625 0.284722 0.0796875 0.0944444
