1 0.701953 0.267361 0.0101562 0.0375
0 0.727344 0.307639 0.0125 0.0513889
1 0.725391 0.318056 0.0117188 0.0472222
1 0.482812 0.255556 0.009375 0.0444444
0 0.730078 0.288194 0.0117188 0.0430556
0 0.597266 0.2 0.00859375 0.0361111
0 0.410156 0.20625 0.009375 0.0375
1 0.714844 0.25 0.009375 0.0444444
0 0.467969 0.257639 0.0125 0.0430556
1 0.582812 0.20625 0.0109375 0.0402778
0 0.34375 0.255556 0.0125 0.0444444
1 0.414844 0.236806 0.0109375 0.0402778
0 0.592578 0.246528 0.0101562 0.0430556
1 0.676953 0.284722 0.00859375 0.0444444
0 0.436719 0.330556 0.015625 0.0527778
0 0.0335938 0.429861 0.0125 0.0486111
1 0.495703 0.311111 0.0101562 0.05
0 0.599609 0.443056 0.0117188 0.0638889
1 0.241016 0.386806 0.0195312 0.0541667
1 0.740234 0.415972 0.0117188 0.0597222
0 0.105469 0.574306 0.021875 0.0652778
1 0.558984 0.514583 0.0195312 0.0625
