1 0.426953 0.360417 0.0132813 0.0430556
1 0.455469 0.206944 0.009375 0.0333333
1 0.651172 0.214583 0.00859375 0.0319444
1 0.791016 0.238889 0.0101562 0.0361111
0 0.563281 0.215278 0.0078125 0.0361111
1 0.347656 0.33125 0.0125 0.0430556
0 0.251953 0.227083 0.0101562 0.0375
0 0.770312 0.277778 0.009375 0.0416667
1 0.374219 0.226389 0.009375 0.0388889
0 0.432422 0.238194 0.0101562 0.0319444
1 0.676562 0.288889 0.0109375 0.0416667
0 0.707422 0.231944 0.00859375 0.0388889
1 0.814062 0.452778 0.0125 0.0583333
0 0.3625 0.304861 0.0140625 0.0402778
0 0.185547 0.370833 0.0148437 0.0472222
1 0.251563 0.302778 0.0140625 0.0388889
1 0.492188 0.686111 0.015625 0.075
1 0.46875 0.413194 0.0125 0.0569444
0 0.2 0.304861 0.015625 0.0430556
0 0.195703 0.4875 0.0148437 0.0555556
0 0.520703 0.44375 0.0164062 0.0513889
