1 0.438672 0.348611 0.0132813 0.0472222
0 0.374609 0.451389 0.0132813 0.0388889
0 0.691016 0.261111 0.0226563 0.05
0 0.373437 0.477083 0.0140625 0.0458333
0 0.390625 0.458333 0.0125 0.0555556
0 0.699219 0.252778 0.0140625 0.0361111
0 0.689844 0.277083 0.0171875 0.0402778
1 0.646875 0.321528 0.0109375 0.0513889
1 0.274609 0.339583 0.0117188 0.0458333
0 0.663281 0.518056 0.0171875 0.0638889
0 0.227344 0.320139 0.0125 0.0486111
1 0.666797 0.236806 0.0101562 0.0375
0 0.180469 0.429861 0.0140625 0.0569444
1 0.464453 0.392361 0.0148437 0.0513889
1 0.776953 0.405556 0.0117188 0.0583333
0 0.782031 0.754167 0.01875 0.0722222
1 0.772266 0.492361 0.0148437 0.0597222
1 0.640234 0.615278 0.0210938 0.0611111
0 0.346484 0.263889 0.0148437 0.0416667
1 0.151953 0.486111 0.0195312 0.0472222
1 0.526953 0.445139 0.0210938 0.0541667
