1 0.607813 0.2125 0.0078125 0.0305556
0 0.549219 0.320139 0.009375 0.0430556
1 0.484766 0.242361 0.00859375 0.0347222
0 0.482422 0.250694 0.00859375 0.0319444
1 0.459766 0.238889 0.00703125 0.0305556
0 0.447656 0.264583 0.0078125 0.0402778
1 0.576563 0.310417 0.0078125 0.0430556
1 0.618359 0.251389 0.00859375 0.0361111
1 0.401172 0.327778 0.00859375 0.0416667
0 0.591797 0.248611 0.00859375 0.0361111
1 0.833594 0.311806 0.009375 0.0430556
1 0.847656 0.429167 0.009375 0.05
1 0.790234 0.529861 0.0132813 0.0597222
1 0.751172 0.338889 0.00859375 0.0472222
0 0.638672 0.274306 0.00859375 0.0402778
0 0.367188 0.31875 0.009375 0.0430556
0 0.510547 0.263889 0.00859375 0.0388889
0 0.311328 0.380556 0.0101562 0.05
0 0.485938 0.320139 0.0109375 0.0402778
0 0.453125 0.375 0.0109375 0.0472222
0 0.774219 0.4375 0.0140625 0.0555556
1 0.467969 0.44375 0.009375 0.0513889
4 0.185547 0.3125 0.0914062 0.0916667
