1 0.439063 0.354861 0.0125 0.0486111
0 0.378125 0.458333 0.0140625 0.0638889
1 0.378125 0.447222 0.0140625 0.0555556
0 0.377734 0.484722 0.0117188 0.0472222
0 0.699609 0.254167 0.0101562 0.0388889
0 0.399609 0.452778 0.0117188 0.0555556
0 0.686719 0.279167 0.0109375 0.0361111
0 0.774219 0.760417 0.015625 0.0736111
1 0.774609 0.5 0.0148437 0.0611111
1 0.651563 0.322917 0.009375 0.0486111
0 0.226562 0.320833 0.0140625 0.0472222
1 0.668359 0.239583 0.0101562 0.0375
1 0.780469 0.407639 0.0140625 0.0569444
0 0.343359 0.263194 0.0101562 0.0402778
0 0.657812 0.520139 0.015625 0.0652778
1 0.625 0.61875 0.0171875 0.0680556
0 0.178906 0.431944 0.01875 0.0583333
1 0.141016 0.493056 0.0117188 0.0583333
1 0.458594 0.404167 0.0171875 0.0527778
1 0.520703 0.450694 0.0117188 0.0569444
1 0.274219 0.347917 0.015625 0.0402778
