0 0.390234 0.447917 0.0117188 0.0541667
0 0.187891 0.351389 0.0101562 0.0416667
1 0.201953 0.358333 0.00859375 0.0416667
0 0.151953 0.409028 0.0117188 0.0486111
0 0.886328 0.413194 0.00859375 0.0375
1 0.138672 0.414583 0.0117188 0.0458333
1 0.286328 0.3 0.00859375 0.0388889
1 0.548828 0.253472 0.00859375 0.0347222
1 0.641406 0.325 0.0109375 0.0416667
1 0.375391 0.220833 0.00859375 0.0333333
0 0.652734 0.306944 0.00859375 0.0361111
1 0.190234 0.659028 0.0148437 0.0652778
0 0.136719 0.486806 0.0171875 0.0486111
1 0.233984 0.436806 0.0117188 0.0486111
0 0.338672 0.518056 0.0117188 0.0527778
0 0.245703 0.292361 0.0101562 0.0402778
1 0.903516 0.647917 0.0148437 0.0652778
0 0.341797 0.309722 0.00859375 0.0388889
0 0.445703 0.251389 0.00859375 0.0333333
0 0.266797 0.391667 0.0148437 0.0444444
1 0.458203 0.338889 0.0101562 0.0416667
