0 0.523438 0.211111 0.0078125 0.0305556
0 0.596484 0.327083 0.00859375 0.0375
0 0.522266 0.244444 0.00859375 0.0361111
0 0.518359 0.252083 0.0101562 0.0347222
1 0.585547 0.316667 0.00859375 0.0444444
0 0.514063 0.250694 0.0078125 0.0319444
0 0.589063 0.240972 0.0078125 0.0347222
0 0.629297 0.279167 0.0101562 0.0333333
1 0.628125 0.254167 0.0078125 0.0361111
1 0.482812 0.246528 0.0078125 0.0291667
0 0.449609 0.272222 0.00859375 0.0388889
0 0.35 0.415278 0.009375 0.05
0 0.380859 0.334028 0.00859375 0.0458333
1 0.458984 0.325694 0.0101562 0.0402778
1 0.85 0.421528 0.0125 0.0541667
0 0.533984 0.272917 0.00859375 0.0319444
0 0.534766 0.331944 0.0117188 0.0444444
1 0.835547 0.3 0.0101562 0.0388889
0 0.509375 0.389583 0.0125 0.0430556
1 0.825391 0.510417 0.0148437 0.0625
1 0.564453 0.467361 0.0117188 0.0513889
1 0.744141 0.338194 0.0101562 0.0458333
0 0.802344 0.415278 0.0109375 0.0555556
4 0.183594 0.309722 0.0921875 0.0972222
