0 0.183594 0.360417 0.009375 0.0375
1 0.380469 0.459722 0.0140625 0.05
1 0.186719 0.380556 0.009375 0.0444444
1 0.213281 0.357639 0.0078125 0.0430556
1 0.658203 0.208333 0.00859375 0.0305556
1 0.398438 0.197917 0.0078125 0.0319444
1 0.709766 0.310417 0.0132813 0.0430556
0 0.180469 0.345833 0.009375 0.0388889
0 0.527344 0.223611 0.0078125 0.0388889
0 0.260547 0.280556 0.00859375 0.0361111
1 0.310156 0.295139 0.009375 0.0430556
1 0.520312 0.335417 0.0109375 0.0430556
0 0.445312 0.517361 0.0140625 0.0569444
0 0.379687 0.314583 0.009375 0.0430556
0 0.147656 0.40625 0.0125 0.0513889
1 0.276953 0.677083 0.0148437 0.0680556
1 0.889453 0.550694 0.0164062 0.0652778
1 0.372266 0.405556 0.0132813 0.0444444
0 0.166797 0.513889 0.0148437 0.0583333
0 0.708984 0.399306 0.0132813 0.0486111
0 0.327734 0.381944 0.0117188 0.0527778
