1 0.713672 0.271528 0.00859375 0.0347222
1 0.554297 0.336111 0.0101562 0.0333333
1 0.5625 0.334028 0.0140625 0.0375
1 0.710938 0.290972 0.009375 0.0347222
1 0.721094 0.266667 0.0078125 0.0305556
0 0.6375 0.241667 0.0109375 0.0305556
0 0.438281 0.322917 0.0078125 0.0375
1 0.822266 0.368056 0.0101562 0.0444444
0 0.797266 0.373611 0.0101562 0.0416667
0 0.320703 0.300694 0.00859375 0.0375
0 0.242578 0.381944 0.0117188 0.0444444
0 0.658594 0.252778 0.0109375 0.0333333
0 0.840625 0.407639 0.0109375 0.0375
1 0.726562 0.357639 0.009375 0.0402778
0 0.568359 0.436806 0.0132813 0.0486111
1 0.817578 0.440972 0.0117188 0.0458333
1 0.277734 0.481944 0.0132813 0.0444444
1 0.139453 0.393056 0.00859375 0.0416667
1 0.644141 0.466667 0.0117188 0.05
1 0.80625 0.502083 0.0140625 0.0486111
0 0.296484 0.436111 0.0132813 0.0472222
0 0.314063 0.552778 0.0125 0.0583333
