1 0.479297 0.434722 0.0117188 0.05
0 0.478906 0.435417 0.0125 0.0486111
1 0.597656 0.836111 0.0203125 0.0916667
1 0.628125 0.781944 0.028125 0.0916667
1 0.500781 0.677083 0.0171875 0.0736111
1 0.571094 0.328472 0.0078125 0.0430556
0 0.199219 0.445139 0.0109375 0.0569444
0 0.146875 0.590278 0.015625 0.0611111
0 0.380469 0.486111 0.0140625 0.0555556
0 0.545313 0.291667 0.009375 0.0416667
0 0.374609 0.361806 0.0132813 0.0430556
0 0.23125 0.356944 0.0109375 0.05
0 0.268359 0.290278 0.0101562 0.0416667
1 0.364844 0.411806 0.0171875 0.0513889
0 0.720703 0.856944 0.0210938 0.0861111
1 0.767187 0.381944 0.0125 0.0472222
1 0.774609 0.609722 0.0164062 0.0666667
1 0.575391 0.459722 0.0148437 0.0444444
1 0.108984 0.34375 0.0101562 0.0402778
0 0.714844 0.307639 0.0140625 0.0402778
1 0.121094 0.504167 0.0109375 0.0555556
0 0.609375 0.682639 0.015625 0.0597222
