0 0.00351562 0.21875 0.00703125 0.0402778
0 0.629297 0.197222 0.00859375 0.0361111
0 0.717188 0.240972 0.0078125 0.0347222
0 0.357422 0.161806 0.0101562 0.0319444
1 0.667188 0.189583 0.0109375 0.0402778
0 0.719922 0.264583 0.00859375 0.0402778
0 0.682813 0.227083 0.009375 0.0430556
1 0.717969 0.234722 0.0078125 0.0333333
1 0.748438 0.302083 0.0109375 0.0513889
1 0.592188 0.290278 0.009375 0.05
1 0.667578 0.254167 0.00859375 0.0416667
0 0.380859 0.195833 0.00859375 0.0416667
1 0.41875 0.224306 0.009375 0.0430556
1 0.773438 0.367361 0.0109375 0.0541667
1 0.682422 0.48125 0.0132813 0.0652778
0 0.478125 0.288194 0.009375 0.0541667
0 0.689062 0.340972 0.0125 0.0541667
1 0.567187 0.230556 0.009375 0.05
0 0.323047 0.259722 0.0117188 0.05
1 0.33125 0.356944 0.0140625 0.0555556
0 0.243359 0.360417 0.0132813 0.0569444
0 0.516406 0.244444 0.009375 0.0472222
0 0.234766 0.471528 0.0164062 0.0680556
