0 0.505078 0.277778 0.0117188 0.0361111
0 0.870313 0.309028 0.0109375 0.0347222
1 0.452734 0.373611 0.00859375 0.0361111
1 0.533203 0.218056 0.00859375 0.0361111
1 0.65 0.227083 0.009375 0.0347222
1 0.505078 0.275694 0.0117188 0.0375
0 0.509375 0.236806 0.009375 0.0347222
0 0.301172 0.264583 0.00859375 0.0430556
1 0.746094 0.300694 0.0109375 0.0375
0 0.224219 0.522917 0.0140625 0.0597222
1 0.453125 0.414583 0.0109375 0.0486111
1 0.719531 0.564583 0.0125 0.0597222
0 0.673047 0.359028 0.0117188 0.0458333
0 0.415234 0.391667 0.0117188 0.0555556
0 0.171094 0.436111 0.0109375 0.0472222
0 0.686719 0.281944 0.0078125 0.0361111
0 0.673828 0.503472 0.0148437 0.0541667
0 0.189063 0.353472 0.0109375 0.0486111
1 0.272656 0.432639 0.0125 0.0541667
1 0.589063 0.333333 0.009375 0.0416667
1 0.896094 0.416667 0.0125 0.05
1 0.244141 0.3625 0.0117188 0.0444444
0 0.371094 0.307639 0.009375 0.0402778
4 0.983594 0.285417 0.0328125 0.109722
