1 0.334375 0.290278 0.0125 0.0388889
0 0.901953 0.349306 0.0101562 0.0347222
1 0.339453 0.292361 0.0101562 0.0375
0 0.333594 0.321528 0.0078125 0.0347222
1 0.332031 0.284028 0.0078125 0.0263889
1 0.3875 0.390278 0.0109375 0.0416667
0 0.233594 0.26875 0.0078125 0.0347222
0 0.469141 0.219444 0.00703125 0.0361111
1 0.570312 0.363889 0.0109375 0.0277778
0 0.598047 0.379861 0.0101562 0.0486111
1 0.641016 0.30625 0.00859375 0.0375
1 0.442578 0.247917 0.00703125 0.0347222
0 0.537109 0.244444 0.00859375 0.0361111
0 0.490234 0.4 0.0101562 0.0472222
0 0.153125 0.344444 0.009375 0.0444444
0 0.354688 0.552778 0.0140625 0.0583333
1 0.594141 0.271528 0.00859375 0.0347222
1 0.732031 0.485417 0.009375 0.0430556
1 0.560156 0.316667 0.009375 0.0388889
0 0.682813 0.40625 0.0109375 0.0375
1 0.741016 0.367361 0.0101562 0.0486111
0 0.189453 0.439583 0.0132813 0.0513889
4 0.946484 0.310417 0.0835937 0.101389
