0 0.491797 0.329861 0.0101562 0.0375
1 0.341016 0.490278 0.0179687 0.0555556
0 0.342969 0.497917 0.0203125 0.0597222
0 0.701953 0.245833 0.0101562 0.0388889
0 0.736328 0.503472 0.0148437 0.0597222
0 0.716797 0.290278 0.0117188 0.0416667
1 0.772266 0.613194 0.0132813 0.0625
1 0.678516 0.247222 0.0101562 0.0388889
1 0.786328 0.46875 0.0132813 0.0569444
1 0.570703 0.397222 0.0132813 0.0472222
0 0.376172 0.258333 0.0101562 0.0333333
0 0.205078 0.443056 0.0132813 0.0527778
0 0.898438 0.764583 0.025 0.0708333
0 0.276953 0.338889 0.0132813 0.0388889
1 0.307813 0.429861 0.01875 0.0375
1 0.643359 0.318056 0.0117188 0.0416667
1 0.342187 0.328472 0.0125 0.0402778
0 0.379687 0.402083 0.01875 0.0402778
1 0.541406 0.361111 0.0109375 0.0444444
1 0.753516 0.39375 0.0101562 0.0513889
0 0.460547 0.449306 0.0164062 0.0486111
