1 0.429688 0.338194 0.0109375 0.0402778
0 0.514063 0.446528 0.0109375 0.0513889
0 0.222266 0.205556 0.00859375 0.0361111
1 0.663672 0.220139 0.00859375 0.0402778
1 0.491406 0.215278 0.0078125 0.0333333
0 0.605078 0.21875 0.00859375 0.0375
0 0.787891 0.293056 0.0101562 0.0388889
0 0.418359 0.239583 0.00859375 0.0402778
0 0.732422 0.238194 0.00859375 0.0375
0 0.148828 0.365972 0.0164062 0.0486111
1 0.791406 0.259722 0.0078125 0.0305556
0 0.51875 0.445139 0.0125 0.0625
1 0.397266 0.23125 0.00859375 0.0375
1 0.676953 0.293056 0.0132813 0.0416667
1 0.236719 0.28125 0.009375 0.0402778
1 0.308203 0.309028 0.0101562 0.0458333
0 0.327344 0.309028 0.015625 0.0486111
1 0.524609 0.608333 0.0148437 0.0638889
1 0.494141 0.396528 0.0101562 0.0541667
0 0.163672 0.294444 0.0101562 0.0472222
1 0.758203 0.434722 0.0117188 0.0583333
0 0.150391 0.472222 0.0164062 0.0583333
