0 0.444531 0.354861 0.0125 0.0402778
0 0.755859 0.317361 0.0101562 0.0486111
1 0.500781 0.25625 0.009375 0.0347222
1 0.21875 0.386111 0.009375 0.0388889
1 0.220703 0.416667 0.0101562 0.0583333
0 0.614844 0.284722 0.0078125 0.0361111
1 0.486328 0.29375 0.0101562 0.0375
0 0.477344 0.257639 0.0109375 0.0347222
1 0.753516 0.388194 0.0101562 0.0486111
0 0.563281 0.372917 0.0125 0.0458333
0 0.110937 0.386111 0.0109375 0.05
1 0.555078 0.328472 0.0101562 0.0402778
1 0.630469 0.315278 0.009375 0.0416667
1 0.580469 0.253472 0.0078125 0.0347222
0 0.328516 0.323611 0.00859375 0.0388889
1 0.463281 0.424306 0.0109375 0.0486111
0 0.222266 0.295833 0.00859375 0.0361111
0 0.703516 0.427778 0.0101562 0.0444444
0 0.180078 0.538194 0.0148437 0.0569444
0 0.416406 0.395833 0.0140625 0.0472222
1 0.712109 0.511806 0.0148437 0.0513889
0 0.127734 0.457639 0.0132813 0.0541667
4 0.882422 0.289583 0.0773437 0.0902778
