1 0.344531 0.388194 0.0125 0.0375
1 0.255469 0.227083 0.00625 0.0236111
0 0.344141 0.386111 0.0148437 0.0333333
0 0.451172 0.469444 0.0195312 0.0638889
0 0.348047 0.388889 0.0117188 0.0305556
0 0.449219 0.459028 0.0109375 0.0458333
0 0.455078 0.482639 0.0179687 0.0569444
0 0.654688 0.261806 0.0078125 0.0291667
1 0.425781 0.39375 0.009375 0.0375
1 0.509766 0.358333 0.0101562 0.0416667
1 0.614062 0.286111 0.0078125 0.0361111
0 0.207031 0.386111 0.0109375 0.0416667
1 0.548828 0.439583 0.0132813 0.0458333
1 0.716797 0.400694 0.0117188 0.0430556
1 0.667578 0.385417 0.0132813 0.0402778
0 0.304297 0.293056 0.00859375 0.0305556
1 0.592969 0.395833 0.0140625 0.0444444
0 0.726953 0.352778 0.0101562 0.0333333
0 0.257031 0.490278 0.0140625 0.05
0 0.744922 0.465278 0.0132813 0.0472222
1 0.644141 0.338194 0.0148437 0.0347222
1 0.679688 0.501389 0.0125 0.05
0 0.853906 0.640972 0.015625 0.0569444
4 0.925 0.313194 0.0765625 0.0847222
