0 0.732422 0.25625 0.00703125 0.0291667
1 0.562891 0.267361 0.00859375 0.0347222
1 0.298828 0.482639 0.0117188 0.0513889
0 0.630859 0.326389 0.00859375 0.0305556
1 0.636328 0.360417 0.00859375 0.0375
1 0.721875 0.357639 0.009375 0.0375
1 0.670703 0.30625 0.00703125 0.0347222
0 0.608203 0.486806 0.0132813 0.0458333
0 0.134766 0.377083 0.0101562 0.0402778
0 0.5375 0.564583 0.0140625 0.0513889
0 0.727344 0.404167 0.009375 0.0388889
0 0.227344 0.304861 0.0078125 0.0347222
0 0.915234 0.507639 0.0101562 0.0486111
1 0.239453 0.35 0.00703125 0.0305556
0 0.213281 0.488889 0.0109375 0.05
0 0.347266 0.361111 0.00859375 0.0361111
1 0.478125 0.342361 0.009375 0.0347222
1 0.639453 0.489583 0.0117188 0.0513889
1 0.954687 0.509722 0.015625 0.0472222
4 0.834766 0.311111 0.0726563 0.0861111
