1 0.623438 0.308333 0.0078125 0.0361111
1 0.623047 0.294444 0.00703125 0.0305556
0 0.678516 0.3875 0.0117188 0.0361111
0 0.701953 0.270833 0.00703125 0.0305556
0 0.880859 0.625694 0.0132813 0.0513889
1 0.51875 0.511111 0.0109375 0.05
1 0.764453 0.499306 0.0179687 0.0458333
1 0.35 0.395139 0.0125 0.0319444
0 0.733984 0.475 0.0117188 0.0444444
0 0.322266 0.304861 0.00859375 0.0291667
0 0.580078 0.486111 0.0101562 0.0444444
0 0.411328 0.435417 0.0101562 0.0430556
0 0.360938 0.552778 0.0125 0.0527778
1 0.678516 0.5 0.0132813 0.0444444
1 0.678516 0.436111 0.0101562 0.0388889
0 0.607422 0.611111 0.0148437 0.0583333
1 0.755078 0.419444 0.0117188 0.0444444
1 0.596484 0.395833 0.0117188 0.0361111
0 0.214844 0.404167 0.0109375 0.0444444
1 0.785156 0.380556 0.009375 0.0361111
4 0.867188 0.322917 0.0734375 0.0847222
