0 0.695312 0.299306 0.009375 0.0347222
0 0.282031 0.247917 0.009375 0.0319444
0 0.570703 0.25 0.0101562 0.0416667
0 0.453516 0.282639 0.00859375 0.0347222
0 0.451562 0.241667 0.0078125 0.0361111
1 0.701953 0.277778 0.00859375 0.0361111
1 0.464844 0.260417 0.0078125 0.0319444
1 0.746094 0.35 0.0109375 0.0472222
1 0.757812 0.443056 0.0109375 0.0638889
1 0.570312 0.249306 0.009375 0.0375
1 0.508594 0.271528 0.0078125 0.0402778
1 0.530469 0.331944 0.009375 0.0472222
0 0.488281 0.343056 0.0109375 0.0472222
0 0.357031 0.293056 0.0109375 0.0388889
0 0.591797 0.264583 0.00859375 0.0375
0 0.153125 0.390972 0.009375 0.0513889
1 0.348047 0.365972 0.0101562 0.0402778
0 0.585938 0.443056 0.0125 0.0527778
0 0.732422 0.340278 0.00859375 0.0444444
1 0.528906 0.5125 0.0125 0.0583333
1 0.656641 0.325694 0.0101562 0.0430556
0 0.182031 0.525 0.0140625 0.0611111
4 0.0222656 0.31875 0.0445312 0.0902778
