0 0.548437 0.250694 0.0109375 0.0375
0 0.586328 0.279861 0.0117188 0.0458333
1 0.63125 0.245833 0.009375 0.0388889
0 0.596094 0.260417 0.009375 0.0375
1 0.463672 0.273611 0.0117188 0.0388889
1 0.586328 0.286806 0.0101562 0.0347222
1 0.731641 0.294444 0.0117188 0.0388889
1 0.714453 0.271528 0.0101562 0.0402778
0 0.682813 0.345139 0.0140625 0.0430556
1 0.740234 0.345139 0.0132813 0.0402778
1 0.266016 0.29375 0.00859375 0.0375
0 0.406641 0.282639 0.0101562 0.0402778
0 0.252734 0.261111 0.00859375 0.0388889
0 0.751953 0.270833 0.00859375 0.0388889
1 0.249219 0.382639 0.009375 0.0486111
0 0.158594 0.320833 0.0109375 0.0444444
1 0.517578 0.327778 0.0101562 0.0444444
0 0.445312 0.327778 0.0140625 0.0444444
0 0.634375 0.292361 0.0125 0.0402778
0 0.204297 0.470139 0.0164062 0.0569444
1 0.664844 0.445139 0.01875 0.0513889
0 0.166016 0.397917 0.0148437 0.0458333
