1 0.374609 0.452083 0.0132813 0.0402778
0 0.379687 0.461111 0.0140625 0.0555556
0 0.359766 0.459028 0.00859375 0.0430556
0 0.383594 0.465278 0.0109375 0.0444444
0 0.360156 0.469444 0.0140625 0.05
0 0.367188 0.478472 0.015625 0.0430556
0 0.691406 0.278472 0.0140625 0.0402778
1 0.162109 0.480556 0.0132813 0.0555556
1 0.275391 0.334028 0.0132813 0.0458333
1 0.472266 0.385417 0.0132813 0.0486111
0 0.700391 0.247917 0.0101562 0.0375
1 0.667188 0.236806 0.0125 0.0430556
0 0.671875 0.518056 0.0140625 0.0611111
0 0.228516 0.316667 0.0117188 0.0444444
1 0.530078 0.431944 0.0117188 0.0527778
0 0.182812 0.429861 0.01875 0.0513889
1 0.641016 0.316667 0.0101562 0.0472222
0 0.347266 0.264583 0.0117188 0.0402778
1 0.771094 0.403472 0.0140625 0.0513889
1 0.772266 0.490972 0.0148437 0.0569444
0 0.796094 0.753472 0.0234375 0.0736111
1 0.663672 0.615972 0.0257812 0.0680556
