1 0.605078 0.252778 0.0117188 0.0361111
0 0.730078 0.258333 0.0101562 0.0388889
1 0.730078 0.264583 0.0117188 0.0458333
1 0.751953 0.286806 0.0132813 0.0402778
1 0.647266 0.233333 0.0117188 0.0361111
0 0.270703 0.246528 0.00859375 0.0402778
1 0.288672 0.273611 0.00859375 0.0388889
1 0.588281 0.273611 0.0125 0.0388889
0 0.605469 0.250694 0.009375 0.0375
0 0.645703 0.279861 0.00859375 0.0402778
1 0.750781 0.347917 0.0125 0.0486111
0 0.171094 0.385417 0.0109375 0.0486111
0 0.438672 0.315972 0.0132813 0.0430556
1 0.475391 0.265278 0.0117188 0.0444444
0 0.173047 0.306944 0.0132813 0.0472222
0 0.676562 0.339583 0.0140625 0.0430556
0 0.422656 0.269444 0.0140625 0.0416667
1 0.517578 0.313194 0.0148437 0.0486111
0 0.192578 0.4625 0.0132813 0.0583333
1 0.665625 0.449306 0.0125 0.0541667
1 0.257812 0.375694 0.0140625 0.0513889
