1 0.654297 0.196528 0.0101562 0.0430556
0 0.685156 0.231944 0.009375 0.0361111
0 0.686719 0.24375 0.009375 0.0486111
1 0.687891 0.259028 0.00859375 0.0375
0 0.352344 0.15625 0.0078125 0.0347222
1 0.735156 0.238194 0.009375 0.0347222
0 0.735937 0.259028 0.0109375 0.0402778
1 0.556641 0.245833 0.0101562 0.05
0 0.367188 0.182639 0.009375 0.0347222
0 0.714453 0.371528 0.0132813 0.0541667
1 0.757812 0.299306 0.0109375 0.0513889
1 0.605078 0.300694 0.0101562 0.0513889
1 0.331641 0.359722 0.0117188 0.0555556
0 0.542578 0.252778 0.0117188 0.0388889
1 0.690234 0.492361 0.0132813 0.0680556
0 0.355078 0.238889 0.0101562 0.05
1 0.781641 0.370833 0.0117188 0.0611111
1 0.424609 0.216667 0.0101562 0.0416667
0 0.503125 0.290278 0.009375 0.0555556
0 0.250781 0.50625 0.0140625 0.0680556
0 0.184375 0.379861 0.0203125 0.0541667
