1 0.578906 0.252778 0.0140625 0.0333333
0 0.571484 0.252778 0.0101562 0.0333333
1 0.407031 0.241667 0.0078125 0.0305556
1 0.498828 0.375694 0.00859375 0.0458333
1 0.287109 0.454167 0.0148437 0.05
0 0.339063 0.352778 0.0078125 0.0444444
1 0.323828 0.307639 0.00859375 0.0375
0 0.423047 0.434722 0.0132813 0.0472222
0 0.444922 0.228472 0.00703125 0.0319444
1 0.655859 0.298611 0.00859375 0.0361111
0 0.248437 0.28125 0.0078125 0.0347222
1 0.281641 0.31875 0.00859375 0.0319444
0 0.174609 0.461806 0.0117188 0.0541667
0 0.300781 0.548611 0.0125 0.0583333
1 0.551562 0.336111 0.0109375 0.0416667
0 0.640625 0.397917 0.009375 0.0458333
1 0.627344 0.665278 0.0125 0.0694444
0 0.184375 0.352778 0.0109375 0.0416667
0 0.666406 0.495833 0.015625 0.0527778
1 0.771094 0.409722 0.0140625 0.0444444
4 0.925 0.300694 0.0796875 0.0902778
