0 0.926562 0.329167 0.009375 0.0305556
0 0.51875 0.322917 0.009375 0.0319444
1 0.517187 0.354861 0.009375 0.0402778
0 0.282813 0.367361 0.0078125 0.0486111
1 0.621094 0.275 0.009375 0.0333333
0 0.257422 0.452778 0.00859375 0.0444444
1 0.494922 0.429861 0.0132813 0.0402778
1 0.407813 0.392361 0.009375 0.0347222
1 0.68125 0.381944 0.0109375 0.0388889
1 0.626172 0.325 0.0101562 0.0333333
0 0.455859 0.396528 0.0132813 0.0375
0 0.66875 0.263194 0.0078125 0.0319444
1 0.416016 0.347917 0.0101562 0.0375
0 0.426953 0.4875 0.0132813 0.0472222
0 0.344922 0.285417 0.00859375 0.0347222
1 0.663281 0.525 0.0140625 0.0416667
1 0.710938 0.413889 0.0125 0.0416667
0 0.861719 0.666667 0.0140625 0.0638889
0 0.716797 0.329167 0.00859375 0.0361111
1 0.567578 0.384028 0.0101562 0.0402778
0 0.74375 0.461806 0.0109375 0.0430556
0 0.428125 0.414583 0.0109375 0.0458333
4 0.982422 0.320833 0.0335938 0.102778
