1 0.401953 0.236806 0.00703125 0.0347222
1 0.213281 0.458333 0.0125 0.0527778
0 0.621484 0.26875 0.00703125 0.0347222
1 0.590625 0.239583 0.0078125 0.0319444
1 0.455078 0.402778 0.0101562 0.0444444
1 0.490625 0.777083 0.0234375 0.0736111
0 0.398438 0.35 0.009375 0.0416667
0 0.433203 0.229167 0.00703125 0.0333333
1 0.680859 0.304167 0.00859375 0.0361111
0 0.258594 0.283333 0.0078125 0.0361111
0 0.397266 0.438194 0.0101562 0.0513889
0 0.170703 0.456944 0.0101562 0.0555556
0 0.183594 0.35625 0.009375 0.0430556
0 0.640625 0.524306 0.0140625 0.0513889
1 0.265234 0.336111 0.00859375 0.0361111
0 0.697266 0.426389 0.0101562 0.05
1 0.317969 0.314583 0.0078125 0.0319444
1 0.890625 0.48125 0.0140625 0.0486111
1 0.603516 0.338194 0.0117188 0.0375
0 0.263672 0.559028 0.0164062 0.0569444
4 0.956641 0.304861 0.0757812 0.0902778
