1 0.526563 0.279861 0.0078125 0.0319444
0 0.5375 0.301389 0.0078125 0.0333333
0 0.612891 0.28125 0.00859375 0.0319444
0 0.591406 0.259722 0.009375 0.0333333
0 0.361719 0.363194 0.009375 0.0430556
1 0.558594 0.279861 0.009375 0.0375
1 0.788281 0.317361 0.009375 0.0375
1 0.489453 0.34375 0.00859375 0.0402778
0 0.796875 0.398611 0.009375 0.0444444
1 0.63125 0.281944 0.009375 0.0388889
1 0.717578 0.354167 0.00859375 0.0444444
0 0.548047 0.364583 0.0117188 0.0458333
1 0.819141 0.40625 0.0101562 0.0513889
0 0.4375 0.307639 0.0078125 0.0347222
1 0.612109 0.354861 0.00859375 0.0458333
1 0.606641 0.515278 0.0132813 0.0555556
0 0.330469 0.479861 0.0109375 0.0541667
0 0.602734 0.435417 0.0101562 0.0430556
1 0.833594 0.493056 0.0140625 0.0555556
4 0.153125 0.330556 0.0828125 0.0916667
