0 0.433984 0.420139 0.0132813 0.0458333
0 0.451953 0.277778 0.0101562 0.0361111
0 0.375391 0.360417 0.00859375 0.0541667
1 0.466016 0.271528 0.0101562 0.0430556
0 0.496875 0.478472 0.015625 0.0513889
0 0.323828 0.254861 0.00859375 0.0347222
0 0.514453 0.235417 0.00859375 0.0402778
1 0.213672 0.381944 0.0101562 0.0472222
1 0.485156 0.204167 0.0078125 0.0333333
1 0.214844 0.45625 0.0109375 0.0541667
0 0.194531 0.354167 0.0109375 0.05
1 0.766016 0.307639 0.0117188 0.0430556
1 0.377734 0.424306 0.0101562 0.0513889
1 0.702734 0.235417 0.0148437 0.0347222
1 0.599609 0.328472 0.0101562 0.0430556
0 0.63125 0.270833 0.009375 0.0416667
0 0.689453 0.338889 0.0101562 0.0444444
0 0.1875 0.490972 0.0140625 0.0569444
0 0.161719 0.427083 0.015625 0.0541667
1 0.471875 0.692361 0.01875 0.0736111
1 0.872656 0.477778 0.015625 0.0583333
