1 0.684375 0.290278 0.009375 0.0305556
1 0.230078 0.243056 0.00703125 0.0277778
1 0.960547 0.765972 0.0195312 0.0763889
1 0.679297 0.3125 0.0101562 0.0305556
0 0.674609 0.259028 0.00859375 0.0319444
0 0.683984 0.349306 0.0101562 0.0375
1 0.646875 0.291667 0.009375 0.0361111
0 0.805078 0.347917 0.00859375 0.0319444
1 0.685938 0.281944 0.0078125 0.0277778
1 0.58125 0.318056 0.0109375 0.0333333
1 0.136328 0.40625 0.0101562 0.0402778
1 0.742969 0.359722 0.009375 0.0388889
0 0.244922 0.457639 0.0164062 0.0458333
1 0.616797 0.415278 0.0132813 0.0444444
0 0.402344 0.329861 0.0078125 0.0347222
0 0.262891 0.31875 0.00859375 0.0375
1 0.723437 0.332639 0.009375 0.0402778
0 0.285937 0.548611 0.0140625 0.0583333
0 0.176563 0.404861 0.0109375 0.0458333
0 0.577734 0.402778 0.0101562 0.0416667
1 0.767578 0.428472 0.0101562 0.0402778
1 0.274219 0.461111 0.015625 0.0444444
4 0.904688 0.31875 0.0765625 0.0902778
