0 0.840625 0.41875 0.0125 0.0430556
1 0.534375 0.351389 0.009375 0.0388889
0 0.841016 0.443056 0.0117188 0.0444444
1 0.733203 0.274306 0.00859375 0.0319444
1 0.702734 0.299306 0.00703125 0.0347222
0 0.610547 0.241667 0.0117188 0.0277778
0 0.827344 0.455556 0.015625 0.0444444
1 0.798828 0.502778 0.0132813 0.0388889
1 0.841016 0.409722 0.0101562 0.0388889
0 0.645703 0.241667 0.0117188 0.0305556
0 0.443359 0.325 0.00859375 0.0388889
0 0.307422 0.427778 0.0101562 0.0416667
0 0.326562 0.292361 0.009375 0.0347222
1 0.734375 0.392361 0.0125 0.0402778
1 0.128125 0.379861 0.009375 0.0430556
0 0.54375 0.455556 0.0140625 0.0527778
1 0.251953 0.495139 0.0164062 0.0486111
0 0.316406 0.566667 0.015625 0.0583333
0 0.264844 0.370139 0.0140625 0.0430556
1 0.646875 0.507639 0.0125 0.0541667
1 0.785547 0.546528 0.0164062 0.0569444
