1 0.654688 0.285417 0.0078125 0.0291667
0 0.653906 0.285417 0.00625 0.0263889
0 0.730469 0.2625 0.00625 0.0277778
1 0.641016 0.616667 0.0117188 0.0555556
4 0.844141 0.336111 0.0414063 0.0694444
1 0.572266 0.279861 0.00703125 0.0319444
0 0.621484 0.613889 0.0148437 0.0472222
1 0.660937 0.334028 0.0109375 0.0375
0 0.2625 0.313889 0.0078125 0.0305556
1 0.488281 0.383333 0.009375 0.0361111
0 0.603906 0.350694 0.0078125 0.0347222
0 0.365625 0.40625 0.009375 0.0430556
1 0.723437 0.3875 0.009375 0.0416667
1 0.911328 0.558333 0.0117188 0.0472222
0 0.717969 0.461111 0.0109375 0.0444444
0 0.888672 0.596528 0.0101562 0.0513889
0 0.1625 0.399306 0.0109375 0.0430556
1 0.255859 0.379861 0.00859375 0.0375
1 0.390234 0.574306 0.0148437 0.0569444
1 0.642187 0.409722 0.009375 0.0388889
0 0.259375 0.571528 0.0140625 0.0569444
4 0.839844 0.319444 0.0671875 0.075
0 0.564844 0.59375 0.01875 0.0513889
