1 0.929297 0.377083 0.0117188 0.0541667
0 0.928516 0.374306 0.0101562 0.0486111
1 0.720312 0.309028 0.0078125 0.0402778
1 0.661328 0.213889 0.00703125 0.0305556
1 0.216406 0.38125 0.009375 0.0597222
0 0.703906 0.314583 0.009375 0.0402778
1 0.402344 0.20625 0.00625 0.0319444
0 0.406641 0.336111 0.00859375 0.0444444
0 0.496875 0.234028 0.0078125 0.0347222
1 0.307031 0.311806 0.009375 0.0430556
0 0.150781 0.429167 0.0140625 0.05
1 0.90625 0.536111 0.0125 0.0555556
0 0.191406 0.545833 0.0140625 0.0555556
1 0.315234 0.718056 0.0179687 0.0638889
0 0.19375 0.360417 0.009375 0.0458333
0 0.351562 0.415972 0.0109375 0.0597222
0 0.2625 0.291667 0.009375 0.0388889
1 0.416016 0.41875 0.0132813 0.0513889
0 0.707812 0.415278 0.0109375 0.05
1 0.570703 0.347917 0.0117188 0.0430556
0 0.490625 0.534722 0.0171875 0.0527778
