1 0.581641 0.780556 0.0257812 0.0444444
0 0.660547 0.884722 0.0164062 0.0416667
0 0.653125 0.884722 0.0203125 0.0611111
1 0.588281 0.826389 0.028125 0.0888889
0 0.655469 0.906944 0.025 0.0888889
1 0.584766 0.798611 0.0226563 0.0638889
0 0.551172 0.734722 0.0179687 0.0722222
0 0.546484 0.301389 0.0132813 0.0388889
0 0.372656 0.472917 0.0140625 0.0486111
1 0.555078 0.3375 0.0117188 0.0416667
1 0.591016 0.872917 0.0257812 0.0819444
0 0.705469 0.316667 0.0140625 0.0416667
0 0.229297 0.359028 0.0132813 0.0430556
1 0.777734 0.381944 0.0117188 0.0472222
1 0.131641 0.493056 0.0117188 0.0472222
1 0.126953 0.34375 0.0101562 0.0458333
0 0.273047 0.294444 0.0101562 0.0388889
0 0.202344 0.444444 0.0125 0.0555556
1 0.466797 0.652778 0.0210938 0.0611111
0 0.140625 0.572917 0.015625 0.0569444
0 0.381641 0.359722 0.0101562 0.0444444
1 0.555469 0.453472 0.015625 0.0541667
1 0.765234 0.581944 0.0210938 0.0611111
1 0.352344 0.416667 0.0171875 0.0527778
