1 0.711328 0.25 0.0101562 0.0277778
1 0.707812 0.253472 0.0125 0.0375
0 0.584766 0.195833 0.0117188 0.0361111
0 0.673047 0.222917 0.0117188 0.0402778
0 0.707422 0.264583 0.0148437 0.0541667
1 0.670703 0.200694 0.0101562 0.0375
1 0.525 0.234028 0.0125 0.0430556
0 0.642187 0.202778 0.0125 0.0416667
0 0.428906 0.294444 0.0109375 0.0416667
0 0.337109 0.206944 0.00859375 0.0388889
1 0.363672 0.2375 0.0101562 0.0416667
1 0.753516 0.28125 0.0148437 0.0458333
0 0.451172 0.251389 0.0132813 0.0416667
1 0.543359 0.284722 0.0101562 0.0472222
1 0.616797 0.240278 0.0148437 0.0361111
0 0.241406 0.267361 0.0125 0.0541667
1 0.298047 0.35625 0.0132813 0.0513889
1 0.758594 0.359028 0.0203125 0.0513889
0 0.208984 0.356944 0.0179687 0.0527778
1 0.661328 0.467361 0.0164062 0.0569444
0 0.662109 0.328472 0.0164062 0.0486111
0 0.209766 0.453472 0.0179687 0.0625
