0 0.251563 0.3125 0.009375 0.0361111
0 0.221875 0.413889 0.009375 0.0388889
1 0.204688 0.404167 0.0109375 0.0388889
1 0.252344 0.313889 0.009375 0.0361111
0 0.246875 0.345833 0.0140625 0.0361111
1 0.278516 0.391667 0.00859375 0.0333333
0 0.283984 0.425 0.0101562 0.0388889
0 0.582812 0.655556 0.0140625 0.0555556
1 0.713281 0.661111 0.0171875 0.0583333
1 0.286328 0.498611 0.0148437 0.0472222
0 0.1375 0.452778 0.0109375 0.0444444
1 0.472656 0.322917 0.009375 0.0402778
0 0.367188 0.347222 0.009375 0.0361111
0 0.604688 0.355556 0.009375 0.0388889
0 0.512891 0.334028 0.0148437 0.0430556
0 0.260547 0.677778 0.0132813 0.0611111
1 0.433203 0.409722 0.0132813 0.0444444
0 0.296484 0.304167 0.00859375 0.0388889
1 0.797266 0.490972 0.0164062 0.0513889
1 0.7625 0.391667 0.0125 0.0472222
1 0.463672 0.488194 0.0117188 0.0486111
4 0.121875 0.288194 0.0796875 0.0902778
