0 0.222656 0.334028 0.0171875 0.0513889
0 0.464453 0.364583 0.0148437 0.0486111
0 0.384375 0.408333 0.015625 0.0416667
0 0.21875 0.320139 0.0125 0.0375
1 0.222266 0.354861 0.0164062 0.0430556
0 0.667969 0.279167 0.0125 0.0444444
1 0.409766 0.382639 0.0132813 0.0402778
1 0.676562 0.333333 0.0109375 0.0472222
0 0.332031 0.26875 0.0109375 0.0402778
0 0.432031 0.409028 0.0125 0.0541667
0 0.171484 0.415972 0.0148437 0.0541667
0 0.692187 0.263194 0.0109375 0.0430556
0 0.728516 0.752778 0.0164062 0.0777778
1 0.786719 0.508333 0.015625 0.0611111
1 0.122656 0.508333 0.015625 0.0611111
0 0.644922 0.498611 0.0132813 0.0638889
1 0.507031 0.609028 0.015625 0.0652778
1 0.646484 0.236806 0.0148437 0.0430556
1 0.544531 0.443056 0.015625 0.0555556
0 0.369922 0.494444 0.0210938 0.0583333
1 0.802344 0.417361 0.01875 0.0569444
