1 0.465234 0.23125 0.00859375 0.0319444
0 0.575391 0.352778 0.0132813 0.0416667
0 0.223828 0.336806 0.00859375 0.0402778
0 0.449609 0.243056 0.00703125 0.0305556
1 0.564453 0.257639 0.00859375 0.0375
0 0.483203 0.263194 0.00859375 0.0291667
0 0.362109 0.291667 0.0101562 0.0361111
0 0.522266 0.255556 0.00859375 0.0361111
0 0.3 0.364583 0.0078125 0.0430556
1 0.342578 0.328472 0.00859375 0.0402778
0 0.676953 0.281944 0.00859375 0.0333333
1 0.610937 0.296528 0.0125 0.0375
1 0.862109 0.423611 0.00859375 0.0472222
0 0.320703 0.329861 0.00703125 0.0402778
1 0.410156 0.435417 0.015625 0.0430556
1 0.830859 0.325 0.00859375 0.0388889
1 0.529297 0.347917 0.00859375 0.0375
0 0.396875 0.336111 0.009375 0.0388889
0 0.803516 0.428472 0.00859375 0.0486111
0 0.458594 0.378472 0.009375 0.0402778
1 0.85625 0.509722 0.0109375 0.0527778
1 0.707031 0.338194 0.0109375 0.0402778
4 0.167187 0.333333 0.08125 0.0916667
