1 0.917578 0.338194 0.0117188 0.0486111
0 0.473828 0.4125 0.00859375 0.0444444
1 0.519922 0.207639 0.00859375 0.0319444
0 0.516797 0.241667 0.00703125 0.0388889
1 0.680078 0.226389 0.00859375 0.0333333
1 0.414062 0.428472 0.0109375 0.0513889
0 0.2375 0.523611 0.0140625 0.0611111
1 0.756641 0.308333 0.00859375 0.0388889
0 0.731641 0.383333 0.0101562 0.0472222
1 0.711719 0.644444 0.0140625 0.0666667
0 0.326562 0.258333 0.009375 0.0388889
1 0.603906 0.357639 0.0109375 0.0458333
1 0.925391 0.459028 0.0117188 0.0569444
1 0.492969 0.270139 0.0109375 0.0375
0 0.392578 0.399306 0.0117188 0.0541667
0 0.373437 0.311111 0.0078125 0.0416667
0 0.701172 0.294444 0.00859375 0.0388889
0 0.170312 0.44375 0.0125 0.0541667
0 0.192188 0.359722 0.0109375 0.0472222
0 0.622266 0.516667 0.0117188 0.0555556
1 0.265234 0.475694 0.0117188 0.0541667
1 0.229687 0.381944 0.0109375 0.0416667
