0 0.726953 0.309028 0.0132813 0.0541667
1 0.701563 0.2625 0.009375 0.0416667
1 0.589453 0.207639 0.0101562 0.0347222
1 0.725781 0.317361 0.0109375 0.0430556
0 0.73125 0.286806 0.0125 0.0430556
1 0.487109 0.252778 0.00859375 0.0388889
0 0.601953 0.197222 0.00859375 0.0416667
0 0.410547 0.204861 0.00859375 0.0375
1 0.717188 0.251389 0.009375 0.0416667
0 0.344141 0.250694 0.0101562 0.0486111
0 0.473437 0.261111 0.009375 0.0388889
1 0.417578 0.2375 0.0101562 0.0388889
0 0.0402344 0.431944 0.0117188 0.0472222
1 0.678516 0.2875 0.00859375 0.0472222
1 0.498047 0.314583 0.0117188 0.0486111
1 0.738672 0.415278 0.0148437 0.0583333
1 0.244922 0.383333 0.00859375 0.0527778
0 0.439063 0.331944 0.0109375 0.0583333
0 0.596094 0.247917 0.009375 0.0402778
1 0.565625 0.516667 0.0140625 0.0583333
0 0.601953 0.439583 0.0148437 0.0541667
0 0.109375 0.575 0.0171875 0.0694444
