0 0.263672 0.182639 0.00703125 0.0263889
0 0.925781 0.328472 0.0109375 0.0430556
0 0.382031 0.414583 0.0125 0.0513889
1 0.510938 0.209028 0.0078125 0.0319444
1 0.725391 0.228472 0.00859375 0.0319444
0 0.377734 0.405556 0.0132813 0.05
1 0.480078 0.272222 0.00859375 0.0388889
1 0.752734 0.314583 0.00859375 0.0458333
0 0.331641 0.25625 0.00859375 0.0402778
0 0.515234 0.246528 0.00859375 0.0430556
0 0.181641 0.371528 0.0132813 0.0486111
1 0.241016 0.481944 0.0164062 0.0555556
0 0.724609 0.377778 0.0117188 0.05
0 0.392578 0.300694 0.0101562 0.0402778
1 0.603906 0.356944 0.009375 0.0444444
1 0.391406 0.433333 0.0140625 0.05
1 0.914062 0.46875 0.0125 0.0541667
0 0.694922 0.295833 0.0101562 0.0388889
0 0.592969 0.515972 0.0125 0.0597222
0 0.215625 0.521528 0.015625 0.0569444
1 0.220703 0.395139 0.0117188 0.0458333
1 0.660156 0.671528 0.0171875 0.0597222
0 0.162109 0.444444 0.0148437 0.0555556
