0 0.252344 0.198611 0.009375 0.0305556
1 0.458203 0.206944 0.0101562 0.0305556
0 0.239453 0.227778 0.0101562 0.0361111
0 0.56875 0.215972 0.009375 0.0319444
1 0.652734 0.216667 0.0101562 0.0333333
1 0.790625 0.242361 0.009375 0.0402778
0 0.354297 0.306944 0.0132813 0.0416667
1 0.472656 0.411111 0.0109375 0.0527778
0 0.771875 0.280556 0.009375 0.0444444
1 0.341016 0.327778 0.0101562 0.0388889
1 0.373437 0.227778 0.009375 0.0361111
1 0.244922 0.300694 0.0117188 0.0402778
0 0.429688 0.236111 0.0125 0.0388889
0 0.19375 0.302778 0.015625 0.0472222
0 0.178906 0.36875 0.0140625 0.0486111
1 0.675391 0.286806 0.0132813 0.0402778
1 0.497656 0.671528 0.015625 0.0763889
0 0.709766 0.233333 0.0101562 0.0361111
0 0.522266 0.44375 0.0101562 0.0569444
1 0.805859 0.449306 0.0195312 0.0569444
0 0.190234 0.486111 0.0179687 0.0555556
