0 0.248047 0.294444 0.00859375 0.0361111
0 0.191797 0.395833 0.0132813 0.0305556
1 0.192969 0.396528 0.0140625 0.0291667
0 0.251563 0.396528 0.0109375 0.0430556
1 0.208984 0.346528 0.0101562 0.0347222
1 0.246875 0.290278 0.009375 0.0333333
0 0.259375 0.295833 0.009375 0.0361111
1 0.462109 0.275 0.00859375 0.0361111
0 0.217578 0.322917 0.0101562 0.0347222
0 0.178125 0.393056 0.0109375 0.0416667
0 0.223438 0.370139 0.0140625 0.0458333
1 0.807813 0.45625 0.0125 0.0541667
0 0.516797 0.3125 0.0101562 0.0444444
0 0.322656 0.344444 0.009375 0.0333333
1 0.272656 0.45 0.0109375 0.0472222
1 0.792578 0.377778 0.0101562 0.0472222
1 0.518359 0.423611 0.0117188 0.0527778
0 0.623047 0.328472 0.00859375 0.0458333
0 0.120703 0.390278 0.0101562 0.0416667
1 0.429297 0.390278 0.0132813 0.05
1 0.816797 0.594444 0.0148437 0.0638889
0 0.329688 0.578472 0.0140625 0.0597222
0 0.698047 0.591667 0.0117188 0.0638889
4 0.132031 0.278472 0.08125 0.0819444
