0 0.545313 0.249306 0.009375 0.0347222
0 0.1625 0.322917 0.0078125 0.0375
1 0.580469 0.349306 0.009375 0.0375
0 0.444922 0.231944 0.0101562 0.0305556
1 0.532422 0.248611 0.00859375 0.0361111
1 0.354688 0.307639 0.009375 0.0375
1 0.624219 0.277083 0.009375 0.0375
0 0.648828 0.265278 0.00859375 0.0388889
0 0.318359 0.366667 0.0101562 0.0388889
0 0.377734 0.279861 0.0101562 0.0375
0 0.423047 0.325 0.0117188 0.0388889
1 0.839844 0.404167 0.009375 0.0444444
0 0.502734 0.2625 0.0101562 0.0333333
1 0.797266 0.304167 0.00859375 0.0388889
0 0.315625 0.323611 0.009375 0.0361111
0 0.478125 0.373611 0.0140625 0.0444444
1 0.676562 0.3125 0.0109375 0.0416667
1 0.544141 0.347222 0.0101562 0.0444444
0 0.777734 0.415278 0.0101562 0.05
1 0.843359 0.484028 0.0132813 0.0569444
1 0.498828 0.452778 0.0179687 0.0416667
4 0.103125 0.322917 0.0890625 0.0902778
