0 0.68125 0.245139 0.0171875 0.0513889
0 0.569141 0.213889 0.0132813 0.0416667
1 0.600781 0.254861 0.0140625 0.0402778
0 0.678125 0.263889 0.0125 0.0416667
1 0.760938 0.284028 0.0125 0.0486111
0 0.439844 0.256944 0.0125 0.0416667
0 0.623828 0.220833 0.0132813 0.0416667
0 0.691016 0.234722 0.0101562 0.0361111
0 0.308984 0.222917 0.00859375 0.0430556
0 0.210938 0.28125 0.0125 0.0513889
1 0.660156 0.213194 0.0140625 0.0402778
0 0.427734 0.3 0.0148437 0.0472222
1 0.719922 0.264583 0.0132813 0.0430556
0 0.658984 0.333333 0.0101562 0.0444444
1 0.660156 0.464583 0.0125 0.0597222
1 0.333594 0.249306 0.009375 0.0402778
1 0.53125 0.294444 0.0109375 0.0472222
1 0.501953 0.245139 0.0132813 0.0458333
1 0.279687 0.364583 0.0140625 0.0541667
0 0.189063 0.369444 0.0125 0.0555556
1 0.760938 0.354861 0.0125 0.0486111
0 0.192969 0.456944 0.0109375 0.0583333
