0 0.419531 0.486111 0.0125 0.0527778
1 0.234375 0.363889 0.0109375 0.0333333
0 0.423047 0.345139 0.00703125 0.0430556
1 0.244531 0.401389 0.0109375 0.0416667
1 0.429297 0.432639 0.0101562 0.0513889
1 0.398047 0.226389 0.00703125 0.0333333
1 0.606641 0.228472 0.00703125 0.0319444
0 0.271094 0.300694 0.0078125 0.0375
0 0.438281 0.243056 0.0078125 0.0361111
0 0.689062 0.321528 0.0078125 0.0375
1 0.728125 0.311111 0.009375 0.0388889
0 0.161719 0.447222 0.0140625 0.0527778
0 0.373828 0.4375 0.0132813 0.0527778
1 0.364844 0.769444 0.0171875 0.0777778
0 0.201953 0.367361 0.0101562 0.0486111
0 0.207031 0.570833 0.015625 0.0611111
0 0.546094 0.545139 0.0109375 0.0569444
1 0.654688 0.352083 0.0140625 0.0402778
1 0.302734 0.331944 0.00859375 0.0444444
0 0.713672 0.438889 0.0101562 0.0472222
1 0.925391 0.531944 0.0132813 0.0555556
4 0.982813 0.313194 0.0328125 0.106944
