1 0.401172 0.413889 0.0132813 0.0527778
0 0.205469 0.343056 0.009375 0.0416667
1 0.786328 0.302083 0.0101562 0.0375
0 0.371484 0.365972 0.00859375 0.0513889
1 0.440234 0.198611 0.00703125 0.0333333
1 0.231641 0.43125 0.0101562 0.0458333
1 0.214453 0.363194 0.0101562 0.0402778
1 0.692578 0.247917 0.00859375 0.0375
1 0.387109 0.447222 0.0132813 0.0527778
0 0.734766 0.310417 0.0132813 0.0375
0 0.454688 0.284028 0.009375 0.0402778
0 0.660156 0.267361 0.0078125 0.0347222
0 0.166406 0.515278 0.0125 0.0583333
1 0.424219 0.261111 0.0078125 0.0388889
0 0.444922 0.499306 0.0132813 0.0541667
1 0.600781 0.313889 0.0109375 0.0416667
0 0.179688 0.427083 0.0109375 0.0513889
0 0.491797 0.240972 0.00859375 0.0347222
0 0.290234 0.2625 0.00859375 0.0388889
1 0.369922 0.735417 0.0179687 0.0763889
1 0.892187 0.497917 0.0125 0.0569444
