1 0.422266 0.252083 0.0132813 0.0402778
0 0.687109 0.285417 0.00859375 0.0375
0 0.721094 0.328472 0.0109375 0.0458333
0 0.41875 0.227778 0.009375 0.0416667
1 0.721094 0.334028 0.009375 0.0430556
1 0.418359 0.247222 0.00859375 0.0416667
0 0.714844 0.309722 0.009375 0.0388889
0 0.431641 0.263889 0.0117188 0.0444444
1 0.548047 0.227778 0.00703125 0.0333333
1 0.678516 0.261111 0.0101562 0.0361111
0 0.565234 0.215278 0.00859375 0.0333333
1 0.2625 0.379167 0.009375 0.0527778
1 0.474609 0.259722 0.00859375 0.0388889
0 0.330469 0.276389 0.0109375 0.0388889
0 0.564844 0.44375 0.0109375 0.0625
1 0.498828 0.320139 0.00859375 0.0430556
0 0.0707031 0.405556 0.0101562 0.05
0 0.448047 0.333333 0.0101562 0.05
1 0.728125 0.427778 0.015625 0.0555556
0 0.576563 0.251389 0.0078125 0.0361111
1 0.639453 0.308333 0.00859375 0.0416667
0 0.118359 0.540278 0.0132813 0.0638889
1 0.517578 0.509028 0.0164062 0.0569444
