0 0.696094 0.335417 0.009375 0.0347222
1 0.484766 0.285417 0.00859375 0.0291667
1 0.477734 0.316667 0.0101562 0.0333333
0 0.589844 0.304861 0.009375 0.0319444
1 0.538281 0.342361 0.0078125 0.0347222
1 0.198437 0.44375 0.0125 0.0513889
1 0.602344 0.332639 0.0109375 0.0430556
1 0.547656 0.286806 0.0078125 0.0319444
1 0.682031 0.394444 0.0109375 0.0444444
0 0.547656 0.39375 0.009375 0.0430556
0 0.426172 0.411111 0.0101562 0.0444444
0 0.198047 0.329861 0.00703125 0.0375
0 0.0925781 0.416667 0.0101562 0.05
1 0.688672 0.495833 0.0117188 0.05
0 0.311719 0.351389 0.0078125 0.0361111
0 0.126953 0.479861 0.0148437 0.0513889
1 0.469141 0.439583 0.0132813 0.0458333
0 0.194141 0.558333 0.0148437 0.0555556
1 0.221094 0.415278 0.0109375 0.0444444
4 0.811719 0.304861 0.075 0.0847222
