0 0.439844 0.392361 0.009375 0.0458333
0 0.234375 0.345833 0.009375 0.0472222
1 0.666406 0.214583 0.00625 0.0347222
1 0.763281 0.230556 0.009375 0.0333333
1 0.427734 0.214583 0.00703125 0.0291667
1 0.233594 0.346528 0.009375 0.0430556
0 0.217578 0.3375 0.0101562 0.0527778
0 0.786719 0.272917 0.009375 0.0402778
0 0.299219 0.252778 0.0078125 0.0361111
0 0.507031 0.225694 0.00625 0.0319444
1 0.658203 0.300694 0.00859375 0.0430556
1 0.389453 0.248611 0.00859375 0.0388889
1 0.288672 0.388889 0.0132813 0.0472222
0 0.478906 0.261806 0.0078125 0.0375
0 0.707812 0.2375 0.0078125 0.0333333
0 0.411328 0.336111 0.0101562 0.0472222
0 0.529297 0.472222 0.0132813 0.0527778
1 0.438672 0.438889 0.0117188 0.0611111
0 0.189063 0.524306 0.0140625 0.0625
0 0.196875 0.400694 0.0109375 0.0513889
1 0.391797 0.767361 0.0164062 0.0763889
1 0.891797 0.490972 0.0148437 0.0597222
