0 0.871094 0.310417 0.0109375 0.0375
1 0.452344 0.377083 0.009375 0.0430556
1 0.533203 0.219444 0.00859375 0.0361111
1 0.650391 0.227083 0.00859375 0.0347222
1 0.452344 0.415278 0.009375 0.0444444
0 0.510156 0.236806 0.009375 0.0347222
1 0.505859 0.275694 0.0117188 0.0375
0 0.674609 0.359028 0.0132813 0.0486111
1 0.746875 0.3 0.0109375 0.0388889
1 0.273438 0.43125 0.0140625 0.0513889
0 0.171094 0.435417 0.009375 0.0458333
1 0.719922 0.567361 0.0117188 0.0597222
0 0.415625 0.392361 0.0109375 0.0569444
0 0.225 0.522917 0.0140625 0.0597222
0 0.190234 0.352083 0.0101562 0.0513889
0 0.301953 0.263194 0.00859375 0.0402778
0 0.687891 0.282639 0.00859375 0.0375
0 0.673437 0.503472 0.0125 0.0569444
1 0.897266 0.417361 0.0132813 0.0513889
1 0.244531 0.3625 0.0109375 0.0444444
1 0.589063 0.333333 0.009375 0.0444444
0 0.371875 0.308333 0.009375 0.0416667
4 0.983984 0.286806 0.0320312 0.109722
