0 0.395312 0.454167 0.0109375 0.0444444
0 0.196875 0.365972 0.0125 0.0402778
1 0.197266 0.365278 0.0117188 0.0388889
1 0.639844 0.329861 0.009375 0.0458333
1 0.1375 0.4375 0.0125 0.05
0 0.639844 0.322222 0.0109375 0.0527778
1 0.233203 0.454167 0.0101562 0.05
0 0.324609 0.545833 0.0117188 0.0472222
1 0.276953 0.309028 0.00859375 0.0375
0 0.849219 0.456944 0.009375 0.05
0 0.338672 0.328472 0.00859375 0.0319444
1 0.370313 0.228472 0.0078125 0.0319444
0 0.254297 0.414583 0.0101562 0.0458333
0 0.247656 0.3 0.009375 0.0361111
1 0.537891 0.266667 0.0101562 0.0361111
0 0.125 0.510417 0.0125 0.0513889
0 0.434766 0.264583 0.00859375 0.0319444
1 0.454688 0.351389 0.009375 0.0388889
1 0.903125 0.6875 0.01875 0.0638889
1 0.164844 0.698611 0.0203125 0.0638889
