0 0.49375 0.440972 0.015625 0.0486111
0 0.785156 0.745139 0.025 0.0402778
0 0.783984 0.770139 0.0257812 0.0708333
1 0.619141 0.779167 0.0257812 0.075
0 0.544922 0.288194 0.0117188 0.0375
0 0.173047 0.60625 0.0132813 0.0652778
0 0.242188 0.359028 0.0140625 0.0486111
1 0.102734 0.347917 0.0101562 0.0430556
1 0.591406 0.327083 0.0171875 0.0430556
1 0.123438 0.521528 0.0140625 0.0569444
0 0.275 0.2875 0.0109375 0.0416667
0 0.378906 0.361806 0.015625 0.0458333
0 0.709375 0.294444 0.0125 0.0361111
1 0.796094 0.597917 0.015625 0.0680556
1 0.392578 0.410417 0.0132813 0.0513889
1 0.561328 0.668056 0.0257812 0.0666667
0 0.206641 0.445139 0.0164062 0.0513889
0 0.400391 0.506944 0.0164062 0.0555556
1 0.660547 0.747917 0.0210938 0.0736111
1 0.767578 0.380556 0.0164062 0.0444444
0 0.633203 0.595139 0.0179687 0.0486111
1 0.597266 0.491667 0.0226563 0.0527778
