0 0.552344 0.320139 0.0109375 0.0430556
0 0.485938 0.242361 0.0078125 0.0319444
0 0.483594 0.250694 0.0078125 0.0291667
1 0.456641 0.238194 0.00703125 0.0319444
0 0.44375 0.265972 0.0078125 0.0375
0 0.590234 0.24375 0.00859375 0.0375
1 0.576953 0.309722 0.00859375 0.0444444
0 0.490234 0.320833 0.00859375 0.0416667
1 0.848828 0.426389 0.00859375 0.0527778
1 0.75 0.339583 0.009375 0.0458333
0 0.637891 0.274306 0.00859375 0.0430556
1 0.617969 0.251389 0.0078125 0.0361111
0 0.459375 0.374306 0.009375 0.0430556
1 0.794531 0.525694 0.0125 0.0625
0 0.510156 0.264583 0.0078125 0.0375
1 0.830859 0.309028 0.00859375 0.0430556
1 0.404687 0.327778 0.0078125 0.0388889
0 0.366406 0.31875 0.0078125 0.0430556
0 0.316406 0.380556 0.0125 0.0444444
0 0.776953 0.434722 0.0132813 0.0583333
1 0.476562 0.44375 0.0140625 0.0513889
4 0.186328 0.311111 0.0914062 0.0916667
