1 0.942187 0.429167 0.015625 0.0527778
0 0.623047 0.269444 0.00703125 0.0305556
1 0.401563 0.2375 0.0078125 0.0333333
0 0.4 0.353472 0.009375 0.0402778
1 0.591016 0.239583 0.00703125 0.0319444
1 0.454688 0.402778 0.009375 0.0444444
1 0.488672 0.775694 0.0242187 0.0736111
1 0.682422 0.304861 0.00859375 0.0375
0 0.432422 0.229167 0.00703125 0.0305556
1 0.211328 0.459722 0.0148437 0.0527778
0 0.259375 0.284722 0.0078125 0.0361111
0 0.183594 0.358333 0.0109375 0.0444444
0 0.639063 0.525 0.0140625 0.05
0 0.171094 0.454861 0.0109375 0.0569444
0 0.699219 0.427083 0.0109375 0.0486111
0 0.396875 0.438889 0.0109375 0.0527778
1 0.894922 0.479167 0.0117188 0.0527778
1 0.317187 0.314583 0.0078125 0.0347222
1 0.606641 0.338194 0.0101562 0.0375
0 0.2625 0.561111 0.015625 0.0555556
1 0.264062 0.3375 0.009375 0.0361111
4 0.957031 0.305556 0.0765625 0.0916667
