1 0.451562 0.375694 0.009375 0.0430556
0 0.451172 0.375694 0.00859375 0.0402778
1 0.533203 0.220139 0.00859375 0.0347222
0 0.508984 0.236111 0.00859375 0.0333333
1 0.649219 0.227778 0.009375 0.0333333
1 0.505078 0.275694 0.0101562 0.0375
0 0.300391 0.263889 0.00859375 0.0388889
0 0.670703 0.359028 0.0101562 0.0486111
1 0.453125 0.413194 0.0125 0.0486111
1 0.744531 0.302083 0.0109375 0.0402778
1 0.894141 0.418056 0.0117188 0.0527778
0 0.1875 0.352083 0.0109375 0.0513889
0 0.685547 0.281944 0.00859375 0.0361111
0 0.223438 0.522917 0.0140625 0.0597222
1 0.272656 0.433333 0.0140625 0.0527778
1 0.587891 0.332639 0.0101562 0.0430556
0 0.415234 0.393056 0.0117188 0.0555556
0 0.673437 0.502778 0.015625 0.0555556
1 0.719531 0.5625 0.0125 0.0583333
0 0.171094 0.436806 0.0109375 0.0430556
1 0.244141 0.363889 0.0117188 0.0444444
0 0.370703 0.307639 0.0101562 0.0402778
4 0.983203 0.285417 0.0335938 0.106944
