1 0.979297 0.404861 0.0117188 0.0541667
0 0.646094 0.334028 0.0140625 0.0430556
0 0.395312 0.459722 0.0125 0.0472222
0 0.641406 0.325 0.0125 0.0444444
0 0.637891 0.324306 0.00859375 0.0347222
1 0.196094 0.370833 0.0109375 0.0416667
1 0.133203 0.448611 0.0132813 0.0444444
1 0.648047 0.3375 0.0101562 0.0388889
0 0.432031 0.269444 0.0078125 0.0388889
1 0.368359 0.23125 0.00859375 0.0319444
1 0.149219 0.725 0.015625 0.0666667
0 0.339453 0.340972 0.00859375 0.0375
1 0.272656 0.314583 0.009375 0.0402778
1 0.236719 0.4625 0.0109375 0.0527778
0 0.833203 0.476389 0.00859375 0.05
1 0.456641 0.363194 0.0101562 0.0347222
0 0.322266 0.559722 0.0101562 0.0472222
0 0.246875 0.304861 0.009375 0.0375
0 0.118359 0.522222 0.0117188 0.0527778
0 0.25625 0.427778 0.0109375 0.0416667
1 0.90625 0.702778 0.01875 0.075
1 0.534375 0.271528 0.0078125 0.0347222
