0 0.550391 0.374306 0.0101562 0.0347222
1 0.7875 0.561806 0.0140625 0.0541667
0 0.441406 0.334028 0.009375 0.0375
1 0.749219 0.286111 0.0109375 0.0361111
0 0.671094 0.244444 0.009375 0.0333333
1 0.761719 0.575694 0.0171875 0.0513889
1 0.689453 0.309028 0.0117188 0.0402778
0 0.301172 0.428472 0.0132813 0.0458333
0 0.323047 0.288889 0.00859375 0.0361111
1 0.120312 0.370139 0.015625 0.0402778
1 0.648828 0.548611 0.0148437 0.0611111
1 0.514453 0.361806 0.0101562 0.0458333
0 0.873438 0.492361 0.0125 0.0569444
0 0.273438 0.365972 0.0125 0.0486111
1 0.737109 0.425 0.0117188 0.05
0 0.794141 0.478472 0.0148437 0.0486111
0 0.609375 0.251389 0.009375 0.0333333
1 0.228516 0.504861 0.0179687 0.0569444
0 0.302734 0.580556 0.0164062 0.0611111
0 0.528516 0.473611 0.0164062 0.0555556
1 0.846875 0.45 0.0109375 0.05
