0 0.439844 0.393056 0.009375 0.0472222
0 0.234375 0.345139 0.009375 0.0486111
1 0.666016 0.213889 0.00703125 0.0333333
1 0.763281 0.23125 0.0078125 0.0347222
1 0.233594 0.346528 0.009375 0.0430556
1 0.427344 0.213889 0.0078125 0.0333333
0 0.507422 0.225694 0.00703125 0.0347222
0 0.299609 0.252083 0.00859375 0.0375
1 0.388672 0.247917 0.00859375 0.0375
1 0.658984 0.301389 0.0101562 0.0416667
0 0.707812 0.236806 0.0078125 0.0347222
0 0.478516 0.263194 0.00703125 0.0375
0 0.785937 0.272222 0.009375 0.0361111
1 0.438672 0.439583 0.0117188 0.0625
0 0.216406 0.335417 0.0109375 0.0486111
0 0.528906 0.472222 0.0125 0.0527778
0 0.188672 0.525694 0.0148437 0.0625
1 0.288672 0.389583 0.0132813 0.0486111
0 0.410937 0.338194 0.009375 0.0486111
1 0.393359 0.770139 0.0164062 0.0819444
0 0.196094 0.400694 0.0109375 0.0513889
1 0.891797 0.491667 0.0132813 0.0583333
