1 0.553516 0.181944 0.00859375 0.0444444
0 0.498437 0.232639 0.0109375 0.0375
0 0.563281 0.235417 0.0078125 0.0430556
0 0.398438 0.178472 0.0078125 0.0375
0 0.553125 0.183333 0.0078125 0.0333333
0 0.574219 0.390278 0.0109375 0.0555556
1 0.482812 0.236111 0.009375 0.0333333
0 0.591406 0.195139 0.009375 0.0319444
0 0.196094 0.232639 0.009375 0.0430556
1 0.646484 0.195833 0.00859375 0.0361111
0 0.707812 0.298611 0.009375 0.05
1 0.574609 0.303472 0.0101562 0.0513889
1 0.427344 0.1875 0.009375 0.0388889
1 0.739844 0.282639 0.009375 0.0486111
1 0.746875 0.38125 0.0125 0.0513889
1 0.715625 0.221528 0.009375 0.0402778
0 0.369531 0.309722 0.0109375 0.0527778
1 0.526563 0.194444 0.009375 0.0333333
1 0.433594 0.26875 0.0171875 0.0458333
0 0.135156 0.365278 0.0109375 0.0555556
0 0.217578 0.571528 0.0148437 0.0625
1 0.598047 0.507639 0.0179687 0.0541667
