0 0.899219 0.331944 0.0109375 0.0527778
0 0.902344 0.30625 0.009375 0.0319444
0 0.470313 0.384028 0.009375 0.0430556
1 0.448828 0.414583 0.0101562 0.0513889
1 0.540234 0.206944 0.00859375 0.0361111
1 0.512109 0.271528 0.0101562 0.0375
0 0.523047 0.23125 0.00859375 0.0319444
0 0.200391 0.345139 0.0132813 0.0513889
1 0.73125 0.593056 0.0140625 0.0611111
0 0.714063 0.361806 0.009375 0.0458333
0 0.38125 0.302083 0.0078125 0.0402778
1 0.772656 0.295833 0.0109375 0.0388889
0 0.708984 0.283333 0.00859375 0.0388889
1 0.663672 0.226389 0.00859375 0.0361111
0 0.174219 0.430556 0.0171875 0.05
1 0.933203 0.434028 0.0132813 0.0541667
0 0.238672 0.513194 0.0117188 0.0652778
0 0.416406 0.390278 0.0109375 0.0555556
0 0.320312 0.253472 0.0078125 0.0375
1 0.28125 0.440972 0.0125 0.0541667
1 0.605078 0.338194 0.0101562 0.0430556
0 0.667188 0.502083 0.0109375 0.0597222
1 0.244531 0.363194 0.0125 0.0486111
