1 0.55625 0.370833 0.0140625 0.0388889
0 0.608984 0.294444 0.00859375 0.0333333
0 0.447656 0.357639 0.0109375 0.0430556
0 0.738281 0.320833 0.009375 0.0388889
1 0.212891 0.426389 0.0101562 0.0583333
0 0.476562 0.265278 0.009375 0.0333333
1 0.622266 0.316667 0.00859375 0.0333333
1 0.483984 0.303472 0.00859375 0.0347222
1 0.496094 0.263889 0.009375 0.0361111
0 0.606641 0.288889 0.00703125 0.0333333
1 0.220313 0.394444 0.009375 0.0388889
1 0.569922 0.261806 0.00703125 0.0319444
1 0.549219 0.332639 0.0109375 0.0402778
0 0.557813 0.376389 0.0109375 0.0444444
0 0.419531 0.398611 0.0125 0.0472222
0 0.214453 0.306944 0.00859375 0.0361111
0 0.699609 0.421528 0.0101562 0.0430556
1 0.729688 0.39375 0.0125 0.0458333
0 0.104687 0.396528 0.0109375 0.0486111
1 0.463672 0.428472 0.0117188 0.0486111
1 0.706641 0.508333 0.0117188 0.05
0 0.322266 0.33125 0.00859375 0.0402778
0 0.182422 0.54375 0.0164062 0.0597222
0 0.124219 0.465278 0.0140625 0.0527778
4 0.860547 0.294444 0.0789063 0.0888889
