0 0.373828 0.397917 0.0132813 0.0486111
1 0.2125 0.4 0.0109375 0.0527778
1 0.590625 0.686806 0.015625 0.0625
1 0.373828 0.43125 0.0132813 0.0513889
1 0.508203 0.207639 0.00703125 0.0319444
1 0.726562 0.226389 0.009375 0.0361111
0 0.376953 0.384722 0.0117188 0.0527778
1 0.473437 0.276389 0.009375 0.0388889
0 0.519141 0.245139 0.00859375 0.0402778
1 0.753125 0.315972 0.009375 0.0458333
0 0.336719 0.254167 0.009375 0.0388889
0 0.714063 0.363194 0.009375 0.0458333
1 0.607813 0.347222 0.009375 0.0444444
1 0.228125 0.477083 0.0109375 0.0513889
0 0.158594 0.436111 0.0140625 0.0527778
0 0.666797 0.286806 0.00859375 0.0375
0 0.189844 0.366667 0.0109375 0.05
0 0.410937 0.292361 0.009375 0.0402778
1 0.898047 0.475694 0.0148437 0.0569444
0 0.556641 0.500694 0.0117188 0.0569444
0 0.191797 0.506944 0.0117188 0.0611111
