1 0.609766 0.190278 0.00859375 0.0416667
0 0.612109 0.196528 0.0132813 0.0458333
0 0.735547 0.284722 0.00859375 0.0416667
0 0.505859 0.263194 0.0148437 0.0458333
1 0.617578 0.205556 0.0101562 0.0333333
1 0.614453 0.198611 0.0132813 0.0444444
1 0.513672 0.25 0.00859375 0.0416667
0 0.733203 0.274306 0.0101562 0.0430556
0 0.501172 0.266667 0.0101562 0.0416667
1 0.720312 0.25 0.0109375 0.0472222
1 0.734766 0.311111 0.00859375 0.0444444
0 0.641016 0.411111 0.0117188 0.0583333
1 0.596094 0.521528 0.0125 0.0597222
1 0.676562 0.28125 0.0078125 0.0458333
1 0.4375 0.236806 0.0078125 0.0375
0 0.405078 0.195139 0.00859375 0.0375
0 0.123828 0.415972 0.0148437 0.0541667
0 0.604688 0.240278 0.0109375 0.05
1 0.520703 0.316667 0.0101562 0.05
0 0.346094 0.24375 0.0078125 0.0458333
1 0.748828 0.406944 0.0164062 0.0638889
1 0.266406 0.379167 0.009375 0.0527778
0 0.45625 0.332639 0.0140625 0.0513889
0 0.152734 0.577083 0.0148437 0.0708333
