1 0.545703 0.180556 0.0101562 0.0416667
0 0.565234 0.240278 0.00859375 0.0444444
0 0.484766 0.231944 0.0101562 0.0388889
0 0.545703 0.18125 0.00859375 0.0375
0 0.403516 0.177083 0.00703125 0.0402778
0 0.591016 0.192361 0.00859375 0.0319444
1 0.469922 0.228472 0.00859375 0.0347222
0 0.194531 0.233333 0.0109375 0.0416667
1 0.435156 0.188889 0.009375 0.0333333
1 0.65 0.193056 0.009375 0.0388889
1 0.717969 0.220833 0.009375 0.0416667
1 0.576563 0.313194 0.009375 0.0513889
1 0.417188 0.272917 0.015625 0.0430556
1 0.74375 0.384722 0.015625 0.0555556
0 0.711328 0.298611 0.0101562 0.0472222
0 0.369531 0.310417 0.0109375 0.0541667
1 0.740234 0.283333 0.00859375 0.05
0 0.580078 0.395139 0.0117188 0.0513889
1 0.520703 0.191667 0.0101562 0.0333333
0 0.132422 0.368056 0.0132813 0.0583333
0 0.209375 0.56875 0.015625 0.0652778
1 0.599219 0.509722 0.0171875 0.0527778
