1 0.701953 0.265278 0.0101562 0.0388889
0 0.592188 0.205556 0.0125 0.0388889
0 0.419922 0.236111 0.0117188 0.0472222
0 0.482422 0.260417 0.0179687 0.0430556
0 0.727344 0.307639 0.0109375 0.0513889
1 0.591016 0.203472 0.0117188 0.0402778
1 0.725781 0.320833 0.009375 0.0416667
0 0.603906 0.202778 0.0109375 0.0388889
1 0.717578 0.251389 0.0101562 0.0416667
0 0.730859 0.288194 0.0117188 0.0458333
0 0.476953 0.261806 0.0101562 0.0402778
1 0.678906 0.286806 0.0109375 0.0486111
1 0.489062 0.256944 0.009375 0.0416667
0 0.410547 0.20625 0.0101562 0.0375
1 0.5 0.313194 0.009375 0.0541667
0 0.344141 0.250694 0.0117188 0.0458333
0 0.607813 0.436806 0.0109375 0.0569444
0 0.0460938 0.428472 0.01875 0.0486111
1 0.420703 0.238889 0.0101562 0.0388889
1 0.249609 0.385417 0.0164062 0.0541667
0 0.439844 0.333333 0.0109375 0.0583333
1 0.739453 0.413194 0.0132813 0.0569444
0 0.596875 0.248611 0.0125 0.0416667
1 0.566797 0.51875 0.0179687 0.0652778
0 0.118359 0.576389 0.0226563 0.0722222
