0 0.379687 0.219444 0.0078125 0.0361111
0 0.384375 0.222917 0.0171875 0.0430556
1 0.389844 0.226389 0.009375 0.0388889
0 0.657812 0.198611 0.009375 0.0361111
1 0.735937 0.225694 0.0078125 0.0402778
0 0.724219 0.297222 0.0125 0.05
1 0.707031 0.208333 0.009375 0.0361111
0 0.410156 0.182639 0.009375 0.0375
0 0.182422 0.234028 0.00859375 0.0458333
0 0.608594 0.389583 0.0109375 0.0486111
1 0.741406 0.3875 0.0109375 0.0527778
1 0.363281 0.282639 0.009375 0.0458333
1 0.570703 0.336806 0.0101562 0.0513889
1 0.491406 0.2125 0.0109375 0.0388889
0 0.536719 0.2 0.0078125 0.0388889
0 0.100781 0.363889 0.0109375 0.0527778
1 0.765234 0.284028 0.0101562 0.0513889
0 0.339844 0.299306 0.0109375 0.0541667
1 0.585156 0.220139 0.009375 0.0375
0 0.161328 0.544444 0.0148437 0.0666667
1 0.594531 0.507639 0.015625 0.0513889
