1 0.714063 0.259028 0.0125 0.0430556
1 0.698828 0.247222 0.0132813 0.0388889
0 0.715625 0.264583 0.0109375 0.0458333
1 0.388672 0.229167 0.00859375 0.0416667
0 0.355859 0.202083 0.0117188 0.0430556
1 0.742969 0.288889 0.0125 0.0472222
0 0.4375 0.289583 0.0125 0.0513889
0 0.646094 0.193056 0.0109375 0.0333333
0 0.469531 0.242361 0.009375 0.0430556
1 0.628906 0.236806 0.0140625 0.0375
1 0.673828 0.194444 0.00859375 0.0333333
1 0.314063 0.353472 0.0140625 0.0541667
1 0.543359 0.228472 0.0132813 0.0486111
0 0.267188 0.265972 0.0109375 0.0513889
1 0.554297 0.28125 0.0132813 0.0513889
0 0.223828 0.459028 0.0148437 0.0625
0 0.664062 0.228472 0.0125 0.0319444
0 0.224609 0.354861 0.0164062 0.0541667
0 0.670703 0.33125 0.0164062 0.0513889
1 0.664844 0.471528 0.0140625 0.0597222
1 0.757031 0.361111 0.0171875 0.05
