1 0.242969 0.380556 0.009375 0.0416667
0 0.205078 0.325694 0.0101562 0.0347222
0 0.240625 0.3 0.009375 0.0388889
0 0.235156 0.282639 0.0078125 0.0291667
0 0.201172 0.320139 0.0101562 0.0319444
0 0.157031 0.390278 0.0171875 0.0472222
0 0.238672 0.290278 0.00859375 0.0361111
1 0.155859 0.391667 0.0164062 0.0416667
0 0.194141 0.316667 0.0117188 0.0361111
0 0.326953 0.340278 0.0101562 0.0361111
1 0.465234 0.265278 0.0101562 0.0416667
1 0.450391 0.388889 0.0148437 0.0472222
0 0.199609 0.354861 0.0117188 0.0402778
1 0.795703 0.444444 0.0117188 0.0611111
0 0.109375 0.377083 0.0125 0.0458333
0 0.523438 0.306944 0.015625 0.0388889
1 0.817578 0.579861 0.0117188 0.0652778
0 0.627734 0.322222 0.0117188 0.0444444
1 0.273438 0.451389 0.0125 0.0472222
1 0.521875 0.424306 0.0109375 0.0513889
1 0.779688 0.372917 0.009375 0.0430556
0 0.358984 0.578472 0.0179687 0.0597222
0 0.696094 0.579167 0.015625 0.0611111
4 0.116406 0.278472 0.0828125 0.0819444
