0 0.937109 0.415972 0.0132813 0.0541667
0 0.589063 0.252778 0.0078125 0.0361111
1 0.487891 0.38125 0.0101562 0.0430556
1 0.588281 0.25 0.0078125 0.0361111
1 0.663281 0.298611 0.0078125 0.0361111
0 0.414062 0.432639 0.0140625 0.0486111
0 0.355078 0.348611 0.00859375 0.0444444
1 0.408203 0.239583 0.00859375 0.0319444
0 0.6625 0.502778 0.0125 0.0527778
0 0.446484 0.226389 0.00703125 0.0305556
0 0.254687 0.279167 0.009375 0.0361111
0 0.172266 0.460417 0.0132813 0.0486111
1 0.807031 0.425694 0.0109375 0.0402778
1 0.326953 0.308333 0.00859375 0.0361111
1 0.557422 0.334028 0.0101562 0.0402778
1 0.5875 0.703472 0.021875 0.0708333
0 0.660937 0.402083 0.0109375 0.0458333
1 0.258984 0.463889 0.0164062 0.0527778
0 0.189844 0.352083 0.0109375 0.0430556
1 0.278906 0.324306 0.009375 0.0347222
0 0.295703 0.55 0.0164062 0.0555556
4 0.939453 0.3 0.0773437 0.0888889
