1 0.669141 0.215278 0.00703125 0.0333333
1 0.427734 0.213194 0.00703125 0.0291667
1 0.766016 0.231944 0.00859375 0.0333333
1 0.4375 0.438194 0.0125 0.0625
1 0.391016 0.249306 0.00859375 0.0347222
1 0.656641 0.301389 0.0101562 0.0416667
1 0.232031 0.345139 0.009375 0.0486111
0 0.505469 0.226389 0.00625 0.0333333
1 0.386719 0.770833 0.015625 0.0777778
0 0.480469 0.264583 0.0078125 0.0375
0 0.791797 0.275 0.0101562 0.0388889
0 0.708594 0.241667 0.0078125 0.0333333
0 0.412109 0.339583 0.0101562 0.0486111
0 0.216406 0.335417 0.0109375 0.0486111
0 0.296094 0.252083 0.0078125 0.0375
0 0.186328 0.528472 0.0148437 0.0652778
0 0.529688 0.472917 0.0125 0.0569444
0 0.195703 0.403472 0.0117188 0.0513889
1 0.281641 0.389583 0.0101562 0.0486111
1 0.895703 0.49375 0.0117188 0.0569444
