0 0.43125 0.474306 0.009375 0.0486111
1 0.400391 0.8 0.0195312 0.0722222
1 0.21875 0.432639 0.0109375 0.0458333
1 0.583203 0.238889 0.00703125 0.0305556
1 0.719141 0.310417 0.0101562 0.0402778
1 0.394531 0.235417 0.0078125 0.0319444
0 0.416016 0.355556 0.00859375 0.0416667
0 0.272656 0.299306 0.0078125 0.0402778
1 0.441016 0.424306 0.00859375 0.0458333
0 0.164844 0.459722 0.0140625 0.05
0 0.181641 0.365278 0.0117188 0.0444444
0 0.658203 0.313194 0.0101562 0.0402778
0 0.416797 0.240278 0.00859375 0.0361111
1 0.246484 0.355556 0.00859375 0.0388889
0 0.380859 0.445139 0.0132813 0.0513889
0 0.719141 0.448611 0.0101562 0.0527778
1 0.676953 0.35 0.0101562 0.0416667
0 0.223828 0.582639 0.0148437 0.0597222
1 0.946484 0.522917 0.0164062 0.0541667
0 0.597266 0.55 0.0164062 0.0527778
1 0.302734 0.329167 0.00859375 0.0388889
4 0.969141 0.307639 0.0601562 0.0902778
