1 0.372656 0.454167 0.015625 0.0416667
0 0.693359 0.265278 0.0148437 0.0527778
1 0.380469 0.449306 0.01875 0.0430556
0 0.386719 0.461111 0.0125 0.05
0 0.369922 0.478472 0.0148437 0.0430556
0 0.691016 0.278472 0.0117188 0.0375
0 0.700391 0.251389 0.0101562 0.0361111
1 0.274219 0.338194 0.0109375 0.0486111
1 0.667188 0.238194 0.009375 0.0375
0 0.787891 0.754861 0.0164062 0.0680556
0 0.182812 0.429861 0.0203125 0.0569444
0 0.228125 0.31875 0.0140625 0.0486111
1 0.64375 0.318056 0.0109375 0.05
1 0.775 0.405556 0.0125 0.0555556
1 0.772266 0.490972 0.0117188 0.0625
1 0.650391 0.618056 0.0179687 0.0611111
0 0.346094 0.264583 0.0125 0.0430556
1 0.466016 0.389583 0.0117188 0.0597222
1 0.528906 0.4375 0.021875 0.0555556
1 0.154687 0.483333 0.021875 0.0527778
0 0.668359 0.517361 0.0210938 0.0597222
