0 0.291016 0.411111 0.00859375 0.0472222
0 0.251172 0.332639 0.0101562 0.0513889
1 0.249609 0.318056 0.00859375 0.0388889
0 0.248047 0.344444 0.0117188 0.0361111
1 0.473828 0.322917 0.0101562 0.0375
0 0.288672 0.422222 0.0132813 0.0472222
0 0.220703 0.413194 0.0101562 0.0430556
1 0.203906 0.403472 0.0125 0.0402778
0 0.575781 0.660417 0.015625 0.0569444
0 0.605859 0.35625 0.0132813 0.0375
0 0.369141 0.349306 0.00859375 0.0347222
0 0.261719 0.686806 0.0171875 0.0625
1 0.463672 0.497917 0.0117188 0.0513889
0 0.516406 0.332639 0.0125 0.0402778
0 0.135937 0.454861 0.0125 0.0458333
1 0.280078 0.392361 0.0101562 0.0347222
0 0.296875 0.304167 0.009375 0.0388889
1 0.290234 0.506944 0.0117188 0.0472222
1 0.439063 0.411111 0.0109375 0.0416667
1 0.710156 0.663889 0.0171875 0.0611111
1 0.795703 0.491667 0.0164062 0.0472222
1 0.760156 0.392361 0.0140625 0.0430556
4 0.115234 0.288194 0.0789063 0.0902778
