0 0.6875 0.235417 0.0125 0.0430556
0 0.309766 0.19375 0.00859375 0.0319444
1 0.684766 0.231944 0.0101562 0.0416667
0 0.691016 0.242361 0.0132813 0.0402778
0 0.776172 0.302083 0.00859375 0.0375
1 0.298828 0.254861 0.00859375 0.0375
0 0.635938 0.220833 0.0078125 0.0361111
1 0.558594 0.217361 0.009375 0.0375
1 0.309766 0.304861 0.00859375 0.0430556
1 0.533984 0.365972 0.0117188 0.0541667
0 0.371875 0.215972 0.009375 0.0347222
1 0.777344 0.276389 0.0078125 0.0361111
1 0.675391 0.286806 0.0132813 0.0458333
0 0.526172 0.413194 0.00859375 0.0513889
0 0.126953 0.359722 0.0117188 0.0472222
1 0.732031 0.401389 0.0109375 0.0527778
1 0.417188 0.225694 0.009375 0.0347222
1 0.585938 0.544444 0.0140625 0.0638889
0 0.221094 0.265278 0.009375 0.0416667
0 0.145313 0.483333 0.0140625 0.0611111
0 0.336328 0.29375 0.0101562 0.0458333
