0 0.904688 0.380556 0.0109375 0.0333333
1 0.54375 0.333333 0.009375 0.0472222
1 0.544922 0.347917 0.0101562 0.0402778
1 0.414062 0.254861 0.00625 0.0291667
0 0.320703 0.340278 0.00703125 0.0333333
1 0.320703 0.304167 0.00703125 0.0305556
1 0.624219 0.311806 0.0078125 0.0375
1 0.372266 0.41875 0.0117188 0.0402778
1 0.541406 0.327778 0.0078125 0.0305556
0 0.226953 0.28125 0.00859375 0.0347222
0 0.444922 0.231944 0.00703125 0.0305556
1 0.568359 0.278472 0.00859375 0.0347222
1 0.303125 0.300694 0.0078125 0.0347222
0 0.588672 0.386806 0.00859375 0.0430556
0 0.460938 0.418056 0.009375 0.05
0 0.530469 0.253472 0.0078125 0.0347222
0 0.661719 0.428472 0.009375 0.0402778
0 0.330859 0.55625 0.0148437 0.0569444
0 0.153516 0.35625 0.0101562 0.0458333
0 0.184375 0.454861 0.015625 0.0569444
1 0.716406 0.522222 0.0125 0.05
1 0.721094 0.381944 0.009375 0.0416667
4 0.905859 0.30625 0.0804688 0.0958333
