1 0.501172 0.234028 0.00859375 0.0319444
0 0.501562 0.236111 0.009375 0.0361111
0 0.495703 0.252083 0.00859375 0.0291667
1 0.463281 0.239583 0.0078125 0.0319444
1 0.574219 0.311806 0.0125 0.0486111
0 0.583594 0.240972 0.009375 0.0375
0 0.636719 0.277778 0.009375 0.0305556
0 0.441016 0.266667 0.00703125 0.0416667
0 0.518359 0.267361 0.0101562 0.0402778
0 0.371094 0.327083 0.0078125 0.0458333
1 0.833594 0.303472 0.009375 0.0430556
0 0.511328 0.325694 0.0132813 0.0430556
0 0.48125 0.38125 0.0125 0.0458333
1 0.851172 0.424306 0.0132813 0.0569444
1 0.427734 0.326389 0.0117188 0.0444444
1 0.619531 0.25 0.009375 0.0388889
1 0.746484 0.3375 0.00703125 0.0444444
0 0.328906 0.392361 0.0109375 0.0486111
1 0.5125 0.451389 0.015625 0.05
0 0.786328 0.423611 0.0117188 0.0527778
1 0.80625 0.51875 0.015625 0.0597222
4 0.185937 0.309028 0.0890625 0.0930556
