1 0.854688 0.51875 0.0203125 0.0791667
1 0.519922 0.265278 0.00703125 0.0277778
0 0.549609 0.293056 0.00859375 0.0305556
1 0.554297 0.259028 0.00703125 0.0347222
1 0.850781 0.416667 0.009375 0.0527778
0 0.604297 0.250694 0.0101562 0.0347222
0 0.619531 0.279167 0.009375 0.0388889
0 0.557031 0.353472 0.009375 0.0458333
1 0.498437 0.335417 0.0078125 0.0375
0 0.572266 0.411111 0.00859375 0.0472222
0 0.460547 0.29375 0.00859375 0.0375
1 0.828906 0.311806 0.009375 0.0430556
1 0.616797 0.346528 0.0101562 0.0402778
0 0.81875 0.4125 0.0125 0.0472222
1 0.645703 0.271528 0.0101562 0.0402778
0 0.359766 0.456944 0.0101562 0.0527778
1 0.742188 0.348611 0.009375 0.0472222
1 0.617578 0.504167 0.0132813 0.0583333
0 0.396875 0.349306 0.0078125 0.0430556
1 0.850391 0.506944 0.0164062 0.0555556
4 0.178516 0.319444 0.0898438 0.0944444
