1 0.941406 0.429167 0.01875 0.0472222
1 0.462891 0.788194 0.0132813 0.0763889
1 0.4 0.236111 0.0078125 0.0333333
1 0.314063 0.315972 0.009375 0.0347222
0 0.405859 0.350694 0.00859375 0.0430556
0 0.427344 0.229861 0.0078125 0.0347222
1 0.589453 0.240278 0.00703125 0.0305556
1 0.450781 0.407639 0.009375 0.0458333
0 0.630469 0.275694 0.009375 0.0319444
1 0.691016 0.304861 0.0101562 0.0402778
1 0.622266 0.34375 0.0101562 0.0347222
0 0.173438 0.45625 0.0125 0.0541667
0 0.262109 0.288194 0.00859375 0.0402778
1 0.916406 0.495139 0.0125 0.0513889
0 0.632812 0.529861 0.0109375 0.0541667
0 0.254297 0.56875 0.0132813 0.0569444
1 0.260156 0.339583 0.009375 0.0375
0 0.707812 0.436806 0.0109375 0.0513889
0 0.391797 0.440972 0.0117188 0.0541667
0 0.182031 0.359722 0.0125 0.0444444
1 0.20625 0.456944 0.0109375 0.05
4 0.960156 0.303472 0.0765625 0.0875
