0 0.323438 0.165278 0.0078125 0.0361111
1 0.7 0.247917 0.0125 0.0430556
0 0.714453 0.264583 0.0132813 0.0458333
1 0.673828 0.19375 0.0101562 0.0347222
0 0.645312 0.193056 0.0125 0.0361111
0 0.472656 0.243056 0.0078125 0.0416667
1 0.742578 0.288889 0.0132813 0.0472222
0 0.358203 0.203472 0.0101562 0.0402778
1 0.632031 0.235417 0.0125 0.0402778
0 0.440625 0.290278 0.0109375 0.05
1 0.55625 0.280556 0.0109375 0.0527778
0 0.664453 0.226389 0.0117188 0.0333333
1 0.545313 0.229861 0.0125 0.0458333
1 0.757812 0.3625 0.015625 0.05
0 0.225 0.354861 0.0140625 0.0569444
0 0.223438 0.459028 0.0140625 0.0652778
1 0.316406 0.352778 0.0125 0.0527778
1 0.391406 0.227083 0.009375 0.0402778
1 0.665234 0.471528 0.0148437 0.0569444
0 0.270312 0.264583 0.0109375 0.0513889
0 0.671094 0.329167 0.01875 0.0527778
