1 0.207813 0.248611 0.0078125 0.0277778
0 0.557813 0.300694 0.0078125 0.0319444
0 0.827734 0.334722 0.00859375 0.0361111
0 0.788281 0.34375 0.009375 0.0236111
1 0.660156 0.316667 0.0078125 0.0305556
1 0.672656 0.2875 0.0078125 0.0361111
1 0.623828 0.297917 0.00859375 0.0319444
0 0.647266 0.288889 0.00703125 0.0305556
0 0.671875 0.265972 0.0078125 0.0291667
1 0.694531 0.334722 0.0078125 0.0444444
0 0.661328 0.354167 0.00859375 0.0388889
1 0.577734 0.319444 0.00859375 0.0333333
1 0.135156 0.406944 0.0109375 0.0388889
0 0.233984 0.461806 0.0132813 0.0430556
0 0.245312 0.325 0.0078125 0.0361111
1 0.714453 0.354861 0.0101562 0.0430556
1 0.604688 0.411806 0.0125 0.0430556
1 0.264844 0.461111 0.009375 0.0472222
0 0.153906 0.410417 0.0109375 0.0486111
0 0.565234 0.4 0.0101562 0.0444444
0 0.388281 0.336806 0.009375 0.0347222
0 0.280078 0.548611 0.0148437 0.0527778
1 0.752734 0.416667 0.0101562 0.0388889
4 0.868359 0.31875 0.0804688 0.0847222
