1 0.391406 0.418056 0.0109375 0.0472222
0 0.377734 0.370139 0.00859375 0.0458333
0 0.392578 0.415278 0.0117188 0.0527778
0 0.215234 0.353472 0.0117188 0.0541667
0 0.798828 0.300694 0.0101562 0.0375
1 0.800781 0.3 0.0078125 0.0361111
0 0.38125 0.372917 0.009375 0.0458333
1 0.428516 0.203472 0.00703125 0.0347222
1 0.691406 0.246528 0.0078125 0.0375
1 0.21875 0.360417 0.0125 0.0458333
0 0.675391 0.264583 0.00859375 0.0375
0 0.492188 0.245833 0.0078125 0.0388889
1 0.240625 0.428472 0.0109375 0.0458333
1 0.4 0.449306 0.015625 0.0541667
1 0.611719 0.314583 0.0125 0.0402778
0 0.461719 0.288194 0.0078125 0.0375
0 0.282422 0.267361 0.00859375 0.0375
1 0.903906 0.506944 0.0171875 0.0583333
1 0.412891 0.2625 0.00859375 0.0388889
1 0.355469 0.760417 0.015625 0.0791667
0 0.190234 0.433333 0.0164062 0.0527778
0 0.467578 0.502778 0.0164062 0.05
0 0.165625 0.533333 0.0140625 0.0611111
