0 0.550391 0.297222 0.00703125 0.0305556
0 0.75625 0.338889 0.0125 0.025
1 0.648438 0.291667 0.0078125 0.0333333
0 0.663672 0.276389 0.00703125 0.0305556
1 0.564062 0.318056 0.0078125 0.0333333
1 0.633984 0.317361 0.00859375 0.0319444
1 0.596875 0.304167 0.009375 0.0361111
1 0.663281 0.333333 0.0078125 0.0416667
0 0.124609 0.419444 0.0101562 0.0444444
0 0.639844 0.3625 0.009375 0.0416667
0 0.210156 0.468056 0.0109375 0.0527778
0 0.223828 0.329861 0.00703125 0.0347222
0 0.553906 0.401389 0.0109375 0.0472222
1 0.698828 0.358333 0.00859375 0.0444444
1 0.748828 0.413889 0.0117188 0.0444444
1 0.257031 0.458333 0.0109375 0.05
0 0.364062 0.342361 0.0078125 0.0402778
1 0.595703 0.41875 0.0101562 0.0458333
0 0.2625 0.552083 0.0109375 0.0597222
1 0.139844 0.40625 0.0109375 0.0430556
4 0.836719 0.318056 0.0796875 0.075
