0 0.731641 0.199306 0.00703125 0.0291667
1 0.657031 0.20625 0.0078125 0.0347222
0 0.702344 0.226389 0.0078125 0.0277778
1 0.761328 0.223611 0.0101562 0.0305556
0 0.522266 0.220139 0.00703125 0.0347222
1 0.428906 0.213889 0.0078125 0.0305556
1 0.385156 0.240278 0.0078125 0.0361111
0 0.525391 0.461806 0.0132813 0.0486111
0 0.771875 0.270139 0.0078125 0.0402778
0 0.313281 0.246528 0.009375 0.0375
0 0.476562 0.25 0.0078125 0.0361111
1 0.419922 0.754167 0.0164062 0.0805556
1 0.441406 0.431944 0.0109375 0.0583333
1 0.874219 0.481944 0.0125 0.0583333
0 0.202734 0.390278 0.0117188 0.0527778
0 0.222266 0.327778 0.0101562 0.0472222
1 0.245312 0.3375 0.009375 0.0444444
1 0.669141 0.29375 0.0101562 0.0402778
0 0.415234 0.321528 0.00859375 0.0430556
0 0.197266 0.514583 0.0148437 0.0625
1 0.319141 0.380556 0.0148437 0.05
