1 0.647266 0.315972 0.0179687 0.0513889
0 0.389062 0.448611 0.0125 0.0555556
1 0.140234 0.4125 0.0101562 0.05
1 0.201953 0.357639 0.00859375 0.0430556
0 0.1875 0.350694 0.009375 0.0430556
0 0.655078 0.306944 0.0101562 0.0333333
0 0.154297 0.413889 0.0132813 0.0472222
1 0.376953 0.218056 0.00703125 0.0333333
1 0.238281 0.435417 0.0140625 0.0486111
0 0.269141 0.388889 0.0101562 0.0472222
0 0.342578 0.309722 0.00859375 0.0388889
1 0.290625 0.299306 0.0109375 0.0402778
0 0.889063 0.414583 0.0078125 0.0402778
1 0.64375 0.325 0.0109375 0.0416667
1 0.552344 0.251389 0.0078125 0.0333333
1 0.900781 0.641667 0.015625 0.0638889
1 0.460547 0.338194 0.00859375 0.0430556
0 0.344141 0.515972 0.0132813 0.0541667
1 0.194141 0.659028 0.0148437 0.0680556
0 0.246875 0.291667 0.0109375 0.0388889
0 0.1375 0.484028 0.015625 0.0541667
0 0.448047 0.248611 0.0101562 0.0333333
