0 0.518359 0.319444 0.0101562 0.0361111
1 0.399219 0.340278 0.009375 0.0416667
1 0.650391 0.261806 0.00859375 0.0347222
0 0.749609 0.482639 0.0101562 0.0513889
1 0.757031 0.435417 0.0109375 0.0458333
1 0.5875 0.397917 0.0109375 0.0430556
1 0.551953 0.359722 0.00859375 0.0416667
1 0.644141 0.322917 0.00859375 0.0430556
0 0.44375 0.383333 0.015625 0.0361111
0 0.685547 0.253472 0.0101562 0.0347222
0 0.486328 0.447917 0.0117188 0.0402778
0 0.303125 0.358333 0.0109375 0.0472222
1 0.411719 0.419444 0.0140625 0.0361111
0 0.719531 0.311806 0.009375 0.0375
0 0.372656 0.270833 0.0078125 0.0333333
1 0.717578 0.389583 0.0101562 0.0486111
0 0.246875 0.453472 0.0140625 0.0458333
0 0.892578 0.709722 0.0164062 0.0638889
1 0.744141 0.561111 0.0117188 0.0611111
0 0.442969 0.517361 0.01875 0.0513889
1 0.446484 0.459028 0.0117188 0.0486111
