0 0.284375 0.463889 0.015625 0.05
1 0.710156 0.26875 0.0078125 0.0291667
1 0.707031 0.281944 0.009375 0.0388889
0 0.650781 0.240278 0.0109375 0.0305556
1 0.571484 0.325694 0.0117188 0.0375
1 0.719531 0.338194 0.0109375 0.0375
0 0.665234 0.263889 0.00859375 0.0333333
0 0.835156 0.386111 0.0125 0.0361111
0 0.227734 0.390278 0.0148437 0.0444444
0 0.785937 0.357639 0.009375 0.0375
0 0.576172 0.428472 0.0148437 0.0430556
0 0.43125 0.326389 0.009375 0.0361111
1 0.141016 0.397222 0.0101562 0.0416667
1 0.808594 0.351389 0.009375 0.0388889
0 0.283594 0.438194 0.0140625 0.0430556
0 0.307813 0.306944 0.0109375 0.0388889
1 0.283594 0.474306 0.0140625 0.0402778
1 0.806641 0.482639 0.0132813 0.0513889
1 0.820312 0.414583 0.0109375 0.0430556
0 0.308203 0.552083 0.0164062 0.0541667
1 0.639844 0.450694 0.0125 0.0486111
4 0.98125 0.325694 0.0375 0.0958333
