0 0.719531 0.301389 0.009375 0.0444444
1 0.687891 0.265972 0.0101562 0.0486111
1 0.687109 0.252083 0.00859375 0.0402778
1 0.720703 0.323611 0.0101562 0.0472222
0 0.408594 0.209028 0.0078125 0.0319444
0 0.570703 0.20625 0.00859375 0.0347222
1 0.549219 0.215972 0.0109375 0.0375
1 0.407813 0.240278 0.0078125 0.0361111
0 0.577734 0.244444 0.00859375 0.0416667
0 0.434375 0.258333 0.0109375 0.0416667
1 0.491797 0.314583 0.0117188 0.0513889
0 0.325781 0.265278 0.0125 0.05
1 0.648828 0.295139 0.0101562 0.0430556
0 0.0398437 0.413889 0.0125 0.0583333
1 0.729297 0.423611 0.0132813 0.0583333
1 0.465234 0.25625 0.00859375 0.0375
0 0.435937 0.330556 0.0109375 0.0527778
1 0.520312 0.509722 0.0140625 0.0611111
0 0.0882813 0.560417 0.015625 0.0680556
1 0.228906 0.386111 0.015625 0.0527778
0 0.567578 0.449306 0.0164062 0.0569444
