0 0.565234 0.240278 0.00859375 0.0444444
1 0.464844 0.227778 0.0109375 0.0361111
1 0.437891 0.186111 0.0101562 0.0388889
0 0.482031 0.229861 0.0125 0.0347222
0 0.591016 0.190972 0.00859375 0.0319444
1 0.650391 0.193056 0.00859375 0.0388889
0 0.195703 0.232639 0.0101562 0.0430556
0 0.403906 0.178472 0.0078125 0.0402778
0 0.541406 0.183333 0.0109375 0.0361111
1 0.520703 0.192361 0.0101562 0.0347222
1 0.576172 0.3125 0.0101562 0.0527778
1 0.717578 0.220139 0.00859375 0.0402778
0 0.710156 0.296528 0.0109375 0.0486111
1 0.742578 0.382639 0.0132813 0.0541667
0 0.58125 0.394444 0.0109375 0.0555556
0 0.36875 0.309722 0.0109375 0.0527778
1 0.739453 0.281944 0.00859375 0.05
1 0.414844 0.272222 0.0109375 0.0416667
0 0.132031 0.365972 0.0109375 0.0541667
0 0.207031 0.566667 0.0140625 0.0638889
1 0.598047 0.507639 0.0164062 0.0541667
