0 0.834375 0.442361 0.0125 0.0430556
1 0.794141 0.511111 0.0179687 0.0583333
0 0.840625 0.411111 0.0109375 0.0388889
1 0.535937 0.35 0.0109375 0.0388889
1 0.73125 0.272917 0.009375 0.0319444
1 0.841016 0.407639 0.0101562 0.0375
0 0.6125 0.240972 0.009375 0.0263889
0 0.829297 0.452083 0.0148437 0.0402778
1 0.702734 0.297222 0.00859375 0.0361111
0 0.644531 0.240972 0.0109375 0.0291667
1 0.798828 0.501389 0.0132813 0.0444444
0 0.326172 0.291667 0.0101562 0.0361111
0 0.307031 0.427083 0.0125 0.0458333
0 0.442578 0.325694 0.0101562 0.0402778
1 0.733984 0.393056 0.0101562 0.0416667
1 0.128906 0.381944 0.009375 0.0416667
0 0.317187 0.565972 0.0140625 0.0569444
0 0.544141 0.452778 0.0148437 0.0527778
1 0.785937 0.54375 0.0203125 0.0597222
1 0.646094 0.504861 0.0125 0.0541667
0 0.263281 0.370833 0.0140625 0.0444444
1 0.254687 0.495833 0.0109375 0.05
