0 0.213281 0.354167 0.0109375 0.0527778
0 0.780469 0.303472 0.0125 0.0319444
0 0.210547 0.34375 0.00859375 0.0402778
1 0.799219 0.3 0.0109375 0.0388889
1 0.430078 0.202083 0.00703125 0.0319444
0 0.374609 0.372222 0.0132813 0.0472222
0 0.491406 0.244444 0.0078125 0.0361111
1 0.691797 0.246528 0.00859375 0.0375
1 0.397266 0.441667 0.0164062 0.0694444
0 0.672656 0.265972 0.0078125 0.0375
0 0.283984 0.265972 0.00859375 0.0402778
1 0.217969 0.361806 0.0109375 0.0402778
0 0.460938 0.286111 0.0078125 0.0361111
1 0.901953 0.504861 0.0148437 0.0597222
0 0.186328 0.429861 0.0117188 0.0541667
1 0.238281 0.427083 0.0109375 0.0458333
0 0.166016 0.529861 0.0148437 0.0597222
1 0.609375 0.314583 0.009375 0.0402778
1 0.414453 0.261111 0.00859375 0.0388889
1 0.359375 0.753472 0.0140625 0.0763889
0 0.458984 0.504861 0.0164062 0.0513889
