1 0.484375 0.329167 0.009375 0.0333333
0 0.682813 0.3375 0.009375 0.0333333
1 0.669141 0.388889 0.0148437 0.0444444
0 0.498437 0.297222 0.009375 0.0361111
1 0.549609 0.295833 0.00859375 0.0361111
0 0.680078 0.383333 0.0101562 0.0416667
0 0.589453 0.308333 0.00859375 0.0305556
1 0.5375 0.35 0.009375 0.0388889
1 0.664453 0.393056 0.0101562 0.0416667
0 0.553516 0.399306 0.0101562 0.0430556
0 0.195703 0.340972 0.00859375 0.0347222
1 0.230859 0.423611 0.0101562 0.0416667
0 0.312109 0.361111 0.0101562 0.0333333
1 0.19375 0.442361 0.0109375 0.0486111
1 0.480078 0.443056 0.0101562 0.0444444
1 0.601562 0.338194 0.009375 0.0375
0 0.135937 0.479861 0.0125 0.0513889
0 0.0917969 0.427083 0.0101562 0.0458333
0 0.436328 0.417361 0.00859375 0.0458333
0 0.205078 0.56875 0.0148437 0.0569444
1 0.688672 0.4875 0.0101562 0.0444444
4 0.791797 0.311806 0.0710938 0.0819444
