1 0.478906 0.354861 0.009375 0.0375
0 0.922266 0.405556 0.0101562 0.0444444
1 0.4 0.251389 0.009375 0.0333333
1 0.524219 0.359028 0.009375 0.0375
1 0.535547 0.333333 0.00859375 0.0361111
1 0.285937 0.308333 0.0078125 0.0333333
1 0.308594 0.30625 0.0078125 0.0347222
0 0.316016 0.349306 0.00703125 0.0430556
0 0.530078 0.257639 0.00859375 0.0347222
0 0.433984 0.234028 0.00703125 0.0319444
0 0.223438 0.284028 0.0078125 0.0319444
1 0.719922 0.388194 0.0101562 0.0486111
0 0.648828 0.449306 0.0101562 0.0458333
1 0.621875 0.309028 0.009375 0.0375
0 0.439844 0.429861 0.0125 0.0513889
0 0.590234 0.391667 0.00859375 0.0444444
0 0.15625 0.357639 0.0109375 0.0430556
1 0.558984 0.272222 0.00859375 0.0361111
1 0.34375 0.438889 0.0109375 0.0472222
0 0.311328 0.555556 0.0164062 0.0583333
1 0.691016 0.565278 0.0117188 0.0527778
0 0.178125 0.4625 0.015625 0.0444444
4 0.894531 0.305556 0.078125 0.0916667
