0 0.730859 0.336111 0.0179687 0.0277778
0 0.725 0.338889 0.009375 0.0305556
1 0.169922 0.260417 0.00703125 0.0263889
1 0.626562 0.296528 0.0078125 0.0319444
0 0.647266 0.299306 0.00703125 0.0319444
0 0.739062 0.338889 0.009375 0.0277778
1 0.546094 0.313194 0.009375 0.0375
1 0.610547 0.323611 0.0101562 0.0305556
0 0.621094 0.36875 0.009375 0.0375
1 0.571484 0.304861 0.00859375 0.0347222
1 0.690625 0.363194 0.009375 0.0375
0 0.107031 0.426389 0.0109375 0.0444444
0 0.207813 0.334722 0.0078125 0.0361111
1 0.641797 0.3375 0.00859375 0.0361111
1 0.580469 0.429167 0.0109375 0.0472222
1 0.735937 0.416667 0.009375 0.0416667
0 0.533594 0.404167 0.0109375 0.0444444
0 0.186328 0.472222 0.0117188 0.05
1 0.147266 0.411111 0.0117188 0.0444444
0 0.348047 0.351389 0.0101562 0.0416667
1 0.252734 0.450694 0.0101562 0.0486111
0 0.247266 0.556944 0.0148437 0.0555556
4 0.81875 0.314583 0.071875 0.0819444
