0 0.366797 0.154861 0.00859375 0.0375
0 0.617188 0.188889 0.0125 0.0416667
0 0.742578 0.303472 0.0101562 0.0513889
1 0.519922 0.247222 0.00859375 0.0444444
1 0.626953 0.19375 0.0101562 0.0402778
1 0.675781 0.26875 0.0109375 0.0486111
0 0.510938 0.259722 0.0109375 0.0444444
0 0.732031 0.270833 0.0109375 0.05
1 0.716797 0.240278 0.0117188 0.0444444
1 0.742969 0.306944 0.009375 0.0444444
0 0.473047 0.317361 0.0148437 0.0541667
0 0.395312 0.1875 0.009375 0.0388889
1 0.619531 0.511111 0.0125 0.0666667
1 0.758203 0.3875 0.0117188 0.0583333
1 0.446875 0.23125 0.009375 0.0430556
0 0.605469 0.235417 0.0109375 0.0430556
0 0.662891 0.385417 0.0132813 0.0569444
1 0.554297 0.311111 0.0132813 0.0555556
0 0.188281 0.39375 0.0171875 0.0569444
1 0.281641 0.379167 0.0117188 0.0555556
0 0.350781 0.240278 0.0109375 0.05
0 0.215625 0.56875 0.015625 0.0652778
