0 0.333984 0.310417 0.0101562 0.0402778
0 0.508203 0.326389 0.00859375 0.0361111
1 0.329688 0.284722 0.0078125 0.025
1 0.340234 0.295833 0.00859375 0.0388889
0 0.331641 0.322917 0.00859375 0.0347222
1 0.568359 0.364583 0.0101562 0.0263889
0 0.233594 0.268056 0.0078125 0.0333333
1 0.440234 0.246528 0.00703125 0.0347222
0 0.466797 0.220833 0.00703125 0.0361111
0 0.536719 0.245833 0.0078125 0.0333333
0 0.68125 0.40625 0.009375 0.0430556
1 0.592578 0.270139 0.00859375 0.0375
1 0.639844 0.30625 0.0078125 0.0375
0 0.598437 0.38125 0.009375 0.0458333
0 0.152734 0.34375 0.0101562 0.0458333
0 0.487891 0.400694 0.0101562 0.0458333
1 0.387109 0.392361 0.0101562 0.0375
1 0.732031 0.489583 0.0109375 0.0486111
1 0.558594 0.315278 0.009375 0.0361111
0 0.353516 0.554167 0.0132813 0.0583333
0 0.190234 0.438889 0.0132813 0.05
1 0.739453 0.370139 0.0101562 0.0486111
4 0.943359 0.308333 0.0835937 0.0972222
