0 0.687891 0.271528 0.00859375 0.0430556
1 0.684766 0.263889 0.0117188 0.05
1 0.682422 0.253472 0.0101562 0.0402778
0 0.717188 0.301389 0.0078125 0.0388889
1 0.719141 0.321528 0.0101562 0.0486111
1 0.547266 0.220139 0.00859375 0.0347222
0 0.567969 0.20625 0.009375 0.0402778
0 0.410156 0.213194 0.009375 0.0319444
1 0.409375 0.241667 0.009375 0.0361111
1 0.491797 0.313194 0.00859375 0.0486111
0 0.432422 0.258333 0.00859375 0.0416667
0 0.576172 0.245833 0.00859375 0.0361111
0 0.326562 0.265278 0.009375 0.0444444
1 0.236719 0.382639 0.0109375 0.0541667
0 0.0457031 0.409722 0.0101562 0.0611111
1 0.466797 0.252778 0.00859375 0.0388889
1 0.519141 0.508333 0.0148437 0.0611111
0 0.4375 0.329167 0.0109375 0.0527778
1 0.727344 0.422917 0.0125 0.0597222
0 0.564062 0.444444 0.0140625 0.0555556
1 0.644531 0.295833 0.009375 0.0444444
0 0.0953125 0.550694 0.0140625 0.0652778
