1 0.814453 0.306944 0.0132813 0.0361111
0 0.394922 0.411806 0.0148437 0.0541667
0 0.217187 0.344444 0.0125 0.0472222
1 0.219922 0.357639 0.0117188 0.0486111
1 0.426953 0.202778 0.00859375 0.0361111
0 0.678125 0.268056 0.009375 0.0361111
0 0.816797 0.310417 0.00859375 0.0347222
1 0.691016 0.248611 0.00703125 0.0361111
0 0.462109 0.291667 0.00859375 0.0361111
1 0.799219 0.295833 0.009375 0.0361111
1 0.411328 0.2625 0.00859375 0.0388889
0 0.49375 0.246528 0.009375 0.0402778
0 0.280469 0.266667 0.0078125 0.0388889
1 0.24375 0.424306 0.0109375 0.0458333
1 0.614453 0.314583 0.0117188 0.0402778
0 0.3875 0.379167 0.0109375 0.0444444
1 0.352734 0.765278 0.0148437 0.0777778
0 0.192969 0.433333 0.0140625 0.0527778
1 0.403906 0.45 0.0109375 0.0527778
1 0.906641 0.508333 0.0148437 0.0611111
0 0.165234 0.539583 0.0132813 0.0597222
0 0.478125 0.509028 0.0140625 0.0486111
