0 0.729297 0.242361 0.0101562 0.0430556
0 0.345313 0.15625 0.009375 0.0402778
0 0.673437 0.198611 0.009375 0.0361111
0 0.345703 0.172917 0.00859375 0.0347222
0 0.535156 0.255556 0.0109375 0.0388889
1 0.541797 0.2375 0.0101562 0.0361111
0 0.730469 0.258333 0.0109375 0.0388889
1 0.729297 0.232639 0.00859375 0.0347222
0 0.667188 0.234028 0.0125 0.0430556
0 0.344531 0.232639 0.009375 0.0486111
1 0.685938 0.252083 0.009375 0.0458333
0 0.706641 0.372222 0.0132813 0.0611111
1 0.645312 0.188194 0.0078125 0.0430556
1 0.596875 0.299306 0.0109375 0.0541667
1 0.414062 0.213194 0.009375 0.0402778
1 0.752344 0.295833 0.0125 0.05
0 0.496875 0.295833 0.0109375 0.05
0 0.248437 0.525 0.015625 0.0666667
1 0.679297 0.49375 0.0148437 0.0625
1 0.778906 0.370139 0.0125 0.0597222
1 0.328906 0.363889 0.0109375 0.0555556
0 0.161719 0.381944 0.0171875 0.0583333
