1 0.422266 0.264583 0.00859375 0.0347222
0 0.270703 0.208333 0.00859375 0.0305556
0 0.545313 0.226389 0.0109375 0.0388889
0 0.423438 0.265278 0.0109375 0.0388889
0 0.555859 0.277083 0.0101562 0.0347222
1 0.43125 0.270833 0.009375 0.0361111
1 0.542188 0.231944 0.0109375 0.0388889
0 0.851562 0.39375 0.0125 0.0402778
0 0.574609 0.306944 0.0132813 0.0388889
0 0.305859 0.240278 0.00859375 0.0361111
0 0.591406 0.208333 0.0078125 0.0305556
1 0.661328 0.257639 0.0132813 0.0375
0 0.216406 0.419444 0.0125 0.05
0 0.446094 0.370833 0.0125 0.0388889
1 0.426953 0.326389 0.00859375 0.0444444
1 0.863672 0.373611 0.0117188 0.0444444
1 0.686328 0.291667 0.0148437 0.0416667
1 0.791797 0.461111 0.0148437 0.0527778
1 0.597266 0.332639 0.0117188 0.0486111
1 0.473437 0.261806 0.009375 0.0375
1 0.610156 0.278472 0.009375 0.0375
0 0.219531 0.3125 0.0109375 0.0472222
0 0.3625 0.56875 0.01875 0.0652778
