1 0.695703 0.303472 0.0117188 0.0291667
0 0.580859 0.2375 0.0101562 0.0333333
0 0.579297 0.251389 0.0132813 0.0472222
1 0.767187 0.450694 0.0109375 0.0569444
0 0.573438 0.2375 0.0078125 0.0305556
1 0.579297 0.259028 0.0117188 0.0402778
1 0.771875 0.451389 0.0109375 0.0666667
1 0.712891 0.288194 0.00859375 0.0402778
0 0.464844 0.248611 0.009375 0.0361111
1 0.757812 0.356944 0.009375 0.0472222
0 0.596484 0.266667 0.00859375 0.0388889
1 0.483984 0.263889 0.00859375 0.0333333
1 0.379297 0.359722 0.00859375 0.0444444
0 0.465625 0.284028 0.009375 0.0402778
1 0.519141 0.272917 0.0101562 0.0375
1 0.545313 0.336806 0.009375 0.0430556
0 0.186328 0.388889 0.00859375 0.0472222
1 0.666016 0.332639 0.0101562 0.0458333
0 0.367578 0.298611 0.00859375 0.0388889
0 0.592969 0.44375 0.0109375 0.0486111
0 0.502734 0.347222 0.0101562 0.0472222
0 0.741016 0.348611 0.0117188 0.05
1 0.533594 0.515972 0.0140625 0.0597222
0 0.206641 0.515278 0.0132813 0.0611111
4 0.0367187 0.321528 0.0734375 0.0875
