1 0.222656 0.394444 0.0109375 0.0388889
0 0.925391 0.378472 0.0117188 0.0513889
1 0.400781 0.211806 0.0078125 0.0319444
1 0.220703 0.380556 0.00859375 0.0555556
1 0.721875 0.308333 0.0078125 0.0388889
1 0.651563 0.217361 0.0078125 0.0319444
0 0.487109 0.236806 0.00859375 0.0347222
1 0.417578 0.421528 0.0117188 0.0541667
1 0.322266 0.725694 0.0148437 0.0680556
0 0.354688 0.421528 0.0125 0.0486111
0 0.195703 0.361806 0.0101562 0.0430556
0 0.499219 0.539583 0.0140625 0.0541667
0 0.263281 0.293056 0.0109375 0.0388889
0 0.704297 0.315972 0.0101562 0.0430556
1 0.583203 0.349306 0.0101562 0.0402778
0 0.408984 0.338889 0.0101562 0.0388889
0 0.152734 0.433333 0.0132813 0.0527778
0 0.708203 0.420833 0.0117188 0.05
1 0.304297 0.315972 0.00859375 0.0458333
0 0.19375 0.552778 0.0140625 0.0611111
1 0.908203 0.535417 0.0164062 0.0597222
