0 0.184766 0.381944 0.0101562 0.0416667
0 0.103516 0.459028 0.0101562 0.0430556
1 0.195312 0.381944 0.009375 0.0416667
1 0.115625 0.470833 0.009375 0.0472222
0 0.351562 0.379167 0.0078125 0.0388889
1 0.2375 0.486111 0.0140625 0.0527778
0 0.346484 0.629861 0.0117188 0.0569444
1 0.367188 0.241667 0.0078125 0.0305556
1 0.282031 0.331944 0.009375 0.0388889
1 0.660547 0.344444 0.00859375 0.0388889
0 0.104687 0.577083 0.0125 0.0597222
0 0.428906 0.284028 0.0078125 0.0347222
0 0.621875 0.347917 0.009375 0.0347222
0 0.249219 0.318056 0.009375 0.0361111
1 0.53125 0.286111 0.0078125 0.0361111
0 0.286719 0.481944 0.0140625 0.0444444
1 0.0980469 0.779167 0.0179687 0.0722222
1 0.472266 0.401389 0.0101562 0.0416667
0 0.783984 0.563194 0.0148437 0.0513889
1 0.889453 0.706944 0.0257812 0.0611111
