0 0.696094 0.284722 0.0078125 0.025
1 0.868359 0.354861 0.0101562 0.0263889
0 0.605078 0.234028 0.00703125 0.0291667
0 0.754687 0.265278 0.0078125 0.0277778
0 0.612109 0.295833 0.00703125 0.0333333
0 0.819141 0.385417 0.0117188 0.0291667
0 0.196875 0.3 0.0078125 0.0333333
1 0.691406 0.329167 0.009375 0.0388889
1 0.628516 0.283333 0.00703125 0.0277778
1 0.540234 0.264583 0.00703125 0.0319444
0 0.161328 0.430556 0.0132813 0.0416667
1 0.548437 0.386806 0.0109375 0.0375
0 0.650391 0.350694 0.00859375 0.0402778
1 0.446094 0.309722 0.0078125 0.0361111
1 0.792969 0.427083 0.0140625 0.0347222
0 0.514453 0.383333 0.0117188 0.0416667
1 0.590625 0.325 0.0078125 0.0333333
0 0.332422 0.320139 0.00859375 0.0319444
1 0.242578 0.405556 0.0117188 0.0388889
0 0.0941406 0.374306 0.0101562 0.0430556
1 0.205078 0.339583 0.00859375 0.0347222
0 0.365625 0.507639 0.015625 0.0458333
4 0.839453 0.320139 0.0742188 0.0875
