4 0.991016 0.30625 0.0179687 0.0680556
0 0.518359 0.320833 0.0101562 0.0333333
0 0.456641 0.438889 0.0117188 0.0388889
1 0.471875 0.4375 0.015625 0.0416667
1 0.632031 0.270833 0.009375 0.0361111
0 0.357422 0.280556 0.00703125 0.0333333
1 0.573047 0.390278 0.00859375 0.0388889
0 0.74375 0.468056 0.0140625 0.0472222
1 0.410156 0.345833 0.0125 0.0361111
0 0.717578 0.322917 0.00859375 0.0402778
0 0.254687 0.451389 0.0109375 0.0472222
1 0.529297 0.359028 0.00859375 0.0402778
1 0.415234 0.393056 0.0101562 0.0361111
0 0.674609 0.261111 0.00859375 0.0305556
0 0.428906 0.499306 0.0125 0.0513889
0 0.292188 0.363889 0.0109375 0.0472222
1 0.633594 0.325 0.009375 0.0361111
1 0.725391 0.422917 0.0117188 0.0430556
0 0.453516 0.386806 0.0101562 0.0402778
1 0.69375 0.384722 0.0109375 0.0444444
0 0.870703 0.684722 0.0148437 0.0583333
1 0.690625 0.531944 0.015625 0.05
