1 0.345313 0.39375 0.0109375 0.0402778
0 0.654688 0.2625 0.0078125 0.0277778
1 0.252734 0.229167 0.00703125 0.025
0 0.344922 0.392361 0.0101562 0.0375
0 0.467578 0.495833 0.0148437 0.0388889
0 0.458203 0.477778 0.0148437 0.0472222
1 0.335156 0.395833 0.009375 0.0388889
0 0.657812 0.261111 0.0078125 0.0277778
0 0.463281 0.4875 0.01875 0.0527778
1 0.619141 0.291667 0.00859375 0.0333333
0 0.305859 0.295139 0.0101562 0.0319444
0 0.198828 0.390972 0.0101562 0.0402778
1 0.672656 0.390278 0.0125 0.0444444
1 0.687891 0.497917 0.0148437 0.0430556
0 0.73125 0.361111 0.009375 0.0388889
1 0.725391 0.402083 0.0132813 0.0402778
1 0.604297 0.401389 0.0148437 0.0416667
0 0.855469 0.641667 0.0140625 0.0555556
0 0.262891 0.5 0.0148437 0.0527778
1 0.520312 0.361111 0.009375 0.0388889
1 0.559766 0.445139 0.0117188 0.0458333
0 0.746094 0.468056 0.0109375 0.0472222
1 0.652344 0.345833 0.0125 0.0361111
1 0.429688 0.404167 0.009375 0.0416667
4 0.913672 0.3125 0.0742188 0.0916667
