1 0.380469 0.460417 0.0125 0.0486111
0 0.708594 0.309722 0.009375 0.0444444
1 0.397266 0.197917 0.00859375 0.0319444
1 0.211719 0.358333 0.009375 0.0444444
1 0.273828 0.670139 0.0164062 0.0736111
0 0.178906 0.346528 0.009375 0.0375
1 0.655469 0.209028 0.0078125 0.0319444
0 0.528125 0.224306 0.0078125 0.0375
1 0.708203 0.310417 0.0101562 0.0430556
1 0.518359 0.335417 0.0132813 0.0458333
1 0.185156 0.383333 0.0125 0.0416667
0 0.260156 0.28125 0.009375 0.0375
0 0.378516 0.310417 0.00859375 0.0458333
1 0.889453 0.552083 0.0164062 0.0625
0 0.442187 0.517361 0.0125 0.0541667
0 0.708203 0.4 0.0117188 0.05
1 0.309375 0.294444 0.009375 0.0416667
0 0.146094 0.405556 0.0125 0.0472222
0 0.164453 0.510417 0.0132813 0.0597222
0 0.326562 0.380556 0.0140625 0.0527778
1 0.367188 0.404167 0.0125 0.0444444
