1 0.811719 0.339583 0.009375 0.0347222
0 0.772266 0.279861 0.00703125 0.0291667
1 0.548047 0.270139 0.00859375 0.0375
0 0.204688 0.301389 0.0078125 0.0333333
1 0.578906 0.316667 0.009375 0.0305556
0 0.735937 0.36875 0.0078125 0.0375
0 0.585938 0.286806 0.0078125 0.0291667
1 0.633984 0.282639 0.00703125 0.0319444
1 0.716016 0.41875 0.0117188 0.0375
0 0.620703 0.338194 0.00859375 0.0347222
0 0.297266 0.499306 0.0117188 0.0486111
1 0.685156 0.327083 0.009375 0.0375
1 0.517969 0.370833 0.0125 0.0416667
0 0.150391 0.425694 0.0101562 0.0458333
0 0.337891 0.318056 0.0101562 0.0361111
0 0.484766 0.363889 0.0101562 0.0361111
1 0.439844 0.30625 0.0078125 0.0319444
0 0.10625 0.370139 0.009375 0.0402778
1 0.233203 0.406944 0.00859375 0.0388889
1 0.209766 0.336806 0.00859375 0.0347222
4 0.860156 0.329167 0.078125 0.0888889
