1 0.758203 0.403472 0.0273438 0.0680556
0 0.200781 0.340972 0.009375 0.0319444
0 0.376953 0.413194 0.0117188 0.0430556
0 0.571875 0.770833 0.0203125 0.0722222
0 0.325 0.434722 0.0171875 0.0527778
0 0.248437 0.349306 0.0109375 0.0430556
0 0.301562 0.3 0.009375 0.0305556
1 0.301953 0.415278 0.0132813 0.0472222
0 0.135547 0.490278 0.0117188 0.0527778
0 0.633984 0.365278 0.0148437 0.0388889
0 0.220703 0.425694 0.0117188 0.0486111
1 0.711328 0.729861 0.0273438 0.0680556
1 0.227344 0.325694 0.009375 0.0458333
0 0.382031 0.353472 0.0109375 0.0430556
1 0.49375 0.3375 0.0125 0.0416667
1 0.474219 0.424306 0.0140625 0.0486111
1 0.472656 0.569444 0.015625 0.0638889
1 0.758203 0.402083 0.0132813 0.0486111
1 0.789062 0.511111 0.0140625 0.0527778
1 0.190234 0.427083 0.0101562 0.0430556
0 0.301953 0.728472 0.0195312 0.0652778
0 0.535156 0.330556 0.015625 0.0444444
1 0.323047 0.546528 0.0195312 0.0541667
4 0.0761719 0.289583 0.0789063 0.0902778
