4 0.986719 0.415972 0.0265625 0.0625
0 0.680469 0.346528 0.009375 0.0375
1 0.495703 0.304167 0.00703125 0.0277778
0 0.992578 0.584028 0.00703125 0.0263889
0 0.68125 0.364583 0.009375 0.0430556
0 0.59375 0.310417 0.0078125 0.0319444
1 0.661719 0.392361 0.0109375 0.0430556
0 0.515625 0.297222 0.0078125 0.0305556
1 0.492188 0.44375 0.0125 0.0430556
0 0.560547 0.397917 0.00859375 0.0458333
0 0.197266 0.340278 0.00859375 0.0361111
1 0.54375 0.345833 0.0078125 0.0361111
0 0.0953125 0.428472 0.0109375 0.0458333
1 0.191406 0.435417 0.0125 0.0430556
1 0.555859 0.304167 0.00703125 0.0305556
0 0.314844 0.363194 0.009375 0.0347222
1 0.602344 0.340278 0.009375 0.0361111
0 0.450391 0.420139 0.0132813 0.0402778
0 0.146875 0.478472 0.0109375 0.0458333
1 0.240625 0.422917 0.009375 0.0430556
1 0.692187 0.475 0.009375 0.0444444
0 0.214453 0.572917 0.0148437 0.0569444
4 0.7875 0.315972 0.071875 0.0791667
