1 0.513672 0.270139 0.0101562 0.0402778
0 0.546875 0.325 0.009375 0.0444444
1 0.510156 0.258333 0.0078125 0.0333333
0 0.515234 0.277778 0.0117188 0.0333333
0 0.480469 0.248611 0.009375 0.0305556
1 0.621875 0.252778 0.0078125 0.0361111
0 0.598047 0.252083 0.00859375 0.0347222
1 0.580078 0.311806 0.00859375 0.0458333
0 0.634766 0.279861 0.00859375 0.0402778
1 0.402734 0.320139 0.00859375 0.0458333
1 0.78125 0.529861 0.0125 0.0625
0 0.309766 0.380556 0.0132813 0.0444444
0 0.483594 0.317361 0.009375 0.0458333
0 0.383594 0.31875 0.0109375 0.0402778
1 0.847656 0.429167 0.0109375 0.0527778
0 0.449219 0.375 0.0109375 0.05
1 0.74375 0.341667 0.0109375 0.0472222
0 0.458984 0.270139 0.0101562 0.0402778
1 0.844141 0.319444 0.0101562 0.0444444
1 0.435547 0.445833 0.0164062 0.0527778
0 0.769922 0.438194 0.0117188 0.0569444
4 0.183984 0.311806 0.0898438 0.0930556
