0 0.655859 0.310417 0.0132813 0.0458333
1 0.146484 0.407639 0.0179687 0.0541667
0 0.384766 0.449306 0.0117188 0.0486111
0 0.152734 0.408333 0.0132813 0.05
1 0.141797 0.405556 0.0101562 0.0444444
0 0.661719 0.302083 0.009375 0.0319444
1 0.650391 0.325 0.0117188 0.0416667
1 0.200781 0.356944 0.009375 0.0444444
0 0.275781 0.385417 0.0109375 0.0486111
0 0.453125 0.246528 0.0078125 0.0375
0 0.890625 0.411806 0.0125 0.0402778
1 0.558203 0.245139 0.00859375 0.0347222
1 0.378125 0.217361 0.0078125 0.0319444
0 0.344922 0.304167 0.0101562 0.0388889
1 0.464844 0.3375 0.0109375 0.0416667
0 0.183594 0.352778 0.009375 0.0444444
0 0.246484 0.289583 0.0101562 0.0402778
0 0.351562 0.513889 0.0125 0.0583333
1 0.294141 0.295833 0.0101562 0.0361111
1 0.244141 0.429167 0.0132813 0.0527778
0 0.141406 0.480556 0.015625 0.0527778
1 0.199219 0.655556 0.01875 0.0694444
1 0.893359 0.627083 0.0132813 0.0652778
