1 0.708984 0.292361 0.0148437 0.0347222
1 0.833594 0.386806 0.0109375 0.0402778
1 0.552734 0.339583 0.0148437 0.0430556
1 0.725 0.263889 0.0078125 0.0305556
0 0.65 0.245833 0.0109375 0.0305556
0 0.624219 0.238889 0.0109375 0.0305556
0 0.810547 0.395833 0.0117188 0.0416667
1 0.135937 0.388194 0.0109375 0.0402778
1 0.809375 0.4625 0.0140625 0.0416667
0 0.326953 0.295139 0.0101562 0.0319444
0 0.84375 0.426389 0.0125 0.0444444
0 0.440625 0.320833 0.009375 0.0361111
1 0.269531 0.485417 0.0109375 0.0486111
1 0.801953 0.520833 0.0148437 0.0555556
1 0.644141 0.480556 0.0132813 0.0527778
0 0.316797 0.556944 0.0148437 0.0527778
0 0.252734 0.376389 0.0101562 0.05
0 0.303906 0.427778 0.0125 0.0444444
0 0.557422 0.441667 0.0164062 0.05
1 0.730078 0.370833 0.0101562 0.0444444
