0 0.939844 0.426389 0.0109375 0.0416667
1 0.396875 0.236111 0.009375 0.0361111
1 0.586719 0.238889 0.0078125 0.0277778
1 0.441797 0.798611 0.0132813 0.0666667
0 0.421875 0.234722 0.0078125 0.0361111
1 0.446484 0.4125 0.00859375 0.0472222
0 0.639453 0.284028 0.00859375 0.0319444
1 0.933203 0.504861 0.0117188 0.0513889
0 0.624219 0.540972 0.0109375 0.0569444
0 0.408594 0.353472 0.0078125 0.0402778
0 0.265625 0.291667 0.0078125 0.0361111
1 0.255859 0.345833 0.0101562 0.0388889
1 0.206641 0.451389 0.0101562 0.05
1 0.700391 0.307639 0.0101562 0.0402778
1 0.639453 0.348611 0.0101562 0.0388889
0 0.387109 0.44375 0.0132813 0.0513889
1 0.309375 0.320139 0.0078125 0.0402778
0 0.716406 0.44375 0.0109375 0.0513889
0 0.170312 0.459722 0.0125 0.05
0 0.246484 0.575694 0.0148437 0.0569444
0 0.179688 0.361111 0.0109375 0.0472222
4 0.962891 0.30625 0.0726563 0.0930556
