0 0.144531 0.416667 0.015625 0.0444444
0 0.390234 0.447222 0.0117188 0.0527778
0 0.188672 0.350694 0.0101562 0.0430556
1 0.202344 0.357639 0.009375 0.0402778
0 0.151562 0.4125 0.0109375 0.05
1 0.138281 0.415278 0.0125 0.0472222
0 0.886328 0.413889 0.00859375 0.0361111
1 0.286328 0.3 0.00859375 0.0388889
1 0.548828 0.253472 0.00859375 0.0347222
0 0.652344 0.30625 0.0078125 0.0347222
1 0.641016 0.324306 0.0101562 0.0402778
1 0.375391 0.220833 0.00859375 0.0333333
0 0.3375 0.517361 0.0140625 0.0513889
1 0.189844 0.659722 0.0140625 0.0666667
1 0.233203 0.436111 0.0101562 0.05
0 0.136719 0.486806 0.0171875 0.0486111
0 0.446875 0.251389 0.009375 0.0305556
0 0.245312 0.291667 0.009375 0.0388889
0 0.341797 0.311111 0.00859375 0.0416667
1 0.903906 0.647917 0.015625 0.0652778
0 0.266406 0.392361 0.0140625 0.0458333
1 0.458203 0.339583 0.0101562 0.0402778
