1 0.376563 0.227778 0.0109375 0.0416667
0 0.374609 0.225694 0.0132813 0.0430556
1 0.700391 0.211111 0.0101562 0.0444444
0 0.674609 0.202083 0.00859375 0.0402778
0 0.539453 0.261806 0.0101562 0.0375
0 0.594531 0.390278 0.0109375 0.0472222
1 0.733594 0.382639 0.0109375 0.0541667
0 0.401563 0.186806 0.0078125 0.0347222
1 0.561328 0.34375 0.0117188 0.0541667
1 0.467187 0.218056 0.0140625 0.0416667
1 0.722656 0.229167 0.0109375 0.0444444
0 0.180859 0.2375 0.0101562 0.0444444
0 0.332812 0.298611 0.009375 0.05
0 0.544141 0.207639 0.00859375 0.0375
0 0.0914062 0.365278 0.0140625 0.0472222
1 0.771875 0.290278 0.009375 0.0472222
0 0.735547 0.302083 0.0101562 0.0486111
1 0.352344 0.286806 0.009375 0.0458333
1 0.589063 0.504861 0.015625 0.0569444
1 0.592578 0.235417 0.00859375 0.0375
0 0.148828 0.539583 0.0148437 0.0680556
