1 0.394141 0.797222 0.0164062 0.075
1 0.583984 0.238194 0.00703125 0.0291667
1 0.440625 0.425 0.009375 0.0472222
1 0.394922 0.232639 0.00859375 0.0347222
1 0.245703 0.357639 0.00859375 0.0402778
0 0.183203 0.365972 0.0101562 0.0458333
0 0.273438 0.3 0.009375 0.0361111
0 0.41875 0.355556 0.0078125 0.0444444
1 0.721094 0.309722 0.009375 0.0388889
0 0.166016 0.457639 0.0132813 0.0513889
0 0.663281 0.313194 0.009375 0.0402778
0 0.416797 0.238889 0.00703125 0.0361111
0 0.719531 0.447222 0.009375 0.0527778
1 0.680859 0.35 0.0101562 0.0388889
1 0.946094 0.523611 0.015625 0.0555556
0 0.591406 0.549306 0.0109375 0.0569444
1 0.303125 0.329167 0.0109375 0.0416667
0 0.38125 0.445833 0.0140625 0.05
1 0.220313 0.427083 0.0109375 0.0430556
0 0.223828 0.58125 0.0164062 0.0569444
4 0.970703 0.306944 0.0585938 0.0916667
