0 0.288672 0.202083 0.00703125 0.0291667
0 0.448828 0.315972 0.0117188 0.0402778
0 0.561328 0.269444 0.00859375 0.0361111
1 0.870313 0.377778 0.0125 0.0527778
0 0.553516 0.218056 0.00859375 0.0305556
0 0.867969 0.386111 0.0171875 0.0472222
0 0.622266 0.202083 0.00859375 0.0347222
1 0.570703 0.227083 0.00859375 0.0375
1 0.611328 0.322917 0.0101562 0.0430556
1 0.630859 0.265972 0.0101562 0.0375
1 0.448047 0.256944 0.0101562 0.0388889
1 0.508594 0.253472 0.0078125 0.0347222
0 0.326953 0.230556 0.00703125 0.0361111
0 0.369141 0.570139 0.0132813 0.0625
0 0.43125 0.360417 0.0140625 0.0430556
1 0.671875 0.250694 0.0140625 0.0375
1 0.45 0.315972 0.0109375 0.0430556
1 0.780469 0.465972 0.0140625 0.0513889
0 0.223047 0.40625 0.0132813 0.0486111
0 0.585547 0.29375 0.0117188 0.0402778
0 0.236719 0.303472 0.0125 0.0430556
1 0.698438 0.28125 0.0140625 0.0402778
