1 0.216406 0.403472 0.009375 0.0486111
0 0.448438 0.358333 0.0125 0.0444444
0 0.731641 0.324306 0.00859375 0.0402778
0 0.476172 0.26875 0.00859375 0.0347222
1 0.492188 0.270139 0.009375 0.0375
0 0.603516 0.293056 0.00859375 0.0388889
1 0.619141 0.320139 0.00859375 0.0347222
1 0.566016 0.266667 0.00859375 0.0361111
0 0.555859 0.379167 0.0101562 0.0444444
1 0.209375 0.429167 0.0140625 0.0583333
1 0.464063 0.430556 0.0125 0.0472222
0 0.696484 0.420139 0.00859375 0.0458333
1 0.546875 0.335417 0.009375 0.0402778
1 0.221094 0.399306 0.0109375 0.0402778
0 0.211719 0.310417 0.0078125 0.0375
0 0.321094 0.334028 0.009375 0.0402778
0 0.182422 0.54375 0.0132813 0.0569444
1 0.482812 0.305556 0.009375 0.0361111
1 0.721484 0.39375 0.0101562 0.0486111
0 0.102734 0.4 0.0101562 0.05
0 0.41875 0.402083 0.015625 0.0458333
0 0.124609 0.468056 0.0132813 0.05
1 0.704297 0.50625 0.0101562 0.0541667
4 0.853125 0.295139 0.0796875 0.0875
