0 0.689062 0.214583 0.0203125 0.0513889
0 0.614453 0.185417 0.0101562 0.0319444
1 0.578516 0.226389 0.0101562 0.0416667
0 0.568359 0.238194 0.0101562 0.0430556
1 0.696484 0.207639 0.0101562 0.0402778
1 0.596094 0.2375 0.009375 0.0388889
0 0.368359 0.191667 0.00703125 0.0361111
1 0.588672 0.307639 0.0132813 0.0513889
1 0.755078 0.29375 0.0117188 0.0458333
0 0.219141 0.25 0.0132813 0.0444444
1 0.498047 0.274306 0.0101562 0.0458333
0 0.684375 0.227083 0.0140625 0.0347222
0 0.718359 0.3125 0.0132813 0.0472222
1 0.411719 0.214583 0.0109375 0.0402778
0 0.616016 0.384028 0.0179687 0.0513889
1 0.726953 0.2375 0.0101562 0.0416667
0 0.371875 0.327778 0.015625 0.0527778
0 0.142969 0.379861 0.0171875 0.0569444
1 0.772266 0.383333 0.0179687 0.0555556
0 0.288672 0.616667 0.0210938 0.0722222
1 0.658984 0.491667 0.0148437 0.0583333
