0 0.217187 0.336111 0.0078125 0.0277778
1 0.296484 0.417361 0.0164062 0.0513889
1 0.237109 0.320139 0.00859375 0.0347222
0 0.299219 0.300694 0.009375 0.0347222
0 0.248828 0.345833 0.0101562 0.0388889
0 0.312891 0.425694 0.0132813 0.0486111
0 0.565234 0.721528 0.0148437 0.0625
0 0.275 0.725694 0.015625 0.0625
0 0.220703 0.420833 0.0132813 0.05
1 0.483594 0.330556 0.0140625 0.0444444
1 0.459766 0.41875 0.0101562 0.0458333
0 0.135156 0.476389 0.0109375 0.0555556
1 0.292969 0.406944 0.0140625 0.0472222
1 0.196875 0.417361 0.009375 0.0430556
0 0.378516 0.352083 0.0101562 0.0375
1 0.705469 0.700694 0.0203125 0.0625
0 0.528125 0.33125 0.0125 0.0402778
1 0.466406 0.536111 0.0140625 0.0555556
0 0.618359 0.3625 0.0148437 0.0388889
1 0.307031 0.531944 0.0109375 0.05
1 0.794141 0.503472 0.0148437 0.0569444
1 0.758203 0.39375 0.0132813 0.0486111
4 0.0914062 0.2875 0.078125 0.0916667
