0 0.158984 0.373611 0.00859375 0.025
0 0.155078 0.379167 0.0101562 0.0388889
1 0.377344 0.45 0.0125 0.05
0 0.685938 0.299306 0.0109375 0.0319444
0 0.683203 0.309722 0.0132813 0.0444444
1 0.155859 0.379861 0.0101562 0.0347222
1 0.286719 0.404167 0.0125 0.0444444
0 0.156641 0.406944 0.0117188 0.0388889
1 0.487109 0.33125 0.0117188 0.0430556
0 0.302344 0.379861 0.0125 0.0430556
1 0.681641 0.318056 0.0132813 0.0444444
1 0.385938 0.204861 0.009375 0.0347222
0 0.251172 0.280556 0.0117188 0.0388889
1 0.204297 0.351389 0.00859375 0.0416667
1 0.855078 0.569444 0.0148437 0.0611111
0 0.147656 0.479167 0.0140625 0.0555556
0 0.494531 0.230556 0.0078125 0.0333333
0 0.174609 0.348611 0.0117188 0.0416667
1 0.30625 0.283333 0.0109375 0.0416667
0 0.763281 0.404861 0.0125 0.0430556
1 0.599609 0.225 0.0101562 0.0361111
0 0.361328 0.29375 0.0117188 0.0375
1 0.233203 0.649306 0.0210938 0.0708333
0 0.390625 0.5125 0.0125 0.0583333
