0 0.768359 0.315972 0.0101562 0.0486111
0 0.502734 0.251389 0.00703125 0.0361111
0 0.571484 0.372222 0.0101562 0.0388889
1 0.4625 0.423611 0.0109375 0.0527778
0 0.620313 0.282639 0.009375 0.0375
1 0.227734 0.414583 0.0101562 0.0513889
0 0.227734 0.291667 0.00859375 0.0388889
0 0.478906 0.253472 0.009375 0.0375
1 0.21875 0.383333 0.009375 0.0416667
1 0.558203 0.327778 0.00859375 0.0388889
1 0.502734 0.247917 0.00703125 0.0375
1 0.488281 0.2875 0.009375 0.0388889
0 0.333203 0.320139 0.00859375 0.0375
1 0.585547 0.247917 0.0101562 0.0375
1 0.716797 0.515972 0.0101562 0.0513889
0 0.704687 0.440278 0.009375 0.0472222
1 0.636328 0.313889 0.0117188 0.0416667
0 0.415234 0.392361 0.0132813 0.0486111
0 0.128906 0.452083 0.0140625 0.0513889
1 0.769922 0.3875 0.0117188 0.0527778
0 0.181641 0.536806 0.0164062 0.0597222
0 0.116406 0.381944 0.0109375 0.0527778
4 0.894922 0.286806 0.0804688 0.0930556
