0 0.335547 0.359028 0.0242187 0.0513889
0 0.426562 0.370139 0.021875 0.0597222
0 0.345703 0.363889 0.0164062 0.0444444
1 0.329688 0.355556 0.021875 0.05
0 0.308984 0.279167 0.0148437 0.0388889
1 0.234375 0.321528 0.0078125 0.0458333
0 0.630469 0.282639 0.0140625 0.0375
0 0.215234 0.322917 0.0101562 0.0430556
1 0.688672 0.340972 0.00859375 0.0513889
0 0.676562 0.276389 0.009375 0.0388889
0 0.651172 0.495139 0.0117188 0.0597222
0 0.166797 0.378472 0.0132813 0.0486111
0 0.638672 0.686806 0.0179687 0.0708333
1 0.598828 0.241667 0.00859375 0.0361111
1 0.461719 0.570139 0.021875 0.0625
1 0.566406 0.426389 0.0109375 0.0527778
1 0.791797 0.420139 0.0164062 0.0513889
1 0.115234 0.472222 0.0148437 0.05
1 0.785156 0.516667 0.0203125 0.0638889
0 0.289453 0.469444 0.0164062 0.0527778
1 0.45625 0.431944 0.021875 0.0305556
