0 0.562109 0.245833 0.00546875 0.0277778
1 0.703516 0.288194 0.0101562 0.0263889
1 0.553516 0.270833 0.00859375 0.0305556
0 0.583203 0.284722 0.00859375 0.025
1 0.800391 0.340972 0.00859375 0.0347222
0 0.208203 0.304167 0.00703125 0.0277778
0 0.776953 0.280556 0.00703125 0.0277778
1 0.579297 0.314583 0.00859375 0.0347222
0 0.61875 0.333333 0.009375 0.0305556
1 0.690234 0.326389 0.00859375 0.0388889
0 0.723437 0.365278 0.0109375 0.0333333
1 0.641406 0.28125 0.0078125 0.0319444
1 0.215234 0.335417 0.00859375 0.0375
1 0.514844 0.365972 0.0109375 0.0430556
1 0.704687 0.41875 0.009375 0.0375
0 0.475781 0.361806 0.0140625 0.0375
1 0.233594 0.40625 0.009375 0.0402778
0 0.149609 0.425 0.0101562 0.0472222
1 0.440234 0.304861 0.00859375 0.0319444
0 0.282813 0.495833 0.0140625 0.0472222
0 0.111328 0.36875 0.0117188 0.0402778
0 0.341016 0.315278 0.00859375 0.0361111
4 0.874219 0.331944 0.0828125 0.0916667
