1 0.313281 0.350694 0.015625 0.0458333
0 0.214844 0.320139 0.0125 0.0430556
0 0.300391 0.280556 0.0132813 0.0361111
0 0.674609 0.278472 0.00859375 0.0375
1 0.245703 0.313194 0.0132813 0.0402778
0 0.333203 0.358333 0.0148437 0.0444444
1 0.7875 0.417361 0.0140625 0.0541667
0 0.271875 0.459028 0.0171875 0.0513889
0 0.620703 0.284028 0.0117188 0.0375
0 0.163672 0.371528 0.0117188 0.0458333
1 0.789062 0.517361 0.0140625 0.0625
0 0.418359 0.36875 0.0164062 0.0569444
0 0.650781 0.495833 0.0171875 0.0611111
1 0.591406 0.236806 0.0140625 0.0375
1 0.692187 0.343056 0.0140625 0.05
0 0.619141 0.678472 0.0148437 0.0652778
1 0.448438 0.5625 0.015625 0.0527778
1 0.566016 0.421528 0.0164062 0.0513889
1 0.466406 0.428472 0.021875 0.0319444
1 0.109375 0.4625 0.01875 0.05
