1 0.739453 0.407639 0.0132813 0.0430556
0 0.737109 0.485417 0.0132813 0.0458333
0 0.741797 0.477778 0.00859375 0.0444444
1 0.732031 0.488194 0.015625 0.0513889
0 0.741016 0.4 0.0101562 0.0388889
1 0.647266 0.305556 0.00859375 0.0305556
1 0.727734 0.422917 0.0101562 0.0430556
0 0.686328 0.282639 0.00703125 0.0291667
0 0.396875 0.432639 0.009375 0.0402778
0 0.337109 0.311111 0.00859375 0.0305556
1 0.357031 0.401389 0.009375 0.0388889
1 0.780078 0.402778 0.0101562 0.0416667
1 0.596484 0.392361 0.0132813 0.0402778
0 0.560938 0.555556 0.015625 0.05
0 0.341406 0.540972 0.0125 0.0513889
0 0.554297 0.494444 0.0132813 0.0472222
1 0.647656 0.48125 0.0125 0.0430556
1 0.677734 0.429167 0.0101562 0.0361111
1 0.494531 0.480556 0.0140625 0.0416667
0 0.220313 0.404861 0.0109375 0.0402778
0 0.872656 0.627778 0.0109375 0.0555556
1 0.707031 0.385417 0.009375 0.0347222
4 0.876953 0.327778 0.0648438 0.0833333
