0 0.342578 0.308333 0.0320312 0.0388889
1 0.459766 0.208333 0.0101562 0.0305556
1 0.339844 0.325 0.0125 0.0388889
1 0.474219 0.409722 0.009375 0.0527778
1 0.652734 0.216667 0.00859375 0.0333333
0 0.234766 0.228472 0.00859375 0.0347222
0 0.570312 0.215972 0.009375 0.0347222
1 0.791016 0.245139 0.00859375 0.0402778
1 0.674219 0.289583 0.0125 0.0402778
0 0.772656 0.281944 0.0109375 0.0388889
0 0.710547 0.234722 0.00859375 0.0361111
0 0.353906 0.304861 0.0140625 0.0430556
1 0.374609 0.227083 0.0101562 0.0375
0 0.191406 0.302778 0.015625 0.0472222
0 0.428516 0.238194 0.0101562 0.0347222
1 0.498437 0.669444 0.015625 0.0722222
0 0.185547 0.484722 0.0164062 0.0583333
0 0.521484 0.44375 0.0101562 0.0597222
1 0.24375 0.296528 0.0109375 0.0402778
1 0.803125 0.450694 0.0140625 0.0597222
0 0.178516 0.368056 0.0179687 0.05
