0 0.569531 0.215278 0.009375 0.0388889
1 0.600781 0.254861 0.0125 0.0430556
0 0.307813 0.223611 0.009375 0.0444444
0 0.676172 0.261111 0.0132813 0.0388889
1 0.760547 0.282639 0.0132813 0.0486111
0 0.692578 0.232639 0.0117188 0.0347222
1 0.332031 0.250694 0.009375 0.0430556
0 0.439063 0.259028 0.0109375 0.0375
0 0.623438 0.225 0.0125 0.0416667
1 0.530469 0.294444 0.0109375 0.0472222
0 0.188281 0.370139 0.0140625 0.0541667
1 0.278516 0.365278 0.0164062 0.0527778
0 0.658984 0.333333 0.0117188 0.0444444
1 0.660156 0.2125 0.0140625 0.0388889
0 0.427344 0.299306 0.015625 0.0458333
1 0.660156 0.463194 0.0140625 0.0569444
1 0.500781 0.245139 0.0140625 0.0430556
0 0.192578 0.456944 0.0101562 0.0583333
1 0.719922 0.2625 0.0164062 0.0444444
0 0.208984 0.284028 0.0148437 0.0486111
1 0.759766 0.352778 0.0164062 0.0527778
