0 0.726562 0.308333 0.0140625 0.0527778
1 0.701953 0.265278 0.0101562 0.0416667
1 0.485938 0.25625 0.009375 0.0458333
1 0.724219 0.316667 0.0125 0.05
0 0.732422 0.2875 0.0117188 0.0444444
1 0.585547 0.207639 0.0117188 0.0375
0 0.6 0.197917 0.0078125 0.0347222
1 0.716797 0.25 0.0101562 0.0416667
0 0.410156 0.205556 0.009375 0.0388889
0 0.472656 0.261111 0.0109375 0.0416667
0 0.343359 0.253472 0.0117188 0.0458333
0 0.0351562 0.431944 0.0140625 0.0472222
0 0.595312 0.244444 0.009375 0.0444444
1 0.498437 0.311806 0.0125 0.0513889
1 0.563281 0.515972 0.0125 0.0680556
1 0.417188 0.236806 0.009375 0.0375
0 0.438672 0.330556 0.0117188 0.0583333
1 0.739453 0.414583 0.0148437 0.0569444
1 0.678125 0.284722 0.009375 0.0444444
1 0.24375 0.384028 0.0125 0.0541667
0 0.601172 0.440972 0.0148437 0.0569444
0 0.108203 0.575694 0.0164062 0.0708333
