0 0.550781 0.297222 0.0078125 0.0305556
0 0.760938 0.339583 0.0125 0.0208333
0 0.757812 0.338889 0.0109375 0.0277778
1 0.649219 0.291667 0.0078125 0.0305556
0 0.125391 0.418056 0.0101562 0.0444444
0 0.664453 0.276389 0.00703125 0.0305556
1 0.635156 0.31875 0.009375 0.0319444
1 0.664062 0.332639 0.0078125 0.0430556
1 0.597656 0.302778 0.009375 0.0333333
1 0.564844 0.31875 0.0078125 0.0347222
0 0.640234 0.3625 0.00859375 0.0416667
0 0.210547 0.466667 0.0101562 0.0527778
1 0.749609 0.4125 0.0117188 0.0416667
1 0.699219 0.357639 0.0078125 0.0430556
0 0.554297 0.401389 0.0101562 0.0472222
0 0.224219 0.329861 0.0078125 0.0347222
1 0.257422 0.458333 0.0117188 0.05
1 0.139453 0.407639 0.0101562 0.0430556
0 0.364844 0.340972 0.0078125 0.0402778
0 0.263281 0.551389 0.0109375 0.0638889
1 0.596484 0.41875 0.0101562 0.0458333
4 0.836328 0.313889 0.0742188 0.0861111
