0 0.453516 0.244444 0.00703125 0.0305556
1 0.568359 0.257639 0.00859375 0.0319444
0 0.482031 0.260417 0.0078125 0.0319444
1 0.523828 0.342361 0.0101562 0.0402778
0 0.517969 0.254167 0.009375 0.0388889
1 0.339063 0.330556 0.0078125 0.0388889
0 0.319141 0.333333 0.00703125 0.0416667
0 0.365234 0.293056 0.0101562 0.0361111
1 0.601562 0.299306 0.009375 0.0347222
0 0.671484 0.279861 0.0117188 0.0319444
0 0.292969 0.365972 0.009375 0.0402778
0 0.397656 0.330556 0.009375 0.0388889
0 0.800781 0.430556 0.0125 0.0444444
1 0.858984 0.422917 0.0117188 0.0486111
1 0.830469 0.322917 0.0109375 0.0430556
0 0.450391 0.375 0.0101562 0.0416667
1 0.705859 0.338889 0.00859375 0.0388889
1 0.848047 0.509722 0.0132813 0.0472222
1 0.395703 0.436806 0.0148437 0.0458333
4 0.169531 0.333333 0.0828125 0.0916667
