1 0.654297 0.744444 0.0148437 0.0555556
0 0.487891 0.439583 0.0132813 0.0486111
0 0.646094 0.719444 0.0078125 0.0388889
1 0.653516 0.769444 0.0179687 0.075
0 0.767969 0.794444 0.025 0.0833333
1 0.614453 0.796528 0.0164062 0.0736111
0 0.54375 0.290972 0.0140625 0.0402778
1 0.382812 0.410417 0.015625 0.0486111
0 0.376953 0.364583 0.0132813 0.0402778
0 0.271484 0.2875 0.0132813 0.0416667
1 0.104687 0.347222 0.0109375 0.0416667
1 0.767969 0.379861 0.0125 0.0513889
0 0.714844 0.297917 0.009375 0.0402778
0 0.391016 0.496528 0.0179687 0.0569444
0 0.163281 0.598611 0.0140625 0.0638889
0 0.236328 0.357639 0.0148437 0.0513889
0 0.201172 0.44375 0.0148437 0.0541667
1 0.119922 0.520139 0.0117188 0.0541667
0 0.619141 0.617361 0.0164062 0.0541667
1 0.584766 0.477778 0.0179687 0.05
1 0.790625 0.605556 0.021875 0.0666667
1 0.584375 0.325 0.015625 0.0416667
1 0.539453 0.673611 0.0210938 0.0666667
