0 0.538281 0.245139 0.0140625 0.0402778
1 0.544531 0.202778 0.009375 0.0388889
1 0.537109 0.247222 0.0117188 0.0444444
0 0.575781 0.1875 0.009375 0.0333333
0 0.569141 0.386111 0.0132813 0.0444444
0 0.610547 0.207639 0.0117188 0.0375
0 0.383594 0.18125 0.0078125 0.0375
1 0.414453 0.198611 0.00859375 0.0388889
1 0.572266 0.298611 0.0132813 0.0472222
0 0.2 0.238194 0.0125 0.0458333
1 0.468359 0.269444 0.0101562 0.0472222
1 0.719141 0.229861 0.0148437 0.0458333
1 0.74375 0.290278 0.015625 0.05
0 0.364453 0.314583 0.0132813 0.0513889
1 0.655469 0.202778 0.0140625 0.0361111
0 0.696875 0.309722 0.015625 0.05
1 0.748828 0.385417 0.0179687 0.0569444
0 0.139453 0.372222 0.0195312 0.0583333
0 0.240234 0.595139 0.0179687 0.0708333
1 0.609375 0.504861 0.015625 0.0652778
