1 0.550391 0.371528 0.00859375 0.0347222
0 0.442969 0.330556 0.0078125 0.0416667
0 0.610156 0.245833 0.009375 0.0333333
1 0.792969 0.5375 0.0125 0.0472222
0 0.658984 0.240278 0.0117188 0.0305556
1 0.741797 0.28125 0.0101562 0.0375
1 0.236719 0.501389 0.0171875 0.0527778
1 0.7375 0.413889 0.0109375 0.0444444
1 0.772656 0.569444 0.015625 0.05
0 0.325 0.290278 0.0125 0.0361111
1 0.844531 0.435417 0.0125 0.0486111
1 0.694141 0.304167 0.0132813 0.0361111
1 0.522266 0.358333 0.0101562 0.0416667
0 0.303516 0.427083 0.0148437 0.0458333
0 0.863281 0.470139 0.0125 0.0513889
0 0.808203 0.469444 0.0148437 0.0472222
1 0.648047 0.531944 0.0148437 0.0611111
0 0.535156 0.465972 0.0140625 0.0513889
0 0.271875 0.368056 0.0140625 0.0472222
1 0.123438 0.372917 0.0140625 0.0430556
0 0.308203 0.574306 0.0164062 0.0597222
