1 0.726562 0.248611 0.0078125 0.0527778
0 0.352344 0.154861 0.0109375 0.0375
0 0.675 0.206944 0.009375 0.05
1 0.530078 0.247917 0.0117188 0.0541667
1 0.725 0.233333 0.0078125 0.0361111
0 0.726953 0.260417 0.00859375 0.0430556
1 0.632031 0.188194 0.0109375 0.0375
1 0.680469 0.256944 0.0109375 0.0444444
0 0.337891 0.177083 0.00859375 0.0402778
1 0.586328 0.301389 0.0132813 0.05
1 0.409375 0.213889 0.0078125 0.0388889
0 0.651172 0.234722 0.0101562 0.05
0 0.336328 0.232639 0.0132813 0.0486111
1 0.748047 0.29375 0.00859375 0.0513889
1 0.769922 0.372222 0.0148437 0.0555556
1 0.320703 0.370139 0.0132813 0.0569444
0 0.491797 0.3 0.0117188 0.0527778
0 0.695703 0.370833 0.0117188 0.0527778
0 0.262109 0.536111 0.0164062 0.0722222
0 0.155078 0.384028 0.0164062 0.0597222
1 0.663281 0.497917 0.021875 0.0680556
