0 0.545703 0.327778 0.00859375 0.0444444
0 0.602734 0.216667 0.00859375 0.0333333
1 0.525391 0.266667 0.0101562 0.0361111
0 0.514063 0.270833 0.0078125 0.0361111
1 0.621875 0.254167 0.009375 0.0416667
0 0.516406 0.277083 0.0109375 0.0347222
0 0.598828 0.254167 0.0101562 0.0388889
1 0.580078 0.311111 0.00859375 0.0444444
0 0.631641 0.282639 0.0101562 0.0375
0 0.386719 0.315972 0.009375 0.0430556
0 0.483984 0.25 0.0117188 0.0333333
0 0.482812 0.315972 0.0109375 0.0402778
1 0.844531 0.322917 0.009375 0.0430556
1 0.402734 0.320833 0.00859375 0.0416667
0 0.447656 0.375694 0.0109375 0.0458333
1 0.428516 0.445833 0.0117188 0.0555556
1 0.847266 0.425694 0.00859375 0.0513889
0 0.460156 0.270139 0.009375 0.0402778
0 0.308594 0.381944 0.0140625 0.0444444
1 0.739844 0.342361 0.009375 0.0458333
1 0.778906 0.527778 0.0125 0.0611111
0 0.767578 0.4375 0.0117188 0.0583333
4 0.182422 0.313889 0.0898438 0.0916667
