0 0.558594 0.307639 0.0109375 0.0347222
0 0.275781 0.458333 0.015625 0.0444444
0 0.658203 0.279167 0.00859375 0.0361111
0 0.648047 0.286111 0.00859375 0.0361111
0 0.672656 0.254861 0.0078125 0.0291667
0 0.702734 0.348611 0.00859375 0.0416667
1 0.659375 0.294444 0.009375 0.0361111
1 0.692578 0.275694 0.00703125 0.0291667
1 0.769141 0.367361 0.0117188 0.0430556
1 0.690234 0.314583 0.00859375 0.0319444
1 0.581641 0.320139 0.0117188 0.0347222
1 0.741797 0.335417 0.00859375 0.0375
0 0.806641 0.353472 0.00859375 0.0402778
0 0.188672 0.400694 0.0117188 0.0486111
1 0.625 0.422917 0.0109375 0.0458333
0 0.273047 0.316667 0.00859375 0.0388889
1 0.136328 0.406944 0.0101562 0.0388889
0 0.580859 0.409722 0.0148437 0.0444444
0 0.291797 0.551389 0.0132813 0.0555556
1 0.278906 0.4625 0.0125 0.0472222
0 0.408984 0.328472 0.0101562 0.0347222
1 0.781641 0.440972 0.0101562 0.0430556
0 0.251953 0.451389 0.0132813 0.0472222
4 0.927734 0.324306 0.0773437 0.0902778
