0 0.607813 0.372222 0.0109375 0.0333333
1 0.814844 0.332639 0.009375 0.0319444
0 0.628125 0.302778 0.0078125 0.0305556
1 0.228516 0.25 0.00703125 0.025
1 0.628516 0.305556 0.00859375 0.0305556
0 0.716797 0.2625 0.00703125 0.0305556
1 0.805859 0.361806 0.0117188 0.0375
1 0.594141 0.285417 0.00859375 0.0319444
0 0.603906 0.377778 0.0125 0.0361111
0 0.577344 0.513889 0.0125 0.0444444
0 0.293359 0.308333 0.00859375 0.0333333
0 0.638672 0.629861 0.0117188 0.0625
1 0.658203 0.544444 0.0117188 0.0527778
1 0.633594 0.3625 0.0125 0.0388889
0 0.718359 0.479861 0.0117188 0.0486111
1 0.540234 0.399306 0.0148437 0.0375
0 0.862109 0.622222 0.0132813 0.0583333
0 0.334375 0.569444 0.0140625 0.0555556
0 0.385156 0.434028 0.009375 0.0430556
1 0.296875 0.39375 0.0078125 0.0375
1 0.734375 0.402778 0.0109375 0.0388889
1 0.496875 0.549306 0.0125 0.0541667
1 0.647656 0.447917 0.0109375 0.0430556
0 0.184766 0.405556 0.0117188 0.0444444
4 0.854297 0.318056 0.0773437 0.0833333
1 0.811719 0.530556 0.0203125 0.05
