1 0.492188 0.235417 0.0078125 0.0291667
0 0.485938 0.254167 0.009375 0.0305556
0 0.588281 0.245139 0.0078125 0.0375
1 0.45625 0.240972 0.0078125 0.0319444
0 0.441016 0.266667 0.00703125 0.0333333
1 0.61875 0.250694 0.0078125 0.0347222
1 0.578125 0.310417 0.0078125 0.0458333
0 0.497266 0.325 0.0101562 0.0444444
1 0.749609 0.340278 0.00859375 0.0472222
1 0.850391 0.429861 0.00859375 0.0541667
0 0.638672 0.275 0.00859375 0.0416667
0 0.5125 0.268056 0.009375 0.0388889
0 0.466797 0.378472 0.0101562 0.0458333
1 0.832031 0.308333 0.009375 0.0416667
1 0.411328 0.328472 0.0101562 0.0430556
0 0.366406 0.320139 0.0078125 0.0430556
0 0.319531 0.383333 0.0109375 0.0444444
1 0.798437 0.525694 0.0140625 0.0625
1 0.486719 0.448611 0.0171875 0.0527778
0 0.779297 0.431944 0.0117188 0.0555556
4 0.185937 0.311806 0.090625 0.0930556
