0 0.615234 0.184722 0.0101562 0.0388889
1 0.514844 0.254167 0.015625 0.05
0 0.367969 0.154167 0.009375 0.0361111
0 0.742188 0.302778 0.0109375 0.05
1 0.519922 0.247917 0.0101562 0.0486111
0 0.510938 0.259028 0.0109375 0.0458333
1 0.626953 0.193056 0.0101562 0.0416667
1 0.675391 0.268056 0.0117188 0.05
1 0.716797 0.240278 0.0117188 0.0444444
0 0.732031 0.271528 0.0109375 0.0486111
1 0.742969 0.307639 0.009375 0.0458333
0 0.395312 0.188889 0.009375 0.0388889
0 0.473047 0.317361 0.0148437 0.0569444
0 0.605469 0.236111 0.0125 0.0444444
1 0.620313 0.5125 0.0140625 0.0694444
1 0.757812 0.386111 0.0140625 0.0583333
0 0.664062 0.384722 0.0125 0.0555556
1 0.282813 0.379167 0.0140625 0.0555556
1 0.446875 0.230556 0.009375 0.0416667
1 0.554688 0.3125 0.0140625 0.0555556
0 0.350781 0.240972 0.0125 0.0486111
0 0.189844 0.389583 0.0125 0.0597222
0 0.21875 0.568056 0.015625 0.0666667
