1 0.597266 0.35 0.0148437 0.05
0 0.235547 0.221528 0.00703125 0.0291667
1 0.397656 0.275694 0.009375 0.0319444
0 0.595312 0.3375 0.0109375 0.0388889
1 0.600391 0.359722 0.0132813 0.0361111
1 0.413281 0.271528 0.0078125 0.0347222
0 0.376172 0.286111 0.00859375 0.0388889
0 0.539844 0.227778 0.0078125 0.0388889
1 0.394922 0.281944 0.00859375 0.0416667
0 0.270703 0.252083 0.00859375 0.0347222
1 0.787891 0.453472 0.0132813 0.0513889
1 0.641016 0.264583 0.00859375 0.0347222
0 0.19375 0.431944 0.0109375 0.05
1 0.582812 0.29375 0.0109375 0.0375
1 0.502734 0.239583 0.0101562 0.0375
1 0.66875 0.305556 0.009375 0.0388889
0 0.360547 0.563889 0.0148437 0.0611111
0 0.189063 0.326389 0.0109375 0.0472222
1 0.39375 0.349306 0.009375 0.0430556
1 0.796875 0.359028 0.009375 0.0430556
0 0.501953 0.377083 0.0148437 0.0430556
0 0.758594 0.394444 0.0125 0.05
