1 0.817578 0.359028 0.00859375 0.0347222
0 0.722266 0.263889 0.00703125 0.0305556
1 0.588281 0.284722 0.0078125 0.0305556
1 0.729297 0.401389 0.00859375 0.0444444
1 0.639453 0.352083 0.0101562 0.0375
0 0.284766 0.311111 0.00703125 0.0333333
0 0.592578 0.370833 0.0117188 0.0333333
0 0.320312 0.575694 0.01875 0.0569444
0 0.711719 0.486806 0.0109375 0.0486111
1 0.480859 0.564583 0.0117188 0.0541667
0 0.858594 0.621528 0.0140625 0.0569444
1 0.280859 0.39375 0.00859375 0.0375
1 0.653906 0.568056 0.0109375 0.0555556
0 0.644922 0.630556 0.0164062 0.0611111
1 0.524219 0.4 0.0109375 0.0388889
0 0.378906 0.429167 0.009375 0.0416667
0 0.571094 0.53125 0.0125 0.0513889
1 0.64375 0.448611 0.0125 0.0388889
0 0.177344 0.404861 0.009375 0.0486111
4 0.850781 0.320833 0.075 0.0833333
1 0.832812 0.540278 0.021875 0.05
