0 0.406641 0.236806 0.0132813 0.0319444
0 0.926953 0.422917 0.0164062 0.0486111
1 0.442578 0.41875 0.0101562 0.0458333
1 0.394922 0.238194 0.00859375 0.0319444
1 0.251563 0.351389 0.009375 0.0361111
0 0.649219 0.299306 0.0078125 0.0347222
1 0.211719 0.441667 0.0109375 0.0472222
1 0.710938 0.309028 0.009375 0.0375
1 0.583594 0.239583 0.00625 0.0319444
0 0.417969 0.236806 0.0078125 0.0347222
1 0.418359 0.797222 0.0210938 0.0694444
0 0.613281 0.547222 0.015625 0.05
0 0.410547 0.354861 0.00859375 0.0402778
0 0.382812 0.445139 0.0125 0.0513889
0 0.180469 0.363889 0.0109375 0.0444444
1 0.94375 0.516667 0.0125 0.0527778
0 0.270312 0.295833 0.0078125 0.0361111
1 0.658594 0.348611 0.009375 0.0388889
1 0.30625 0.325694 0.009375 0.0402778
0 0.233984 0.580556 0.0117188 0.0611111
0 0.166797 0.460417 0.0117188 0.0513889
0 0.721094 0.449306 0.0109375 0.0458333
4 0.965625 0.308333 0.06875 0.0916667
