0 0.463672 0.430556 0.0101562 0.0555556
0 0.380859 0.421528 0.0210938 0.0625
1 0.382031 0.420139 0.0203125 0.0597222
1 0.509375 0.209028 0.009375 0.0347222
1 0.382422 0.432639 0.0148437 0.0458333
0 0.378906 0.4 0.015625 0.0555556
1 0.605859 0.354861 0.0101562 0.0458333
1 0.216797 0.398611 0.0117188 0.0472222
1 0.751953 0.317361 0.00859375 0.0430556
0 0.516406 0.246528 0.0078125 0.0402778
1 0.730078 0.226389 0.00703125 0.0333333
1 0.235156 0.483333 0.0140625 0.0555556
0 0.334766 0.254167 0.00859375 0.0388889
1 0.477734 0.274306 0.00703125 0.0402778
0 0.183594 0.369444 0.009375 0.0555556
0 0.401172 0.295139 0.00859375 0.0402778
1 0.907812 0.470139 0.0109375 0.0541667
0 0.580078 0.510417 0.0132813 0.0569444
0 0.683594 0.293056 0.009375 0.0388889
1 0.632031 0.679861 0.0140625 0.0652778
0 0.203906 0.5125 0.0140625 0.0583333
0 0.720312 0.370833 0.0109375 0.05
0 0.160938 0.442361 0.0125 0.0541667
