0 0.153516 0.373611 0.0101562 0.025
1 0.378125 0.444444 0.009375 0.05
0 0.378906 0.450694 0.009375 0.0486111
1 0.153516 0.384028 0.0101562 0.0430556
0 0.675781 0.30625 0.01875 0.0458333
0 0.680469 0.302083 0.0125 0.0375
1 0.273438 0.409028 0.015625 0.0458333
0 0.154297 0.396528 0.0117188 0.0569444
0 0.296484 0.383333 0.0117188 0.0388889
1 0.203516 0.355556 0.0101562 0.0444444
1 0.671094 0.320139 0.0140625 0.0430556
0 0.482812 0.232639 0.009375 0.0347222
1 0.384766 0.20625 0.00859375 0.0347222
0 0.25 0.280556 0.009375 0.0388889
1 0.587891 0.227778 0.00859375 0.0333333
0 0.146484 0.476389 0.0117188 0.0527778
1 0.480859 0.332639 0.0101562 0.0458333
0 0.379687 0.5125 0.0109375 0.0527778
1 0.221094 0.648611 0.015625 0.0694444
0 0.356641 0.295139 0.0101562 0.0375
0 0.175781 0.347917 0.0109375 0.0486111
1 0.858984 0.577083 0.0148437 0.0652778
1 0.303516 0.284028 0.00859375 0.0402778
0 0.794531 0.404167 0.015625 0.05
