0 0.1375 0.432639 0.0140625 0.0513889
0 0.395703 0.453472 0.0117188 0.0430556
1 0.197266 0.366667 0.0132813 0.0416667
1 0.640625 0.329167 0.0109375 0.0416667
1 0.137109 0.436111 0.0132813 0.05
0 0.640234 0.324306 0.0117188 0.0513889
1 0.276563 0.310417 0.009375 0.0402778
1 0.233594 0.454861 0.009375 0.0513889
0 0.338672 0.33125 0.00859375 0.0347222
1 0.369922 0.229167 0.00859375 0.0333333
0 0.325781 0.547917 0.0125 0.0402778
0 0.247656 0.300694 0.009375 0.0375
1 0.537891 0.267361 0.00859375 0.0375
0 0.254297 0.415972 0.0101562 0.0430556
0 0.434766 0.265278 0.00859375 0.0333333
0 0.846484 0.456944 0.00859375 0.0416667
1 0.161719 0.702083 0.01875 0.0708333
0 0.124219 0.511111 0.0140625 0.0472222
1 0.454688 0.352083 0.009375 0.0375
1 0.904688 0.692361 0.021875 0.0652778
