1 0.764063 0.230556 0.009375 0.0333333
1 0.666797 0.215278 0.00703125 0.0333333
1 0.428125 0.214583 0.00625 0.0291667
1 0.233203 0.347917 0.0101562 0.0430556
0 0.7875 0.274306 0.009375 0.0402778
0 0.217187 0.336806 0.009375 0.0486111
1 0.390234 0.248611 0.00859375 0.0333333
1 0.657812 0.301389 0.009375 0.0416667
1 0.2875 0.390278 0.0140625 0.0472222
0 0.298828 0.252778 0.00859375 0.0361111
0 0.506641 0.225694 0.00703125 0.0347222
1 0.437891 0.439583 0.0117188 0.0597222
0 0.411328 0.335417 0.0101562 0.0486111
0 0.479688 0.263194 0.0078125 0.0375
0 0.708203 0.238194 0.00859375 0.0347222
0 0.188672 0.525694 0.0148437 0.0652778
0 0.529297 0.472222 0.0132813 0.0555556
0 0.196094 0.402083 0.0109375 0.0513889
1 0.892969 0.490278 0.0140625 0.0611111
1 0.391016 0.766667 0.0148437 0.0805556
