0 0.628125 0.196528 0.009375 0.0375
1 0.666406 0.190278 0.0109375 0.0388889
0 0.716797 0.240972 0.00859375 0.0375
0 0.00390625 0.218056 0.0078125 0.0444444
0 0.356641 0.1625 0.0101562 0.0333333
0 0.719531 0.265278 0.009375 0.0416667
1 0.717578 0.234722 0.00859375 0.0333333
0 0.682422 0.225 0.0101562 0.0444444
1 0.682422 0.481944 0.0132813 0.0638889
1 0.748047 0.300694 0.0117188 0.0513889
0 0.380469 0.196528 0.009375 0.0430556
1 0.666797 0.253472 0.00859375 0.0430556
0 0.687891 0.340972 0.0132813 0.0541667
1 0.41875 0.223611 0.009375 0.0416667
1 0.591797 0.290972 0.0101562 0.0513889
0 0.476953 0.288889 0.0101562 0.0555556
1 0.772656 0.366667 0.0109375 0.0555556
1 0.330859 0.35625 0.0148437 0.0541667
1 0.566797 0.232639 0.0101562 0.0486111
0 0.515234 0.244444 0.0101562 0.0472222
0 0.322266 0.260417 0.0132813 0.0486111
0 0.244531 0.361111 0.0171875 0.0583333
0 0.234766 0.472222 0.0164062 0.0666667
