1 0.958984 0.370139 0.0132813 0.0513889
0 0.382031 0.451389 0.0125 0.0527778
1 0.150781 0.403472 0.015625 0.0486111
0 0.153125 0.40625 0.0171875 0.0486111
1 0.201172 0.354861 0.0101562 0.0430556
0 0.669141 0.303472 0.0101562 0.0347222
0 0.180859 0.348611 0.00859375 0.0472222
0 0.460938 0.243056 0.009375 0.0361111
1 0.252344 0.423611 0.0125 0.0555556
0 0.282813 0.381944 0.0109375 0.0472222
0 0.143359 0.478472 0.0132813 0.0541667
0 0.347266 0.302778 0.00859375 0.0388889
1 0.299219 0.294444 0.0125 0.0416667
1 0.566016 0.240972 0.00703125 0.0319444
1 0.469922 0.336111 0.0101562 0.0444444
0 0.866406 0.410417 0.0109375 0.0513889
0 0.359766 0.513889 0.0117188 0.0555556
1 0.379687 0.215278 0.0078125 0.0333333
1 0.876562 0.611111 0.015625 0.0638889
0 0.247266 0.286111 0.00859375 0.0416667
1 0.657031 0.325694 0.0109375 0.0402778
1 0.20625 0.650694 0.015625 0.0680556
