0 0.329688 0.353472 0.0203125 0.0458333
0 0.419531 0.372222 0.0140625 0.0583333
0 0.302344 0.280556 0.009375 0.0333333
0 0.214062 0.320833 0.0125 0.0444444
0 0.338672 0.361111 0.0148437 0.0472222
1 0.460938 0.429167 0.0203125 0.0305556
1 0.451562 0.565972 0.015625 0.0541667
1 0.243359 0.315972 0.0132813 0.0375
0 0.623047 0.284028 0.0101562 0.0402778
1 0.319531 0.352778 0.0109375 0.0472222
0 0.676172 0.275 0.0117188 0.0416667
0 0.651953 0.495833 0.0117188 0.0611111
1 0.787891 0.41875 0.0117188 0.0569444
0 0.626562 0.678472 0.0140625 0.0625
0 0.162891 0.375694 0.0117188 0.0486111
1 0.594141 0.238194 0.0148437 0.0375
1 0.690625 0.340972 0.015625 0.0486111
1 0.108984 0.46875 0.0164062 0.0486111
1 0.789453 0.518056 0.0179687 0.0611111
1 0.566016 0.425 0.0164062 0.0527778
0 0.280078 0.461806 0.0195312 0.0513889
