0 0.694922 0.219444 0.00546875 0.0194444
1 0.784375 0.572222 0.0125 0.0555556
0 0.68125 0.245139 0.0078125 0.0347222
0 0.607813 0.254861 0.0109375 0.0347222
0 0.276953 0.363889 0.0132813 0.0472222
1 0.755859 0.292361 0.0101562 0.0375
1 0.505078 0.366667 0.0148437 0.0444444
0 0.440625 0.336806 0.009375 0.0458333
1 0.846484 0.461111 0.0132813 0.0527778
0 0.296875 0.427083 0.0125 0.0541667
0 0.320312 0.286111 0.0109375 0.0388889
0 0.294922 0.5875 0.0195312 0.0583333
1 0.735547 0.435417 0.0132813 0.0513889
0 0.880859 0.505556 0.0148437 0.0555556
1 0.754297 0.583333 0.0132813 0.0555556
0 0.782812 0.486111 0.0171875 0.0527778
0 0.522656 0.477778 0.015625 0.0527778
1 0.117969 0.366667 0.0109375 0.0416667
1 0.220703 0.508333 0.0148437 0.0527778
1 0.648438 0.557639 0.0171875 0.0597222
1 0.683984 0.30625 0.0179687 0.0402778
