0 0.183203 0.379167 0.0117188 0.0444444
1 0.194922 0.382639 0.0101562 0.0402778
0 0.103125 0.459722 0.009375 0.0416667
1 0.115625 0.472222 0.009375 0.0472222
0 0.353125 0.38125 0.009375 0.0347222
1 0.888281 0.708333 0.0203125 0.0555556
1 0.2375 0.486111 0.0140625 0.0527778
0 0.348047 0.629167 0.0117188 0.0611111
0 0.289062 0.482639 0.0140625 0.0402778
1 0.367188 0.241667 0.0078125 0.0305556
0 0.248828 0.317361 0.00859375 0.0375
1 0.282422 0.331944 0.00859375 0.0388889
1 0.660547 0.345139 0.00859375 0.0375
1 0.53125 0.286806 0.0078125 0.0347222
0 0.428906 0.284028 0.0078125 0.0347222
0 0.104297 0.577083 0.0132813 0.0569444
1 0.0960938 0.78125 0.015625 0.0736111
1 0.473828 0.402083 0.0101562 0.0430556
0 0.782812 0.569444 0.0140625 0.0555556
0 0.620703 0.349306 0.0101562 0.0402778
