1 0.929688 0.375694 0.0125 0.0541667
1 0.717969 0.305556 0.0078125 0.0388889
0 0.704297 0.3125 0.00859375 0.0361111
1 0.216406 0.380556 0.0109375 0.0583333
0 0.500781 0.233333 0.009375 0.0333333
1 0.665234 0.215278 0.00859375 0.0333333
0 0.405078 0.336111 0.0101562 0.0416667
1 0.403125 0.206944 0.00625 0.0305556
1 0.308594 0.311806 0.009375 0.0402778
0 0.190234 0.543056 0.0132813 0.0611111
1 0.311328 0.716667 0.0164062 0.0722222
0 0.351172 0.41875 0.0132813 0.0513889
0 0.19375 0.359722 0.0109375 0.0444444
1 0.416797 0.417361 0.0132813 0.0513889
0 0.150781 0.428472 0.0140625 0.0513889
0 0.487109 0.534722 0.0132813 0.0555556
0 0.2625 0.290278 0.009375 0.0388889
1 0.566016 0.347917 0.0117188 0.0430556
1 0.901953 0.535417 0.0179687 0.0597222
0 0.708203 0.415278 0.0101562 0.0472222
