1 0.177734 0.198611 0.0101562 0.0388889
1 0.410937 0.21875 0.009375 0.0513889
0 0.726953 0.304167 0.0101562 0.0472222
1 0.723437 0.319444 0.0078125 0.0388889
1 0.713281 0.250694 0.0078125 0.0430556
0 0.594922 0.197222 0.00859375 0.0388889
1 0.577344 0.206944 0.0125 0.0388889
0 0.410156 0.203472 0.0078125 0.0347222
0 0.728125 0.289583 0.0109375 0.0458333
1 0.673828 0.286806 0.0101562 0.0486111
1 0.237109 0.385417 0.00859375 0.0513889
0 0.0304688 0.426389 0.0109375 0.05
1 0.412891 0.236806 0.00859375 0.0375
0 0.4375 0.329167 0.0109375 0.0583333
0 0.341016 0.252778 0.0101562 0.0472222
0 0.4625 0.261111 0.0125 0.0416667
0 0.589844 0.244444 0.0109375 0.0416667
1 0.478125 0.252083 0.009375 0.0430556
1 0.739062 0.417361 0.0125 0.0597222
1 0.494141 0.311806 0.0132813 0.0486111
0 0.0980469 0.573611 0.0148437 0.0666667
1 0.553906 0.514583 0.0140625 0.0597222
0 0.595312 0.445139 0.0171875 0.0513889
