0 0.696094 0.300694 0.0109375 0.0375
1 0.696484 0.299306 0.0101562 0.0347222
0 0.746875 0.350694 0.0109375 0.0513889
0 0.571875 0.249306 0.009375 0.0402778
0 0.453516 0.28125 0.00859375 0.0347222
1 0.571875 0.250694 0.009375 0.0375
0 0.452734 0.241667 0.00703125 0.0361111
1 0.465625 0.259722 0.0078125 0.0333333
1 0.350781 0.366667 0.009375 0.0388889
1 0.746875 0.351389 0.0109375 0.05
1 0.702344 0.279167 0.009375 0.0361111
0 0.592578 0.265972 0.00859375 0.0375
1 0.53125 0.333333 0.009375 0.0472222
1 0.509375 0.271528 0.0078125 0.0402778
1 0.758984 0.444444 0.0101562 0.0611111
0 0.586328 0.444444 0.0132813 0.0527778
0 0.489453 0.344444 0.0101562 0.0472222
0 0.357812 0.292361 0.009375 0.0402778
0 0.155469 0.391667 0.009375 0.0527778
0 0.733594 0.340972 0.009375 0.0430556
1 0.528906 0.513194 0.0125 0.0569444
1 0.657422 0.327083 0.0101562 0.0430556
0 0.184375 0.525 0.0140625 0.0611111
4 0.0230469 0.31875 0.0445312 0.0930556
