1 0.241406 0.315972 0.0125 0.0402778
0 0.419922 0.371528 0.0148437 0.0625
0 0.623438 0.281944 0.0109375 0.0388889
0 0.214844 0.321528 0.0125 0.0430556
0 0.675781 0.275 0.0109375 0.0416667
0 0.304297 0.280556 0.0101562 0.0361111
1 0.321484 0.352778 0.0117188 0.0444444
0 0.651563 0.496528 0.0109375 0.0597222
1 0.689453 0.340278 0.0148437 0.0472222
1 0.788281 0.419444 0.0125 0.0555556
0 0.164453 0.375694 0.0117188 0.0458333
1 0.595312 0.238889 0.0125 0.0388889
1 0.110937 0.46875 0.0140625 0.0486111
0 0.340234 0.3625 0.0148437 0.0444444
1 0.787891 0.520833 0.0210938 0.0666667
1 0.459766 0.43125 0.0195312 0.0319444
1 0.455859 0.564583 0.0210938 0.0541667
0 0.283203 0.464583 0.0179687 0.0513889
0 0.630078 0.68125 0.0210938 0.0597222
1 0.566016 0.425694 0.0164062 0.0513889
