1 0.531641 0.354861 0.0101562 0.0402778
1 0.3125 0.307639 0.0078125 0.0347222
1 0.535937 0.327778 0.009375 0.0333333
0 0.316016 0.347917 0.00859375 0.0375
1 0.560156 0.275 0.0078125 0.0333333
0 0.435937 0.234028 0.00625 0.0291667
0 0.224219 0.283333 0.0078125 0.0333333
1 0.402734 0.254167 0.00703125 0.0305556
1 0.290234 0.307639 0.00859375 0.0319444
0 0.651953 0.440972 0.00859375 0.0458333
0 0.585938 0.390972 0.009375 0.0458333
0 0.527734 0.25625 0.00703125 0.0347222
1 0.620703 0.310417 0.00859375 0.0347222
1 0.35625 0.434722 0.0125 0.0472222
0 0.178906 0.458333 0.0140625 0.0472222
0 0.316797 0.553472 0.0132813 0.0569444
1 0.699609 0.55 0.0132813 0.05
0 0.154687 0.357639 0.0109375 0.0430556
0 0.446094 0.425 0.0109375 0.0472222
1 0.717188 0.384722 0.0109375 0.0444444
4 0.894922 0.30625 0.0789063 0.0902778
