0 0.526563 0.307639 0.009375 0.0375
1 0.392188 0.365972 0.0109375 0.0375
1 0.365625 0.281944 0.009375 0.0388889
0 0.596094 0.363194 0.0140625 0.0430556
0 0.245312 0.260417 0.0078125 0.0347222
0 0.350391 0.309028 0.00859375 0.0375
0 0.496094 0.214583 0.0078125 0.0347222
1 0.617188 0.268056 0.0078125 0.0361111
0 0.537109 0.236806 0.00859375 0.0319444
1 0.472266 0.243056 0.00703125 0.0333333
1 0.656641 0.30625 0.00859375 0.0375
1 0.571484 0.30625 0.00859375 0.0375
0 0.692578 0.400694 0.0132813 0.0430556
0 0.511328 0.385417 0.0101562 0.0430556
0 0.163672 0.335417 0.0101562 0.0458333
1 0.741016 0.461806 0.0164062 0.0458333
0 0.189453 0.431944 0.0117188 0.0555556
1 0.758594 0.361111 0.0109375 0.0416667
0 0.364062 0.554167 0.0171875 0.0555556
4 0.971875 0.313194 0.053125 0.0875
