0 0.388281 0.449306 0.0125 0.0569444
0 0.959766 0.375 0.0101562 0.05
1 0.141016 0.410417 0.0117188 0.0513889
1 0.201953 0.35625 0.00859375 0.0430556
0 0.658203 0.305556 0.00859375 0.0333333
0 0.450391 0.247917 0.00859375 0.0347222
0 0.153906 0.406944 0.0109375 0.05
0 0.892187 0.410417 0.009375 0.0430556
1 0.646875 0.325 0.009375 0.0416667
1 0.239453 0.43125 0.00859375 0.0513889
0 0.272266 0.388194 0.0132813 0.0458333
1 0.377734 0.218056 0.00859375 0.0333333
1 0.553906 0.248611 0.0078125 0.0361111
0 0.185156 0.352083 0.009375 0.0458333
1 0.4625 0.338194 0.009375 0.0430556
0 0.246484 0.290278 0.0101562 0.0388889
0 0.138672 0.482639 0.0132813 0.0513889
1 0.290625 0.297917 0.0109375 0.0402778
1 0.195703 0.654861 0.0132813 0.0680556
0 0.342578 0.30625 0.00859375 0.0375
1 0.898047 0.636111 0.0164062 0.0666667
0 0.346094 0.514583 0.0140625 0.0513889
