0 0.250781 0.310417 0.0125 0.0347222
1 0.254687 0.317361 0.0140625 0.0375
0 0.248437 0.296528 0.009375 0.0347222
1 0.259766 0.330556 0.0101562 0.0361111
0 0.252344 0.33125 0.0109375 0.0375
0 0.255859 0.346528 0.0117188 0.0347222
1 0.240625 0.279167 0.009375 0.0277778
1 0.536719 0.395139 0.0109375 0.0458333
1 0.527734 0.246528 0.0148437 0.0347222
0 0.20625 0.323611 0.0109375 0.0388889
0 0.103516 0.373611 0.0117188 0.0361111
0 0.173828 0.401389 0.0148437 0.0444444
0 0.379297 0.354167 0.0132813 0.0472222
0 0.651953 0.299306 0.0101562 0.0375
1 0.504297 0.420139 0.0148437 0.0513889
1 0.791016 0.529167 0.0132813 0.0611111
0 0.572266 0.291667 0.0148437 0.0388889
4 0.021875 0.272222 0.0421875 0.0833333
1 0.716797 0.35 0.0101562 0.0472222
1 0.0757812 0.418056 0.0140625 0.0444444
0 0.503516 0.615278 0.0179687 0.0611111
0 0.664844 0.513194 0.0125 0.0597222
1 0.756641 0.414583 0.0117188 0.0513889
1 0.355078 0.509722 0.0164062 0.0527778
