1 0.499609 0.738889 0.0210938 0.0416667
0 0.109375 0.346528 0.0078125 0.0263889
0 0.435547 0.802778 0.0179687 0.075
1 0.496094 0.748611 0.025 0.0805556
0 0.651172 0.904167 0.0179687 0.0861111
0 0.291406 0.3 0.009375 0.0361111
0 0.239453 0.35625 0.0117188 0.0458333
0 0.553516 0.315972 0.0101562 0.0375
0 0.139062 0.541667 0.01875 0.0583333
1 0.791016 0.543056 0.0148437 0.0583333
0 0.364844 0.457639 0.0140625 0.0513889
1 0.53125 0.449306 0.0109375 0.0458333
1 0.169531 0.338889 0.0109375 0.0416667
1 0.785937 0.392361 0.015625 0.0458333
0 0.214844 0.440278 0.0140625 0.05
1 0.536328 0.340278 0.0164062 0.0416667
0 0.696094 0.338889 0.009375 0.0361111
0 0.389453 0.359722 0.0117188 0.0416667
4 0.0136719 0.29375 0.0273438 0.0875
1 0.411328 0.620139 0.0179687 0.0597222
1 0.157422 0.470139 0.0132813 0.0486111
1 0.341406 0.422917 0.0140625 0.0513889
1 0.729688 0.845139 0.025 0.0819444
