0 0.226953 0.33125 0.00703125 0.0291667
0 0.472656 0.242361 0.00625 0.0291667
1 0.589453 0.257639 0.00859375 0.0319444
0 0.49375 0.265278 0.0078125 0.0333333
0 0.323047 0.336806 0.00859375 0.0458333
1 0.336328 0.336806 0.00859375 0.0402778
1 0.520312 0.329167 0.009375 0.0388889
0 0.518359 0.251389 0.0101562 0.0277778
1 0.576172 0.294444 0.0101562 0.0361111
0 0.654688 0.276389 0.009375 0.0333333
0 0.431641 0.376389 0.0117188 0.0416667
0 0.279687 0.368056 0.009375 0.0416667
1 0.363672 0.434722 0.0101562 0.0472222
0 0.384375 0.288194 0.0078125 0.0375
1 0.830859 0.321528 0.00859375 0.0402778
0 0.411719 0.325694 0.0125 0.0347222
1 0.701172 0.339583 0.0101562 0.0375
0 0.797266 0.429167 0.0101562 0.0472222
1 0.855469 0.422222 0.009375 0.0472222
1 0.829297 0.511111 0.0164062 0.0555556
4 0.172656 0.329861 0.0859375 0.0902778
