1 0.540625 0.349306 0.0109375 0.0402778
0 0.828906 0.419444 0.009375 0.0361111
0 0.833203 0.413194 0.0148437 0.0458333
1 0.795313 0.519444 0.0171875 0.075
1 0.729688 0.270833 0.0078125 0.0333333
1 0.8375 0.404167 0.0125 0.0416667
1 0.705078 0.29375 0.0101562 0.0319444
0 0.833594 0.445139 0.0140625 0.0486111
0 0.644141 0.241667 0.0117188 0.0305556
0 0.615625 0.238889 0.0109375 0.0305556
0 0.442578 0.327083 0.00859375 0.0347222
1 0.733203 0.3875 0.0117188 0.0416667
0 0.548828 0.449306 0.0117188 0.0486111
0 0.306641 0.428472 0.0117188 0.0458333
0 0.326953 0.294444 0.00859375 0.0305556
1 0.130078 0.382639 0.0148437 0.0430556
0 0.260938 0.371528 0.009375 0.0458333
0 0.31875 0.559722 0.01875 0.0611111
1 0.644531 0.496528 0.015625 0.0541667
1 0.800391 0.491667 0.0148437 0.05
1 0.791797 0.539583 0.0132813 0.0541667
1 0.258984 0.491667 0.0164062 0.05
