0 0.478516 0.285417 0.00859375 0.0291667
0 0.482812 0.284028 0.009375 0.0263889
0 0.683594 0.395833 0.0109375 0.0444444
1 0.485938 0.283333 0.0078125 0.0277778
1 0.477734 0.315972 0.00859375 0.0319444
0 0.590234 0.303472 0.00859375 0.0347222
1 0.199219 0.444444 0.0125 0.05
1 0.549219 0.284722 0.009375 0.0333333
1 0.683984 0.394444 0.00859375 0.0444444
0 0.199219 0.326389 0.0078125 0.0361111
1 0.538281 0.341667 0.009375 0.0361111
1 0.603125 0.33125 0.0109375 0.0402778
0 0.0933594 0.415972 0.0101562 0.0486111
0 0.424219 0.410417 0.0109375 0.0430556
0 0.547656 0.394444 0.0109375 0.0416667
0 0.3125 0.35 0.0078125 0.0361111
0 0.126563 0.479861 0.015625 0.0513889
1 0.467578 0.438194 0.0101562 0.0458333
1 0.221094 0.414583 0.0109375 0.0458333
1 0.690234 0.497222 0.00859375 0.05
0 0.191797 0.554861 0.0148437 0.0541667
4 0.815625 0.305556 0.075 0.0861111
