0 0.524609 0.245139 0.00859375 0.0347222
0 0.223828 0.3375 0.00859375 0.0416667
1 0.464844 0.234722 0.0078125 0.0305556
1 0.562109 0.257639 0.00859375 0.0347222
0 0.448047 0.242361 0.00703125 0.0319444
0 0.525391 0.25625 0.00703125 0.0347222
0 0.485547 0.263889 0.00703125 0.0277778
1 0.346094 0.328472 0.0078125 0.0375
0 0.678516 0.282639 0.0101562 0.0319444
0 0.361328 0.291667 0.00859375 0.0361111
0 0.4 0.334028 0.009375 0.0402778
0 0.321094 0.331944 0.009375 0.0388889
0 0.463281 0.377083 0.009375 0.0430556
0 0.305469 0.367361 0.0109375 0.0402778
1 0.533594 0.347222 0.009375 0.0416667
1 0.419531 0.440278 0.0109375 0.0472222
1 0.863281 0.422917 0.0125 0.0458333
1 0.614844 0.297917 0.009375 0.0347222
1 0.83125 0.324306 0.009375 0.0402778
0 0.805078 0.429167 0.0117188 0.05
1 0.708203 0.3375 0.00859375 0.0388889
1 0.858203 0.509028 0.0164062 0.0541667
4 0.166797 0.334028 0.0804688 0.0902778
