0 0.448438 0.246528 0.0078125 0.0319444
0 0.555078 0.261806 0.00703125 0.0347222
0 0.355469 0.326389 0.009375 0.0388889
0 0.538281 0.2625 0.0078125 0.0305556
1 0.35625 0.326389 0.009375 0.0361111
0 0.498828 0.269444 0.00859375 0.0305556
0 0.676562 0.282639 0.0078125 0.0375
0 0.372266 0.290972 0.0101562 0.0347222
1 0.862891 0.504861 0.0132813 0.0541667
0 0.414062 0.334722 0.009375 0.0416667
0 0.321875 0.370139 0.009375 0.0375
1 0.861719 0.422917 0.0109375 0.0486111
1 0.628125 0.299306 0.0078125 0.0319444
1 0.45625 0.447917 0.0125 0.0458333
0 0.478906 0.384028 0.009375 0.0430556
0 0.801562 0.43125 0.0125 0.0430556
1 0.705469 0.336111 0.009375 0.0361111
1 0.549219 0.354167 0.0109375 0.0416667
0 0.328125 0.330556 0.0109375 0.0361111
1 0.825 0.326389 0.0109375 0.0388889
4 0.163281 0.335417 0.078125 0.0902778
