0 0.529297 0.263194 0.0101562 0.0430556
0 0.330859 0.294444 0.00859375 0.0472222
1 0.369531 0.227778 0.009375 0.0416667
1 0.76875 0.288194 0.009375 0.0486111
1 0.346875 0.288889 0.0109375 0.0444444
1 0.455469 0.215278 0.009375 0.0416667
1 0.725781 0.385417 0.0109375 0.0569444
1 0.707812 0.226389 0.009375 0.0416667
0 0.392578 0.185417 0.00859375 0.0347222
0 0.585156 0.386111 0.009375 0.0472222
0 0.144531 0.532639 0.015625 0.0625
1 0.597266 0.236111 0.00859375 0.0388889
0 0.0894531 0.361806 0.0101562 0.0486111
0 0.740234 0.3 0.0132813 0.0472222
0 0.548437 0.215278 0.0109375 0.0388889
1 0.683594 0.208333 0.009375 0.0388889
0 0.183984 0.239583 0.00859375 0.0402778
1 0.553516 0.343056 0.0101562 0.0527778
1 0.584766 0.504861 0.0148437 0.0597222
