0 0.517187 0.44375 0.009375 0.0652778
1 0.789844 0.264583 0.009375 0.0347222
0 0.415234 0.239583 0.00859375 0.0402778
1 0.415234 0.235417 0.00859375 0.0430556
0 0.615625 0.220139 0.0078125 0.0347222
0 0.792188 0.295833 0.0109375 0.0333333
1 0.248047 0.276389 0.00859375 0.0388889
1 0.502344 0.217361 0.0078125 0.0319444
0 0.739062 0.242361 0.009375 0.0347222
1 0.66875 0.227083 0.0109375 0.0347222
1 0.75 0.430556 0.0140625 0.0583333
1 0.536719 0.592361 0.0140625 0.0680556
1 0.68125 0.295833 0.0109375 0.0416667
0 0.140234 0.365972 0.0132813 0.0486111
0 0.167578 0.292361 0.0101562 0.0458333
1 0.305078 0.303472 0.00859375 0.0458333
0 0.323438 0.309028 0.0109375 0.0513889
0 0.142188 0.470833 0.0140625 0.0527778
1 0.503906 0.391667 0.009375 0.0555556
