0 0.553906 0.255556 0.009375 0.05
1 0.3875 0.222917 0.0140625 0.0402778
0 0.385156 0.222917 0.015625 0.0402778
0 0.65625 0.197917 0.009375 0.0347222
0 0.410937 0.181944 0.009375 0.0361111
1 0.737109 0.226389 0.00859375 0.0416667
0 0.182812 0.236111 0.009375 0.0444444
0 0.609375 0.388889 0.0109375 0.05
1 0.70625 0.207639 0.009375 0.0375
0 0.724219 0.298611 0.0125 0.05
0 0.536328 0.199306 0.00859375 0.0402778
1 0.764844 0.283333 0.009375 0.05
1 0.742188 0.386806 0.0109375 0.0541667
1 0.364453 0.282639 0.0117188 0.0458333
1 0.492969 0.211806 0.0125 0.0375
1 0.571484 0.335417 0.0101562 0.0513889
0 0.162109 0.543056 0.0164062 0.0694444
0 0.101953 0.363889 0.0101562 0.05
0 0.341016 0.299306 0.0101562 0.0541667
1 0.583984 0.21875 0.0101562 0.0402778
1 0.594922 0.507639 0.0148437 0.0513889
