0 0.554688 0.234722 0.009375 0.05
1 0.506641 0.247222 0.0117188 0.0361111
0 0.521875 0.24375 0.0125 0.0347222
0 0.562109 0.184028 0.0117188 0.0402778
1 0.533203 0.199306 0.0117188 0.0347222
0 0.389844 0.176389 0.0078125 0.0416667
0 0.594922 0.200694 0.0117188 0.0402778
1 0.649609 0.199306 0.0117188 0.0375
0 0.196875 0.233333 0.0078125 0.0444444
0 0.56875 0.388194 0.0125 0.0513889
1 0.572266 0.299306 0.0132813 0.0513889
1 0.419141 0.19375 0.00859375 0.0402778
0 0.1375 0.367361 0.0125 0.0569444
1 0.748047 0.383333 0.0148437 0.0583333
1 0.717188 0.226389 0.009375 0.0416667
1 0.741406 0.2875 0.0125 0.05
0 0.368359 0.3125 0.0117188 0.0527778
1 0.453516 0.268056 0.0148437 0.0444444
0 0.701563 0.304861 0.0109375 0.0513889
0 0.228906 0.58125 0.0171875 0.0708333
1 0.598047 0.511806 0.0195312 0.0569444
