1 0.491016 0.243056 0.00859375 0.0361111
0 0.491016 0.252083 0.00859375 0.0319444
0 0.441797 0.259028 0.00703125 0.0402778
1 0.494531 0.233333 0.009375 0.0333333
0 0.585938 0.242361 0.0078125 0.0375
1 0.457812 0.238194 0.0078125 0.0319444
1 0.417578 0.327778 0.0101562 0.0444444
0 0.321875 0.385417 0.0109375 0.0430556
0 0.440234 0.265278 0.00703125 0.0388889
1 0.851562 0.426389 0.0109375 0.0555556
1 0.577344 0.311111 0.0078125 0.0444444
0 0.638281 0.275 0.009375 0.0388889
0 0.503125 0.323611 0.0109375 0.0444444
1 0.832422 0.304861 0.00859375 0.0430556
0 0.514453 0.265278 0.00859375 0.0388889
1 0.748828 0.335417 0.00703125 0.0430556
0 0.472656 0.379861 0.009375 0.0430556
0 0.367578 0.320139 0.0101562 0.0430556
1 0.801953 0.523611 0.0132813 0.0611111
1 0.61875 0.25 0.0078125 0.0361111
0 0.780859 0.427778 0.0132813 0.0555556
1 0.496094 0.445833 0.0109375 0.05
4 0.185156 0.308333 0.090625 0.0944444
