1 0.765625 0.404167 0.0125 0.0583333
0 0.201562 0.306944 0.009375 0.0333333
1 0.197656 0.279167 0.009375 0.0277778
0 0.217969 0.297222 0.009375 0.0361111
0 0.119141 0.367361 0.0117188 0.0375
0 0.164062 0.313889 0.009375 0.0388889
1 0.752734 0.359028 0.0117188 0.0430556
1 0.136328 0.389583 0.0117188 0.0347222
0 0.189844 0.3375 0.0109375 0.0361111
0 0.348437 0.340278 0.0125 0.0388889
1 0.523828 0.422222 0.0132813 0.0527778
1 0.483594 0.250694 0.0109375 0.0347222
1 0.775391 0.424306 0.0117188 0.0541667
1 0.307813 0.465278 0.0125 0.05
0 0.539844 0.294444 0.0140625 0.0388889
0 0.639453 0.310417 0.0101562 0.0430556
1 0.496484 0.373611 0.0132813 0.0416667
0 0.689844 0.547222 0.0125 0.0583333
1 0.808594 0.552778 0.0203125 0.0583333
0 0.421484 0.575 0.0179687 0.0555556
4 0.0730469 0.275 0.0835937 0.0833333
