1 0.0347656 0.196528 0.00859375 0.0402778
0 0.0347656 0.200694 0.00859375 0.0375
0 0.737109 0.24375 0.0101562 0.0486111
1 0.738281 0.235417 0.0078125 0.0347222
0 0.737891 0.259028 0.0101562 0.0375
1 0.562109 0.238194 0.0101562 0.0458333
0 0.374609 0.182639 0.00859375 0.0375
0 0.689844 0.229861 0.0078125 0.0402778
1 0.688281 0.261111 0.0078125 0.0361111
1 0.760156 0.3 0.009375 0.0527778
0 0.712109 0.364583 0.0132813 0.0541667
1 0.331641 0.35625 0.0117188 0.0569444
1 0.785156 0.368056 0.0109375 0.0583333
1 0.425391 0.215278 0.00859375 0.0388889
0 0.351562 0.243056 0.0109375 0.0527778
0 0.542578 0.25 0.0101562 0.0472222
0 0.503125 0.2875 0.0109375 0.0555556
1 0.60625 0.294444 0.009375 0.0555556
0 0.247656 0.500694 0.015625 0.0680556
0 0.195703 0.373611 0.0132813 0.0555556
1 0.690625 0.495139 0.0171875 0.0625
