0 0.510156 0.321528 0.0078125 0.0402778
0 0.902344 0.350694 0.0109375 0.0375
1 0.340625 0.290972 0.0125 0.0375
1 0.3875 0.388889 0.009375 0.0388889
0 0.333594 0.320139 0.0078125 0.0347222
1 0.333203 0.284028 0.00703125 0.0263889
1 0.571094 0.364583 0.009375 0.0263889
1 0.642187 0.30625 0.0078125 0.0375
0 0.233594 0.267361 0.0078125 0.0347222
0 0.469922 0.219444 0.00703125 0.0333333
1 0.444141 0.247222 0.00703125 0.0333333
1 0.560547 0.317361 0.00859375 0.0375
0 0.598437 0.379167 0.009375 0.05
1 0.594922 0.270833 0.00859375 0.0361111
0 0.355078 0.554861 0.0132813 0.0569444
0 0.153125 0.344444 0.009375 0.0416667
0 0.536719 0.24375 0.0078125 0.0347222
0 0.491797 0.4 0.0101562 0.0472222
1 0.741406 0.366667 0.009375 0.0472222
1 0.732031 0.483333 0.0109375 0.0416667
0 0.683203 0.40625 0.0101562 0.0375
0 0.190234 0.439583 0.0148437 0.0486111
4 0.948438 0.311806 0.0859375 0.104167
