1 0.217969 0.399306 0.01875 0.0597222
0 0.748438 0.322917 0.0078125 0.0513889
1 0.21875 0.41875 0.0109375 0.0541667
1 0.498047 0.258333 0.00703125 0.0361111
0 0.476953 0.260417 0.00859375 0.0347222
1 0.485938 0.295833 0.009375 0.0361111
0 0.610937 0.2875 0.0078125 0.0361111
1 0.575781 0.258333 0.0078125 0.0333333
1 0.219531 0.391667 0.0109375 0.0388889
0 0.326172 0.327778 0.00859375 0.0388889
1 0.710938 0.511806 0.0109375 0.0513889
0 0.560547 0.372917 0.0101562 0.0458333
0 0.218359 0.300694 0.00859375 0.0375
0 0.417969 0.396528 0.0125 0.0430556
0 0.108203 0.390278 0.0101562 0.0527778
1 0.551953 0.331944 0.0132813 0.0416667
1 0.741797 0.390972 0.0117188 0.0486111
1 0.464844 0.426389 0.0140625 0.0444444
0 0.702344 0.427083 0.009375 0.0430556
1 0.626953 0.316667 0.0117188 0.0388889
0 0.180469 0.539583 0.0125 0.0569444
0 0.127344 0.460417 0.0140625 0.0513889
4 0.871875 0.292361 0.078125 0.0875
