1 0.596875 0.35 0.0109375 0.0444444
0 0.541016 0.213889 0.00703125 0.0388889
1 0.399219 0.278472 0.009375 0.0402778
0 0.379297 0.284028 0.00703125 0.0319444
0 0.596094 0.340972 0.0109375 0.0458333
0 0.539844 0.227083 0.009375 0.0430556
1 0.584375 0.290972 0.0109375 0.0402778
1 0.506641 0.239583 0.0101562 0.0375
1 0.419141 0.270139 0.00859375 0.0347222
0 0.273047 0.252083 0.00859375 0.0375
1 0.670313 0.303472 0.009375 0.0402778
0 0.194141 0.43125 0.0117188 0.0486111
1 0.643359 0.263889 0.00859375 0.0361111
1 0.395703 0.346528 0.0101562 0.0430556
1 0.791016 0.453472 0.0164062 0.0458333
0 0.767578 0.396528 0.0132813 0.0486111
1 0.803125 0.359028 0.0078125 0.0430556
0 0.496094 0.377778 0.0109375 0.0444444
0 0.360156 0.565278 0.0109375 0.0638889
0 0.192188 0.325694 0.0109375 0.0430556
