0 0.583984 0.277083 0.00703125 0.0291667
0 0.582422 0.2875 0.0117188 0.0416667
1 0.570312 0.268056 0.009375 0.0361111
0 0.557422 0.25 0.00859375 0.0333333
1 0.582031 0.309722 0.0109375 0.0388889
1 0.704687 0.318056 0.0078125 0.0333333
0 0.784766 0.278472 0.00859375 0.0291667
1 0.7875 0.341667 0.0109375 0.0333333
0 0.216797 0.295139 0.00703125 0.0347222
1 0.222656 0.327778 0.0078125 0.0361111
1 0.657422 0.275 0.00703125 0.0333333
0 0.621484 0.325694 0.00859375 0.0347222
1 0.44375 0.299306 0.0109375 0.0347222
0 0.714453 0.361111 0.00859375 0.0388889
0 0.465625 0.359028 0.0125 0.0402778
0 0.149609 0.421528 0.0132813 0.0486111
0 0.119141 0.359028 0.0101562 0.0430556
0 0.349219 0.309722 0.009375 0.0388889
1 0.234766 0.403472 0.00859375 0.0402778
1 0.517187 0.359028 0.009375 0.0402778
0 0.263281 0.490278 0.015625 0.0472222
1 0.69375 0.422222 0.015625 0.0444444
4 0.907422 0.332639 0.0820312 0.0958333
