1 0.388281 0.4875 0.015625 0.0527778
0 0.935938 0.36875 0.0109375 0.0486111
0 0.709375 0.306944 0.0140625 0.0444444
0 0.3875 0.486806 0.015625 0.0541667
1 0.716016 0.305556 0.00859375 0.0388889
1 0.673047 0.211111 0.00859375 0.0333333
1 0.213281 0.365278 0.009375 0.0388889
1 0.205469 0.389583 0.0125 0.0430556
1 0.401953 0.203472 0.00859375 0.0347222
1 0.548437 0.344444 0.0140625 0.0444444
0 0.510938 0.230556 0.0078125 0.0361111
0 0.397266 0.334028 0.0101562 0.0430556
0 0.710156 0.409722 0.0140625 0.05
0 0.187109 0.356944 0.0117188 0.0472222
1 0.308203 0.305556 0.0101562 0.0416667
0 0.473437 0.531944 0.0140625 0.0555556
0 0.146875 0.421528 0.0140625 0.0513889
0 0.259375 0.286111 0.009375 0.0388889
0 0.342969 0.411111 0.0140625 0.0527778
1 0.407422 0.413194 0.0132813 0.0513889
1 0.3 0.704861 0.0171875 0.0708333
1 0.898828 0.540972 0.0179687 0.0625
0 0.183984 0.535417 0.0179687 0.0597222
