0 0.189844 0.371528 0.0109375 0.0430556
0 0.194141 0.371528 0.0117188 0.0458333
1 0.195703 0.372222 0.0101562 0.0416667
1 0.273047 0.31875 0.00859375 0.0402778
1 0.367578 0.233333 0.00859375 0.0333333
1 0.139062 0.736806 0.0203125 0.0652778
1 0.127734 0.449306 0.0164062 0.0513889
0 0.339453 0.347222 0.00859375 0.0416667
0 0.635938 0.327083 0.009375 0.0347222
0 0.259375 0.436806 0.0109375 0.0458333
1 0.460938 0.367361 0.009375 0.0402778
1 0.240234 0.465972 0.0117188 0.0541667
0 0.323828 0.574306 0.0117188 0.0486111
0 0.247266 0.306944 0.00859375 0.0388889
0 0.81875 0.495833 0.0125 0.0527778
1 0.533203 0.273611 0.00859375 0.0361111
1 0.654688 0.338889 0.0125 0.0388889
0 0.430078 0.271528 0.00859375 0.0347222
0 0.115234 0.533333 0.0132813 0.0527778
1 0.905078 0.718056 0.0179687 0.0722222
