0 0.463672 0.429861 0.0117188 0.0569444
1 0.509375 0.208333 0.0078125 0.0333333
0 0.378125 0.397917 0.015625 0.0569444
1 0.605469 0.353472 0.009375 0.0458333
0 0.516016 0.246528 0.00859375 0.0430556
1 0.730469 0.227083 0.0078125 0.0347222
1 0.476953 0.275 0.00859375 0.0416667
1 0.751953 0.315972 0.00859375 0.0458333
1 0.381641 0.433333 0.0148437 0.0472222
1 0.216797 0.398611 0.0117188 0.05
1 0.233984 0.479861 0.0132813 0.0541667
0 0.682031 0.292361 0.009375 0.0402778
0 0.334766 0.253472 0.00859375 0.0375
1 0.628516 0.679167 0.0164062 0.0638889
0 0.183594 0.36875 0.009375 0.0541667
0 0.719922 0.371528 0.00859375 0.0458333
1 0.90625 0.470833 0.0109375 0.0555556
0 0.577344 0.507639 0.015625 0.0569444
0 0.402734 0.294444 0.00859375 0.0361111
0 0.160156 0.442361 0.0125 0.0541667
0 0.201953 0.5125 0.0148437 0.0583333
