0 0.727344 0.3875 0.00625 0.025
1 0.378125 0.282639 0.0140625 0.0402778
0 0.607031 0.372222 0.009375 0.0361111
0 0.531641 0.30625 0.00859375 0.0347222
1 0.371875 0.2875 0.009375 0.0416667
1 0.382422 0.278472 0.00859375 0.0347222
1 0.608203 0.372917 0.0101562 0.0319444
0 0.359375 0.302083 0.0078125 0.0402778
1 0.391797 0.361111 0.0117188 0.0388889
0 0.5375 0.235417 0.0078125 0.0319444
1 0.625391 0.269444 0.00859375 0.0388889
0 0.591016 0.357639 0.0101562 0.0458333
0 0.508594 0.215278 0.0078125 0.0333333
1 0.575 0.304861 0.009375 0.0375
0 0.516406 0.381944 0.0125 0.0416667
0 0.704687 0.4 0.0140625 0.0444444
0 0.252344 0.258333 0.0078125 0.0361111
1 0.482031 0.241667 0.0078125 0.0333333
1 0.658984 0.309028 0.0148437 0.0430556
0 0.171875 0.334028 0.0109375 0.0458333
0 0.191016 0.433333 0.0148437 0.0527778
1 0.765234 0.361111 0.0117188 0.0416667
1 0.751562 0.461111 0.0109375 0.05
0 0.360938 0.559028 0.015625 0.0597222
4 0.980469 0.314583 0.0375 0.0958333
