0 0.223047 0.3375 0.00859375 0.0416667
0 0.447266 0.241667 0.00703125 0.0333333
1 0.560547 0.259028 0.00859375 0.0347222
0 0.529688 0.259722 0.0109375 0.0333333
0 0.490625 0.263194 0.0078125 0.0291667
0 0.678516 0.281944 0.00703125 0.0333333
0 0.362109 0.29375 0.0101562 0.0347222
1 0.349219 0.327778 0.009375 0.0388889
1 0.861328 0.505556 0.0101562 0.0527778
0 0.310156 0.367361 0.0078125 0.0430556
0 0.405078 0.336111 0.00859375 0.0416667
0 0.323047 0.329167 0.0101562 0.0361111
1 0.864062 0.423611 0.009375 0.0472222
0 0.805078 0.430556 0.0101562 0.0444444
0 0.469531 0.379861 0.0109375 0.0430556
1 0.830078 0.325 0.00859375 0.0416667
1 0.620313 0.297222 0.009375 0.0361111
1 0.708594 0.336806 0.009375 0.0375
1 0.432422 0.441667 0.0164062 0.0472222
1 0.540234 0.35 0.0132813 0.0388889
4 0.165625 0.333333 0.0796875 0.0916667
