0 0.525 0.310417 0.009375 0.0402778
1 0.363281 0.285417 0.009375 0.0430556
1 0.392188 0.36875 0.0109375 0.0375
0 0.537109 0.236111 0.00859375 0.0333333
0 0.494922 0.215972 0.00703125 0.0347222
0 0.594922 0.363194 0.0132813 0.0458333
0 0.348828 0.308333 0.00859375 0.0388889
0 0.243359 0.260417 0.00859375 0.0347222
1 0.65625 0.309028 0.009375 0.0402778
1 0.570703 0.30625 0.00859375 0.0375
0 0.509375 0.384028 0.0109375 0.0430556
1 0.614844 0.266667 0.0078125 0.0388889
0 0.691797 0.4 0.0132813 0.0444444
1 0.739844 0.463194 0.0140625 0.0486111
0 0.190234 0.432639 0.0148437 0.0541667
1 0.469531 0.240972 0.0078125 0.0347222
0 0.162891 0.334722 0.0117188 0.0472222
0 0.362891 0.555556 0.0164062 0.0555556
1 0.75625 0.359722 0.0109375 0.0388889
4 0.970703 0.315278 0.0570313 0.0916667
