0 0.346875 0.183333 0.0078125 0.0444444
0 0.373437 0.154167 0.009375 0.0333333
1 0.627734 0.186111 0.0101562 0.0388889
0 0.522266 0.255556 0.0117188 0.0416667
1 0.526172 0.245833 0.0101562 0.0527778
0 0.725781 0.2625 0.0109375 0.0444444
0 0.350391 0.18125 0.00859375 0.0402778
1 0.675391 0.259028 0.00859375 0.0458333
1 0.720703 0.233333 0.0101562 0.0361111
0 0.339063 0.234722 0.009375 0.05
0 0.633984 0.234722 0.0101562 0.0472222
1 0.573047 0.303472 0.0148437 0.0513889
1 0.743359 0.295139 0.0117188 0.0513889
1 0.763672 0.371528 0.0117188 0.0597222
0 0.486719 0.307639 0.0125 0.0569444
0 0.686719 0.365972 0.0109375 0.0569444
1 0.420312 0.216667 0.009375 0.0388889
1 0.648047 0.501389 0.0164062 0.0666667
0 0.277344 0.545833 0.015625 0.0722222
0 0.178906 0.38125 0.0140625 0.0597222
1 0.309375 0.373611 0.015625 0.0555556
