0 0.513672 0.25625 0.0132813 0.0458333
0 0.617578 0.1875 0.0117188 0.0444444
1 0.517969 0.247222 0.0109375 0.0472222
1 0.627344 0.193056 0.0109375 0.0416667
0 0.510547 0.261806 0.0101562 0.0430556
0 0.733203 0.271528 0.0101562 0.0486111
1 0.675781 0.26875 0.009375 0.0486111
0 0.605078 0.234722 0.0101562 0.0444444
0 0.397266 0.189583 0.00859375 0.0430556
1 0.717969 0.240278 0.009375 0.0444444
1 0.758203 0.386806 0.0117188 0.0569444
0 0.473047 0.320833 0.0101562 0.05
1 0.741406 0.304167 0.0125 0.0472222
0 0.662109 0.388194 0.0132813 0.0569444
1 0.553125 0.311806 0.0109375 0.0541667
1 0.446484 0.231944 0.0132813 0.0416667
1 0.279687 0.377778 0.0109375 0.0555556
0 0.350391 0.239583 0.0101562 0.0486111
0 0.185937 0.391667 0.0234375 0.0583333
0 0.207813 0.569444 0.0234375 0.0666667
1 0.620703 0.516667 0.0148437 0.0527778
