0 0.217578 0.322917 0.0101562 0.0458333
1 0.560547 0.269444 0.00859375 0.0333333
0 0.559766 0.256944 0.00859375 0.0388889
0 0.212891 0.299306 0.00703125 0.0347222
0 0.782031 0.279167 0.00625 0.0277778
0 0.582812 0.28125 0.0078125 0.0263889
0 0.619141 0.330556 0.0101562 0.0361111
1 0.648438 0.279861 0.009375 0.0319444
1 0.58125 0.314583 0.0078125 0.0319444
1 0.696094 0.322222 0.009375 0.0361111
1 0.21875 0.33125 0.009375 0.0375
0 0.717578 0.3625 0.0101562 0.0361111
1 0.441406 0.3 0.0125 0.0361111
0 0.147656 0.423611 0.0140625 0.0472222
0 0.344922 0.313194 0.00859375 0.0402778
1 0.698438 0.422917 0.0140625 0.0402778
1 0.79375 0.340972 0.009375 0.0319444
1 0.516406 0.361111 0.0109375 0.0444444
0 0.46875 0.358333 0.015625 0.0444444
0 0.115234 0.361111 0.0101562 0.0388889
1 0.233203 0.404861 0.0117188 0.0430556
0 0.271484 0.493056 0.0195312 0.0444444
4 0.888672 0.333333 0.0804688 0.0916667
