0 0.901563 0.333333 0.0125 0.0527778
0 0.902734 0.311806 0.0117188 0.0458333
1 0.535156 0.207639 0.0078125 0.0347222
0 0.521094 0.234722 0.0078125 0.0333333
1 0.768359 0.300694 0.0117188 0.0402778
1 0.438281 0.415972 0.0109375 0.0541667
0 0.720703 0.365278 0.00859375 0.0472222
1 0.506641 0.270139 0.0101562 0.0375
1 0.725 0.606944 0.0140625 0.0638889
0 0.200781 0.347917 0.0125 0.0486111
1 0.936719 0.443056 0.0140625 0.0555556
0 0.708984 0.288889 0.00859375 0.0388889
0 0.170703 0.431944 0.0132813 0.0555556
1 0.603906 0.344444 0.009375 0.0444444
1 0.660547 0.225694 0.00859375 0.0375
0 0.323047 0.254167 0.00859375 0.0388889
0 0.651953 0.504167 0.0132813 0.0583333
0 0.378516 0.304861 0.00859375 0.0402778
0 0.242969 0.517361 0.0125 0.0597222
0 0.408594 0.391667 0.0125 0.0472222
1 0.239844 0.369444 0.0125 0.0472222
1 0.280078 0.451389 0.0132813 0.0555556
