1 0.223828 0.24375 0.00703125 0.0291667
0 0.646484 0.2875 0.00859375 0.0333333
1 0.642578 0.29375 0.00859375 0.0319444
0 0.673828 0.260417 0.00703125 0.0263889
1 0.683203 0.283333 0.00703125 0.0305556
1 0.674609 0.311111 0.00859375 0.0305556
0 0.678125 0.35 0.009375 0.0444444
0 0.805859 0.347222 0.00859375 0.0305556
1 0.736328 0.356944 0.00859375 0.0388889
1 0.580078 0.315972 0.0101562 0.0347222
0 0.171875 0.404861 0.0109375 0.0458333
1 0.614844 0.414583 0.0109375 0.0430556
0 0.260156 0.31875 0.009375 0.0375
1 0.134766 0.405556 0.0101562 0.0416667
1 0.716406 0.332639 0.0078125 0.0402778
1 0.271484 0.4625 0.0117188 0.0472222
0 0.575 0.400694 0.0109375 0.0486111
0 0.399609 0.33125 0.00859375 0.0375
1 0.763281 0.424306 0.0109375 0.0430556
0 0.240625 0.459722 0.015625 0.0416667
0 0.285937 0.548611 0.015625 0.0527778
4 0.895703 0.321528 0.0773437 0.0875
