1 0.413281 0.236111 0.0109375 0.0361111
0 0.232031 0.205556 0.0078125 0.0277778
0 0.414062 0.236806 0.0125 0.0375
0 0.521094 0.445139 0.009375 0.0625
1 0.408594 0.232639 0.0125 0.0402778
1 0.790625 0.2625 0.0078125 0.0277778
0 0.6125 0.220833 0.0078125 0.0333333
1 0.497266 0.215972 0.00859375 0.0347222
0 0.791406 0.296528 0.0078125 0.0319444
1 0.666797 0.225694 0.00703125 0.0347222
1 0.499609 0.393056 0.0117188 0.0583333
0 0.737109 0.240972 0.00703125 0.0375
1 0.304297 0.30625 0.0117188 0.0402778
1 0.241797 0.279167 0.0101562 0.0416667
1 0.679688 0.294444 0.0078125 0.0416667
0 0.325 0.309028 0.0109375 0.0513889
0 0.142969 0.366667 0.0140625 0.0472222
1 0.532031 0.601389 0.0140625 0.0694444
0 0.164453 0.293056 0.0101562 0.0472222
1 0.754297 0.43125 0.0117188 0.0541667
0 0.145313 0.469444 0.0171875 0.0583333
