0 0.222656 0.19375 0.0078125 0.0291667
0 0.841797 0.319444 0.0132813 0.0611111
0 0.409766 0.39375 0.0101562 0.0486111
1 0.498437 0.279861 0.0109375 0.0375
1 0.522266 0.227083 0.0101562 0.0375
0 0.632422 0.358333 0.0117188 0.0444444
1 0.451172 0.420833 0.0101562 0.0527778
1 0.235547 0.365972 0.0117188 0.0458333
0 0.495313 0.241667 0.0109375 0.0361111
0 0.675781 0.497917 0.0125 0.0569444
0 0.283594 0.270833 0.009375 0.0361111
1 0.860937 0.404167 0.0125 0.0472222
1 0.633594 0.229167 0.009375 0.0333333
0 0.160938 0.438194 0.0140625 0.0458333
0 0.170312 0.360417 0.0125 0.0458333
1 0.573047 0.329861 0.0117188 0.0430556
0 0.664453 0.280556 0.00859375 0.0388889
0 0.357812 0.308333 0.0109375 0.0444444
1 0.714063 0.550694 0.0203125 0.0569444
0 0.207813 0.530556 0.0140625 0.0555556
1 0.715234 0.303472 0.0101562 0.0402778
1 0.264844 0.428472 0.0125 0.0541667
4 0.965234 0.288889 0.0648438 0.108333
