0 0.541406 0.261806 0.0078125 0.0319444
0 0.547656 0.264583 0.0125 0.0347222
0 0.552734 0.2625 0.00859375 0.0388889
1 0.551172 0.265972 0.0101562 0.0347222
0 0.447656 0.248611 0.0078125 0.0277778
1 0.360156 0.323611 0.0078125 0.0361111
0 0.376172 0.289583 0.00859375 0.0402778
0 0.503516 0.270833 0.00703125 0.0333333
1 0.702344 0.334028 0.009375 0.0402778
0 0.673047 0.280556 0.0117188 0.0361111
0 0.326953 0.369444 0.0101562 0.0388889
0 0.419922 0.3375 0.0132813 0.0388889
0 0.8 0.428472 0.009375 0.0458333
1 0.630469 0.295833 0.009375 0.0333333
1 0.823047 0.325 0.00859375 0.0361111
1 0.552344 0.356944 0.0125 0.0416667
1 0.860937 0.422222 0.0109375 0.0444444
0 0.328516 0.328472 0.00859375 0.0375
0 0.483984 0.384722 0.0132813 0.0416667
1 0.470703 0.449306 0.0148437 0.0430556
1 0.864453 0.502778 0.0164062 0.0527778
4 0.158594 0.332639 0.08125 0.0875
