0 0.153906 0.373611 0.009375 0.025
0 0.378125 0.45 0.0109375 0.0472222
0 0.154297 0.396528 0.0117188 0.0458333
1 0.154297 0.38125 0.0101562 0.0375
1 0.678125 0.3125 0.0125 0.05
0 0.15625 0.409028 0.0109375 0.0375
0 0.680859 0.301389 0.0117188 0.0388889
1 0.277734 0.406944 0.0117188 0.0472222
0 0.25 0.280556 0.009375 0.0416667
0 0.144922 0.476389 0.0117188 0.0527778
0 0.486328 0.232639 0.00859375 0.0347222
0 0.175391 0.35 0.0117188 0.0472222
1 0.385156 0.205556 0.0078125 0.0333333
0 0.296484 0.38125 0.0117188 0.0486111
1 0.222656 0.648611 0.015625 0.0694444
0 0.357812 0.294444 0.009375 0.0361111
1 0.203516 0.353472 0.0117188 0.0458333
0 0.381641 0.513194 0.0148437 0.0541667
1 0.857813 0.574306 0.0140625 0.0597222
1 0.482422 0.33125 0.0101562 0.0458333
0 0.785547 0.407639 0.0132813 0.0486111
1 0.303906 0.282639 0.0078125 0.0402778
1 0.592188 0.225694 0.0109375 0.0347222
