1 0.553125 0.182639 0.0078125 0.0430556
0 0.497656 0.231944 0.0109375 0.0361111
0 0.563672 0.236111 0.00859375 0.0444444
1 0.482031 0.234028 0.009375 0.0347222
0 0.553125 0.183333 0.0078125 0.0333333
0 0.575 0.388889 0.0125 0.0555556
0 0.590625 0.195139 0.009375 0.0319444
0 0.398828 0.178472 0.00859375 0.0375
0 0.195703 0.231944 0.00859375 0.0444444
1 0.646484 0.194444 0.00859375 0.0361111
1 0.428125 0.1875 0.009375 0.0361111
1 0.574609 0.304167 0.0101562 0.0555556
0 0.708203 0.298611 0.00859375 0.05
1 0.525391 0.194444 0.00859375 0.0333333
1 0.715625 0.220833 0.009375 0.0416667
1 0.746484 0.379167 0.0117188 0.0527778
1 0.739844 0.282639 0.009375 0.0486111
1 0.431641 0.26875 0.0148437 0.0430556
0 0.369141 0.309722 0.0117188 0.0527778
0 0.134375 0.365972 0.0125 0.0541667
0 0.217187 0.571528 0.015625 0.0625
1 0.597266 0.508333 0.0195312 0.0527778
