1 0.544141 0.247917 0.0148437 0.0402778
0 0.569141 0.384028 0.0148437 0.0458333
1 0.547656 0.202083 0.0109375 0.0375
1 0.575781 0.3 0.0109375 0.0472222
0 0.615234 0.209028 0.0132813 0.0347222
0 0.382422 0.182639 0.00859375 0.0375
1 0.413672 0.198611 0.00859375 0.0388889
0 0.577344 0.181944 0.0125 0.0333333
1 0.721875 0.233333 0.0109375 0.0444444
1 0.744141 0.290972 0.0132813 0.0513889
1 0.751953 0.383333 0.0132813 0.0527778
0 0.698438 0.309722 0.0140625 0.05
0 0.242578 0.598611 0.0164062 0.0722222
0 0.201953 0.236806 0.00859375 0.0458333
1 0.657031 0.205556 0.015625 0.0388889
1 0.609766 0.504167 0.0179687 0.0666667
0 0.364453 0.315972 0.0117188 0.0486111
1 0.471094 0.270139 0.0140625 0.0458333
0 0.139453 0.36875 0.0117188 0.0569444
