0 0.555469 0.250694 0.0078125 0.0319444
0 0.745313 0.295833 0.009375 0.0222222
0 0.714063 0.317361 0.009375 0.0375
1 0.580859 0.259722 0.00859375 0.0305556
1 0.583203 0.304861 0.0101562 0.0375
0 0.223828 0.2875 0.00859375 0.0333333
0 0.624609 0.319444 0.00859375 0.0333333
1 0.714063 0.315972 0.009375 0.0375
0 0.783594 0.279167 0.009375 0.0305556
0 0.707812 0.360417 0.009375 0.0375
0 0.462891 0.353472 0.0117188 0.0402778
1 0.446094 0.293056 0.009375 0.0361111
1 0.689844 0.423611 0.015625 0.0416667
1 0.667188 0.273611 0.0109375 0.0333333
1 0.230078 0.322917 0.00859375 0.0347222
1 0.517578 0.35 0.00859375 0.0416667
0 0.126563 0.350694 0.0109375 0.0458333
1 0.777734 0.343056 0.0117188 0.0361111
0 0.153125 0.416667 0.0125 0.0472222
0 0.357812 0.304167 0.009375 0.0388889
0 0.251953 0.491667 0.0132813 0.0527778
1 0.238281 0.397222 0.0109375 0.0472222
4 0.928906 0.333333 0.084375 0.0944444
