0 0.729297 0.282639 0.00859375 0.0597222
1 0.433594 0.220833 0.0125 0.0361111
0 0.444922 0.220833 0.00859375 0.0388889
0 0.523828 0.183333 0.0132813 0.0361111
1 0.665234 0.195139 0.00859375 0.0402778
0 0.602344 0.184028 0.0078125 0.0319444
1 0.460547 0.181944 0.00859375 0.0416667
1 0.522266 0.186111 0.0117188 0.0333333
0 0.409766 0.177083 0.00703125 0.0375
1 0.744531 0.28125 0.009375 0.0513889
1 0.599609 0.506944 0.0148437 0.0638889
0 0.191406 0.23125 0.009375 0.0430556
0 0.592578 0.390278 0.0117188 0.05
1 0.746094 0.386111 0.0109375 0.0555556
0 0.717188 0.295139 0.0109375 0.0513889
1 0.389844 0.276389 0.0125 0.0416667
1 0.578125 0.31875 0.009375 0.0513889
0 0.366016 0.304861 0.0132813 0.0569444
0 0.122266 0.364583 0.0132813 0.0541667
1 0.730859 0.218056 0.00859375 0.0416667
0 0.193359 0.55625 0.0195312 0.0708333
