0 0.657422 0.309722 0.0117188 0.0472222
0 0.957812 0.376389 0.0140625 0.0416667
0 0.385547 0.448611 0.0117188 0.05
0 0.660156 0.304167 0.009375 0.0333333
1 0.141797 0.40625 0.0101562 0.0430556
0 0.153906 0.407639 0.0125 0.0513889
1 0.648828 0.324306 0.0117188 0.0430556
1 0.200781 0.356944 0.009375 0.0444444
0 0.274219 0.385417 0.0125 0.0486111
0 0.452344 0.245833 0.009375 0.0361111
0 0.892969 0.413889 0.0125 0.0388889
1 0.557031 0.247917 0.0078125 0.0347222
1 0.377734 0.217361 0.00859375 0.0319444
1 0.292969 0.295833 0.009375 0.0361111
0 0.34375 0.30625 0.009375 0.0402778
1 0.242969 0.432639 0.0125 0.0513889
0 0.183984 0.353472 0.00859375 0.0458333
0 0.246484 0.288889 0.0101562 0.0388889
1 0.463672 0.338889 0.0101562 0.0416667
0 0.349219 0.514583 0.0125 0.0569444
0 0.140234 0.480556 0.0148437 0.0527778
1 0.894141 0.629861 0.0148437 0.0625
1 0.2 0.655556 0.01875 0.0694444
