0 0.689844 0.272222 0.0109375 0.0416667
1 0.687109 0.265972 0.0117188 0.0486111
1 0.719922 0.320139 0.0101562 0.0458333
1 0.684766 0.252083 0.00859375 0.0402778
0 0.719531 0.302083 0.0078125 0.0430556
0 0.408984 0.209028 0.00859375 0.0319444
1 0.548047 0.218056 0.00859375 0.0361111
0 0.569922 0.204861 0.0117188 0.0375
0 0.433203 0.256944 0.00859375 0.0444444
1 0.408203 0.241667 0.00859375 0.0361111
0 0.576563 0.242361 0.009375 0.0430556
1 0.491797 0.3125 0.0101562 0.0527778
0 0.325391 0.264583 0.0117188 0.0486111
0 0.0425781 0.413194 0.0132813 0.0597222
0 0.436328 0.329861 0.0117188 0.0513889
1 0.646484 0.295833 0.00859375 0.0444444
1 0.23125 0.384028 0.0125 0.0541667
1 0.465625 0.254167 0.0078125 0.0388889
1 0.727344 0.422222 0.0140625 0.0611111
1 0.51875 0.510417 0.0171875 0.0597222
0 0.564844 0.447222 0.0171875 0.0555556
0 0.0917969 0.555556 0.0148437 0.0638889
