0 0.695703 0.286806 0.00859375 0.0236111
0 0.204297 0.338194 0.0101562 0.0375
0 0.568359 0.245139 0.00703125 0.0319444
0 0.769922 0.275 0.00703125 0.0277778
1 0.819141 0.340278 0.0117188 0.0361111
0 0.588281 0.285417 0.009375 0.0291667
0 0.622266 0.341667 0.00859375 0.0361111
0 0.200391 0.303472 0.00859375 0.0347222
1 0.544141 0.270833 0.0101562 0.0361111
0 0.487891 0.363889 0.0148437 0.0388889
0 0.74375 0.370833 0.009375 0.0361111
0 0.149219 0.428472 0.0125 0.0458333
1 0.630859 0.284028 0.00703125 0.0319444
1 0.206641 0.338889 0.0101562 0.0333333
1 0.682813 0.327778 0.009375 0.0388889
1 0.438672 0.307639 0.00859375 0.0347222
1 0.518359 0.372917 0.0101562 0.0402778
1 0.231641 0.406944 0.0101562 0.0416667
1 0.579297 0.31875 0.00859375 0.0319444
0 0.303516 0.502083 0.0164062 0.0458333
1 0.722656 0.416667 0.0109375 0.0388889
0 0.101562 0.371528 0.009375 0.0458333
0 0.333984 0.319444 0.00859375 0.0333333
4 0.855859 0.330556 0.0773437 0.0888889
