1 0.515234 0.780556 0.0226563 0.0722222
0 0.636719 0.895833 0.0234375 0.075
1 0.674219 0.865972 0.03125 0.0791667
1 0.150391 0.477778 0.0117188 0.0472222
0 0.467969 0.779861 0.021875 0.0708333
0 0.286328 0.297917 0.0101562 0.0347222
0 0.553125 0.306944 0.0109375 0.0361111
1 0.786719 0.390972 0.0140625 0.0458333
1 0.543359 0.338889 0.0148437 0.0388889
1 0.790234 0.552778 0.0148437 0.0527778
1 0.15625 0.339583 0.0109375 0.0458333
0 0.7 0.33125 0.0109375 0.0375
0 0.212891 0.440972 0.0117188 0.0541667
1 0.538672 0.45 0.0117188 0.05
0 0.368359 0.456944 0.0164062 0.0472222
1 0.34375 0.420139 0.0125 0.0541667
0 0.388672 0.359722 0.0117188 0.0416667
0 0.235938 0.357639 0.0140625 0.0458333
1 0.428125 0.63125 0.0171875 0.0569444
0 0.141406 0.551389 0.0171875 0.0583333
