0 0.902734 0.330556 0.00703125 0.0333333
0 0.265625 0.453472 0.015625 0.0458333
1 0.673828 0.292361 0.0101562 0.0319444
1 0.697656 0.317361 0.009375 0.0319444
0 0.670703 0.252778 0.00859375 0.0305556
1 0.695312 0.274306 0.009375 0.0263889
0 0.654297 0.279861 0.00859375 0.0347222
0 0.720703 0.347222 0.00859375 0.0388889
1 0.137891 0.405556 0.00859375 0.0416667
1 0.581641 0.31875 0.0101562 0.0347222
1 0.757812 0.338194 0.009375 0.0402778
0 0.198437 0.399306 0.0109375 0.0430556
0 0.810156 0.363194 0.009375 0.0430556
0 0.582422 0.413889 0.0117188 0.0472222
1 0.7875 0.375 0.0109375 0.0388889
0 0.296094 0.55 0.0171875 0.0527778
1 0.627734 0.427778 0.0132813 0.0444444
1 0.789844 0.451389 0.009375 0.0444444
0 0.282422 0.315278 0.0101562 0.0361111
1 0.281641 0.465972 0.0132813 0.0430556
0 0.414844 0.328472 0.0078125 0.0347222
0 0.258594 0.450694 0.0140625 0.0486111
4 0.942578 0.327083 0.0789063 0.0902778
