0 0.923437 0.420139 0.01875 0.0458333
1 0.442187 0.420833 0.009375 0.0444444
1 0.395703 0.2375 0.00703125 0.0305556
1 0.414453 0.797222 0.0179687 0.075
1 0.582031 0.238889 0.0078125 0.0305556
1 0.249609 0.350694 0.00859375 0.0375
1 0.213672 0.438194 0.0101562 0.0458333
1 0.946094 0.522222 0.0125 0.0527778
0 0.18125 0.365278 0.0125 0.0444444
0 0.416797 0.236806 0.00859375 0.0375
0 0.607422 0.546528 0.0101562 0.0541667
0 0.412109 0.35625 0.00859375 0.0430556
0 0.719531 0.449306 0.0109375 0.0513889
0 0.652344 0.300694 0.0078125 0.0347222
0 0.164453 0.458333 0.0101562 0.0527778
1 0.713281 0.309722 0.0109375 0.0416667
0 0.270703 0.296528 0.00859375 0.0375
0 0.232031 0.583333 0.015625 0.0583333
1 0.664062 0.350694 0.0109375 0.0402778
1 0.304688 0.327083 0.0078125 0.0402778
0 0.383203 0.444444 0.0148437 0.05
4 0.966797 0.308333 0.0664062 0.0916667
