0 0.482812 0.284722 0.009375 0.0277778
0 0.683594 0.396528 0.0109375 0.0458333
1 0.485938 0.284028 0.0078125 0.0291667
1 0.477734 0.315972 0.0101562 0.0319444
1 0.548828 0.286806 0.00859375 0.0347222
0 0.591016 0.304167 0.00859375 0.0333333
1 0.682813 0.394444 0.009375 0.0444444
1 0.198828 0.444444 0.0132813 0.0527778
0 0.199219 0.328472 0.0078125 0.0347222
1 0.537891 0.341667 0.00859375 0.0361111
0 0.424219 0.411806 0.0109375 0.0430556
0 0.547656 0.395139 0.0109375 0.0430556
0 0.0929687 0.415972 0.009375 0.0486111
1 0.603125 0.33125 0.0109375 0.0402778
0 0.312109 0.351389 0.00859375 0.0361111
1 0.690234 0.497222 0.00859375 0.05
0 0.192188 0.557639 0.015625 0.0597222
0 0.126953 0.479861 0.0148437 0.0458333
1 0.220313 0.413889 0.0109375 0.0472222
1 0.468359 0.438889 0.0117188 0.0472222
4 0.814062 0.304861 0.0734375 0.0847222
