0 0.119531 0.345139 0.0078125 0.0263889
0 0.362109 0.452083 0.0132813 0.0541667
0 0.417188 0.805556 0.0203125 0.075
0 0.29375 0.298611 0.009375 0.0388889
1 0.491016 0.723611 0.0164062 0.0722222
0 0.241406 0.35625 0.009375 0.0430556
1 0.533984 0.34375 0.0101562 0.0430556
0 0.658984 0.891667 0.0210938 0.0944444
0 0.138672 0.540972 0.0117188 0.0569444
0 0.69375 0.341667 0.009375 0.0388889
0 0.390234 0.359028 0.0132813 0.0430556
1 0.176172 0.3375 0.0101562 0.0416667
0 0.553125 0.316667 0.0109375 0.0388889
0 0.218359 0.4375 0.0148437 0.0527778
1 0.160938 0.465278 0.0125 0.05
1 0.791406 0.540972 0.0140625 0.0541667
1 0.753125 0.835417 0.025 0.0708333
1 0.403125 0.615972 0.01875 0.0541667
1 0.523438 0.444444 0.0171875 0.0472222
1 0.335938 0.422222 0.0171875 0.05
1 0.785156 0.393056 0.01875 0.0472222
4 0.0179687 0.290972 0.0359375 0.0875
