0 0.746875 0.230556 0.0046875 0.0194444
0 0.525 0.429861 0.0140625 0.0513889
1 0.6875 0.705556 0.0171875 0.0666667
1 0.664062 0.660417 0.0125 0.0569444
1 0.625391 0.322917 0.0117188 0.0375
1 0.671484 0.496528 0.0164062 0.0513889
0 0.711719 0.275694 0.0125 0.0347222
0 0.398047 0.363194 0.0117188 0.0430556
0 0.558984 0.282639 0.0101562 0.0402778
0 0.848828 0.661111 0.0195312 0.0694444
0 0.656641 0.534028 0.0148437 0.0458333
1 0.64375 0.6375 0.0171875 0.0472222
0 0.290234 0.288194 0.0117188 0.0402778
1 0.805469 0.558333 0.015625 0.0638889
1 0.105469 0.355556 0.0140625 0.0444444
0 0.235156 0.442361 0.015625 0.0541667
1 0.79375 0.359028 0.0109375 0.0430556
0 0.259375 0.363889 0.015625 0.05
0 0.216016 0.6125 0.0164062 0.0611111
1 0.149609 0.529861 0.0164062 0.0569444
0 0.445703 0.505556 0.0195312 0.0555556
1 0.433984 0.403472 0.0164062 0.0513889
