1 0.318359 0.297917 0.0117188 0.0319444
0 0.901172 0.372917 0.0117188 0.0319444
0 0.419922 0.252083 0.00859375 0.0375
1 0.547656 0.340278 0.009375 0.0416667
0 0.323438 0.334028 0.009375 0.0430556
1 0.325781 0.304167 0.0078125 0.0361111
1 0.419922 0.253472 0.00859375 0.0291667
1 0.550781 0.353472 0.0078125 0.0347222
1 0.308594 0.296528 0.0078125 0.0347222
1 0.571875 0.277083 0.0078125 0.0347222
1 0.724219 0.377778 0.0109375 0.0472222
0 0.228906 0.277778 0.0078125 0.0333333
0 0.532422 0.254861 0.00859375 0.0319444
1 0.377734 0.415278 0.0101562 0.0416667
0 0.449219 0.23125 0.0078125 0.0319444
0 0.664844 0.422222 0.009375 0.0444444
1 0.544141 0.325694 0.00859375 0.0319444
1 0.626953 0.308333 0.00859375 0.0361111
0 0.591016 0.386111 0.00859375 0.0416667
0 0.466016 0.413889 0.0101562 0.0444444
0 0.154687 0.354167 0.0109375 0.0444444
1 0.720312 0.519444 0.0125 0.0444444
0 0.187891 0.45 0.0148437 0.0555556
0 0.335547 0.555556 0.0164062 0.0555556
4 0.909375 0.30625 0.0796875 0.0902778
