0 0.726172 0.496528 0.0179687 0.0569444
0 0.544531 0.408333 0.015625 0.0527778
1 0.6625 0.315972 0.0109375 0.0402778
1 0.711719 0.610417 0.0171875 0.0541667
0 0.708594 0.257639 0.0078125 0.0347222
0 0.274609 0.436806 0.0132813 0.0513889
1 0.649219 0.6 0.0171875 0.0694444
0 0.423828 0.348611 0.0132813 0.0416667
1 0.475781 0.382639 0.015625 0.0430556
1 0.78125 0.316667 0.009375 0.0388889
1 0.750781 0.636806 0.01875 0.0597222
0 0.589453 0.266667 0.0132813 0.0361111
0 0.308203 0.286111 0.0101562 0.0388889
0 0.272656 0.3625 0.009375 0.0472222
0 0.492578 0.495833 0.0132813 0.0555556
1 0.718359 0.464583 0.0132813 0.0513889
1 0.185937 0.519444 0.0171875 0.0555556
0 0.732031 0.50625 0.01875 0.0513889
0 0.886719 0.564583 0.015625 0.0541667
1 0.833203 0.505556 0.0179687 0.0555556
1 0.108594 0.3625 0.0109375 0.0416667
0 0.264453 0.600694 0.0210938 0.0597222
