1 0.942578 0.430556 0.0132813 0.05
0 0.625 0.270139 0.009375 0.0347222
1 0.401953 0.238889 0.00859375 0.0333333
1 0.611719 0.340972 0.0109375 0.0347222
1 0.686328 0.304167 0.00859375 0.0388889
0 0.637109 0.524306 0.0101562 0.0569444
1 0.591016 0.238889 0.00703125 0.0305556
1 0.478516 0.780556 0.0148437 0.0722222
0 0.430469 0.229167 0.0078125 0.0333333
1 0.453125 0.404167 0.0078125 0.0444444
0 0.260938 0.284722 0.0078125 0.0361111
0 0.172266 0.455556 0.0101562 0.0555556
0 0.402344 0.35 0.009375 0.0444444
0 0.395312 0.4375 0.0125 0.05
0 0.702344 0.429861 0.0109375 0.0458333
0 0.183203 0.359028 0.0117188 0.0402778
1 0.264062 0.338889 0.0109375 0.0388889
1 0.316406 0.315278 0.0078125 0.0361111
0 0.258984 0.5625 0.0117188 0.0583333
1 0.209375 0.458333 0.0140625 0.05
1 0.903125 0.489583 0.0140625 0.0513889
4 0.957812 0.304167 0.0765625 0.0916667
