1 0.533203 0.25 0.0101562 0.0333333
1 0.610156 0.325694 0.0078125 0.0458333
1 0.632812 0.265972 0.0109375 0.0430556
0 0.523828 0.257639 0.00703125 0.0319444
1 0.535547 0.245139 0.00703125 0.0291667
1 0.635156 0.256944 0.0078125 0.0361111
0 0.596094 0.243056 0.0078125 0.0333333
1 0.496094 0.251389 0.0078125 0.0305556
0 0.541016 0.277778 0.00859375 0.0361111
1 0.475781 0.329167 0.009375 0.0416667
1 0.851562 0.422917 0.0109375 0.0541667
0 0.625 0.284028 0.0078125 0.0319444
0 0.455078 0.279861 0.00859375 0.0375
1 0.594141 0.325694 0.0101562 0.0458333
0 0.3625 0.432639 0.0109375 0.0513889
0 0.3875 0.3375 0.0078125 0.0416667
0 0.542969 0.339583 0.0109375 0.0430556
1 0.835156 0.304167 0.0078125 0.0388889
1 0.744141 0.341667 0.0101562 0.0472222
0 0.527344 0.395139 0.009375 0.0458333
1 0.593359 0.480556 0.0117188 0.0555556
1 0.833594 0.50625 0.0171875 0.0569444
0 0.810938 0.413889 0.0109375 0.0472222
4 0.178906 0.314583 0.0921875 0.0930556
