0 0.557031 0.23125 0.0109375 0.0375
0 0.720703 0.244444 0.0101562 0.0333333
1 0.733984 0.267361 0.00859375 0.0375
1 0.652344 0.230556 0.0109375 0.0361111
1 0.589453 0.272917 0.00859375 0.0402778
1 0.758984 0.286806 0.00859375 0.0402778
0 0.275391 0.240972 0.0101562 0.0430556
0 0.651172 0.274306 0.00859375 0.0402778
0 0.427734 0.26875 0.0101562 0.0458333
0 0.180078 0.302778 0.0132813 0.05
0 0.608594 0.245833 0.009375 0.0388889
0 0.173828 0.381944 0.0148437 0.05
0 0.435547 0.313194 0.0132813 0.0430556
1 0.519141 0.309028 0.0148437 0.0486111
0 0.673047 0.338194 0.0132813 0.0430556
0 0.187891 0.459028 0.0148437 0.0541667
1 0.480078 0.259722 0.0132813 0.0416667
1 0.755078 0.347222 0.0164062 0.05
1 0.297656 0.270139 0.009375 0.0402778
1 0.664844 0.451389 0.0140625 0.0555556
1 0.258984 0.373611 0.0132813 0.0472222
