0 0.551562 0.284722 0.0109375 0.0361111
0 0.575781 0.211111 0.0078125 0.0333333
0 0.408594 0.272222 0.0078125 0.0361111
1 0.454688 0.265972 0.0078125 0.0347222
1 0.421875 0.272917 0.0078125 0.0375
0 0.545313 0.223611 0.009375 0.0361111
0 0.294531 0.245833 0.0078125 0.0361111
1 0.59375 0.340972 0.0109375 0.0430556
0 0.578906 0.320139 0.0109375 0.0402778
1 0.529688 0.234722 0.0078125 0.0388889
1 0.657031 0.259722 0.0109375 0.0361111
0 0.461719 0.372222 0.015625 0.0361111
0 0.828906 0.395833 0.0109375 0.0444444
1 0.415234 0.330556 0.00859375 0.0416667
1 0.600781 0.283333 0.009375 0.0361111
1 0.682031 0.296528 0.0109375 0.0430556
1 0.797656 0.459722 0.0140625 0.0527778
1 0.844141 0.356944 0.0117188 0.0472222
0 0.207422 0.426389 0.0117188 0.05
0 0.209375 0.317361 0.009375 0.0458333
0 0.363281 0.572222 0.0203125 0.0611111
