1 0.654297 0.315278 0.0132813 0.0416667
1 0.14375 0.394444 0.0109375 0.0277778
1 0.145703 0.402083 0.0132813 0.0541667
0 0.147656 0.408333 0.0140625 0.05
0 0.383203 0.449306 0.0117188 0.0458333
0 0.151953 0.407639 0.0132813 0.0430556
0 0.664062 0.301389 0.0078125 0.0361111
1 0.200391 0.356944 0.00859375 0.0444444
1 0.652344 0.325694 0.009375 0.0375
0 0.182812 0.352083 0.009375 0.0458333
1 0.246094 0.429167 0.009375 0.05
1 0.560547 0.244444 0.00703125 0.0305556
0 0.455469 0.243056 0.0078125 0.0361111
0 0.884766 0.408333 0.0101562 0.0444444
1 0.200781 0.650694 0.0140625 0.0652778
0 0.277344 0.384028 0.0125 0.0513889
1 0.378516 0.215278 0.00703125 0.0333333
1 0.887891 0.620139 0.0148437 0.0652778
0 0.345313 0.303472 0.0109375 0.0375
1 0.466797 0.336806 0.00859375 0.0402778
0 0.140625 0.477778 0.0125 0.0555556
0 0.246875 0.288194 0.009375 0.0402778
0 0.353906 0.513889 0.0140625 0.0527778
1 0.294531 0.29375 0.0109375 0.0402778
