0 0.709375 0.30625 0.0171875 0.0486111
0 0.936328 0.370139 0.0117188 0.0458333
0 0.707812 0.30625 0.009375 0.0347222
1 0.716406 0.30625 0.009375 0.0402778
0 0.387109 0.485417 0.0148437 0.0541667
1 0.673437 0.210417 0.0078125 0.0291667
1 0.213281 0.364583 0.009375 0.0402778
1 0.204688 0.388889 0.0125 0.0444444
1 0.401563 0.202778 0.009375 0.0361111
0 0.511328 0.229861 0.00859375 0.0347222
0 0.710156 0.409722 0.0140625 0.05
0 0.186328 0.357639 0.0117188 0.0458333
0 0.396484 0.333333 0.0101562 0.0416667
1 0.547266 0.34375 0.0132813 0.0430556
1 0.899609 0.541667 0.0179687 0.0611111
1 0.308203 0.305556 0.0101562 0.0416667
0 0.259375 0.285417 0.009375 0.0375
1 0.407031 0.411806 0.0125 0.0541667
0 0.147266 0.422222 0.0132813 0.0527778
1 0.300781 0.704167 0.0171875 0.0694444
0 0.342187 0.406944 0.0140625 0.0527778
0 0.183984 0.534722 0.0179687 0.0583333
0 0.471484 0.530556 0.0164062 0.0555556
