1 0.477734 0.359722 0.00859375 0.0388889
1 0.530859 0.341667 0.00859375 0.0388889
1 0.562891 0.267361 0.00859375 0.0375
1 0.537891 0.334028 0.0101562 0.0402778
1 0.518359 0.3625 0.00859375 0.0388889
1 0.398047 0.25 0.00859375 0.0333333
1 0.308203 0.308333 0.00859375 0.0361111
0 0.226562 0.28125 0.009375 0.0347222
0 0.535937 0.256944 0.0078125 0.0333333
0 0.434766 0.23125 0.00859375 0.0319444
1 0.281641 0.313194 0.0101562 0.0375
0 0.320703 0.352778 0.00859375 0.0388889
0 0.598828 0.391667 0.0101562 0.0416667
0 0.432031 0.434028 0.0125 0.0513889
1 0.628125 0.305556 0.009375 0.0361111
0 0.648438 0.4625 0.0109375 0.0472222
1 0.728516 0.390972 0.0101562 0.0486111
0 0.305469 0.555556 0.015625 0.0555556
1 0.33125 0.444444 0.0140625 0.0472222
0 0.160156 0.355556 0.0109375 0.0416667
0 0.174219 0.465278 0.015625 0.05
1 0.68125 0.583333 0.0125 0.05
4 0.899609 0.304167 0.0804688 0.0916667
