0 0.229687 0.329861 0.0078125 0.0347222
1 0.510156 0.239583 0.0078125 0.0263889
0 0.491016 0.24375 0.00703125 0.0263889
1 0.542969 0.31875 0.0078125 0.0402778
1 0.557031 0.290278 0.0109375 0.0333333
0 0.546484 0.249306 0.00859375 0.0319444
0 0.637109 0.278472 0.00859375 0.0347222
0 0.4125 0.289583 0.0078125 0.0347222
1 0.610937 0.254167 0.0078125 0.0333333
0 0.520312 0.272917 0.0078125 0.0347222
0 0.275781 0.377778 0.009375 0.0472222
1 0.835938 0.320139 0.009375 0.0402778
0 0.450781 0.317361 0.009375 0.0375
0 0.333984 0.34375 0.0132813 0.0375
0 0.423828 0.377083 0.0117188 0.0458333
1 0.696875 0.340278 0.009375 0.0388889
0 0.794531 0.433333 0.0125 0.05
1 0.853906 0.422222 0.0125 0.0472222
1 0.344141 0.438889 0.0117188 0.0472222
1 0.355078 0.338194 0.00859375 0.0402778
1 0.807813 0.516667 0.0125 0.0555556
4 0.176563 0.325694 0.0875 0.0902778
