0 0.274219 0.302778 0.009375 0.0416667
1 0.501562 0.232639 0.0078125 0.0347222
1 0.577734 0.302778 0.00703125 0.0333333
0 0.499609 0.234028 0.00859375 0.0347222
0 0.585547 0.228472 0.00859375 0.0430556
1 0.575 0.311111 0.0109375 0.0444444
0 0.637109 0.277083 0.00859375 0.0319444
0 0.492969 0.254861 0.009375 0.0291667
1 0.461328 0.2375 0.00859375 0.0333333
0 0.584375 0.240972 0.009375 0.0402778
0 0.370313 0.322222 0.0078125 0.0444444
0 0.518359 0.266667 0.0101562 0.0388889
0 0.509375 0.324306 0.0125 0.0430556
0 0.441016 0.265972 0.00703125 0.0402778
1 0.619922 0.251389 0.0101562 0.0361111
1 0.426172 0.326389 0.0101562 0.0444444
1 0.850391 0.423611 0.0132813 0.0555556
1 0.833203 0.302778 0.00859375 0.0416667
0 0.479688 0.379167 0.0109375 0.0444444
0 0.328125 0.390278 0.009375 0.0472222
1 0.746484 0.336806 0.00703125 0.0430556
1 0.804297 0.519444 0.0164062 0.0638889
0 0.785547 0.422917 0.0101562 0.0541667
1 0.509766 0.448611 0.0117188 0.0472222
4 0.185937 0.309028 0.0890625 0.0930556
