1 0.408203 0.433333 0.0210938 0.0305556
0 0.382812 0.400694 0.0125 0.0430556
1 0.39375 0.375 0.0125 0.0416667
0 0.662109 0.282639 0.0117188 0.0430556
0 0.648047 0.497222 0.0148437 0.0583333
0 0.217578 0.320833 0.0117188 0.0388889
1 0.124609 0.504167 0.0148437 0.0611111
1 0.679297 0.335417 0.0117188 0.0486111
0 0.713672 0.7375 0.0179687 0.0722222
1 0.805469 0.419444 0.0109375 0.0555556
1 0.209375 0.356944 0.0125 0.0416667
0 0.329297 0.272222 0.0101562 0.0388889
0 0.690625 0.265278 0.009375 0.0444444
0 0.434375 0.402778 0.0125 0.05
1 0.553516 0.441667 0.0148437 0.0555556
0 0.170312 0.408333 0.015625 0.05
0 0.360156 0.493056 0.01875 0.0527778
1 0.785547 0.513194 0.0179687 0.0652778
1 0.639063 0.238194 0.0125 0.0375
1 0.492969 0.605556 0.0171875 0.0638889
