0 0.222656 0.338194 0.0078125 0.0402778
0 0.351562 0.327778 0.0078125 0.0361111
1 0.560156 0.261111 0.0078125 0.0333333
0 0.447266 0.245833 0.00703125 0.0333333
0 0.533594 0.261806 0.009375 0.0291667
0 0.314844 0.36875 0.0078125 0.0375
1 0.351562 0.327083 0.0078125 0.0375
0 0.492188 0.265972 0.0078125 0.0319444
0 0.678516 0.282639 0.00859375 0.0347222
0 0.365234 0.290972 0.00703125 0.0375
1 0.622656 0.298611 0.009375 0.0361111
1 0.862109 0.506944 0.0117188 0.0527778
1 0.542969 0.350694 0.0125 0.0430556
1 0.829687 0.325694 0.0078125 0.0402778
0 0.406641 0.3375 0.0101562 0.0361111
0 0.804688 0.429861 0.009375 0.0430556
1 0.865234 0.423611 0.00859375 0.0472222
0 0.473047 0.381944 0.0101562 0.0416667
0 0.324219 0.329861 0.009375 0.0347222
1 0.438281 0.444444 0.0109375 0.0444444
1 0.707812 0.336806 0.009375 0.0402778
4 0.166016 0.334028 0.0804688 0.0902778
