0 0.935156 0.411111 0.0109375 0.0472222
1 0.511719 0.363889 0.009375 0.0444444
1 0.542188 0.334028 0.0078125 0.0375
1 0.400781 0.247222 0.009375 0.0361111
0 0.327344 0.352083 0.0078125 0.0402778
0 0.546094 0.255556 0.0078125 0.0333333
1 0.664453 0.613889 0.0132813 0.0527778
1 0.639063 0.301389 0.0078125 0.0361111
1 0.313672 0.307639 0.00859375 0.0375
0 0.437109 0.227778 0.00859375 0.0305556
1 0.28125 0.313889 0.009375 0.0333333
1 0.568359 0.261806 0.00703125 0.0347222
0 0.173828 0.463889 0.0132813 0.0555556
0 0.655078 0.476389 0.0101562 0.0472222
0 0.169141 0.353472 0.0117188 0.0458333
0 0.613672 0.393056 0.00859375 0.0416667
1 0.742188 0.395139 0.0109375 0.0458333
0 0.427734 0.436806 0.0148437 0.0513889
1 0.316797 0.449306 0.0164062 0.0458333
0 0.303906 0.55 0.015625 0.0583333
0 0.233594 0.28125 0.0078125 0.0347222
4 0.908594 0.304861 0.0796875 0.0902778
