1 0.573438 0.243056 0.0125 0.0388889
1 0.651953 0.213889 0.00859375 0.0305556
1 0.660156 0.252083 0.0109375 0.0375
1 0.737891 0.28125 0.0148437 0.0375
0 0.702344 0.210417 0.0078125 0.0375
1 0.625391 0.316667 0.0179687 0.0472222
0 0.357422 0.215278 0.0101562 0.0361111
0 0.430469 0.347917 0.0125 0.0513889
1 0.723437 0.238889 0.0109375 0.0388889
0 0.612891 0.208333 0.0101562 0.0361111
0 0.682813 0.278472 0.009375 0.0402778
1 0.441406 0.239583 0.0109375 0.0375
0 0.748438 0.3875 0.0125 0.05
0 0.519141 0.245833 0.00859375 0.0416667
1 0.482422 0.301389 0.0132813 0.0472222
0 0.246094 0.28125 0.0109375 0.0458333
1 0.762109 0.465278 0.0164062 0.0527778
0 0.3625 0.591667 0.0140625 0.0666667
1 0.810156 0.374306 0.015625 0.0486111
0 0.201172 0.402778 0.0195312 0.0527778
