1 0.628125 0.252778 0.009375 0.0361111
0 0.546484 0.327778 0.00859375 0.0444444
0 0.388672 0.318056 0.00859375 0.0388889
0 0.601562 0.258333 0.009375 0.0361111
1 0.533203 0.272917 0.00859375 0.0347222
1 0.737891 0.344444 0.0117188 0.0472222
0 0.489453 0.252083 0.0117188 0.0319444
0 0.632812 0.282639 0.009375 0.0375
0 0.516406 0.276389 0.009375 0.0361111
1 0.403906 0.31875 0.009375 0.0402778
1 0.58125 0.313889 0.009375 0.0388889
0 0.307031 0.38125 0.0109375 0.0486111
0 0.483984 0.316667 0.0101562 0.0444444
1 0.848437 0.430556 0.009375 0.05
0 0.447266 0.379167 0.0101562 0.0416667
0 0.460938 0.271528 0.009375 0.0430556
1 0.848047 0.323611 0.00859375 0.0416667
0 0.768359 0.440972 0.0117188 0.0541667
1 0.779297 0.530556 0.0117188 0.0583333
1 0.421875 0.45 0.0109375 0.05
4 0.183203 0.315278 0.0929687 0.0944444
