0 0.518359 0.320139 0.00859375 0.0319444
1 0.4375 0.46875 0.0140625 0.0458333
1 0.655078 0.261111 0.00859375 0.0333333
1 0.395312 0.340972 0.0125 0.0347222
0 0.376172 0.266667 0.00859375 0.0388889
0 0.435156 0.516667 0.01875 0.0472222
0 0.489844 0.448611 0.0140625 0.0416667
0 0.720312 0.30625 0.0140625 0.0375
0 0.688672 0.25 0.00859375 0.0333333
1 0.758984 0.572222 0.0132813 0.0583333
0 0.306641 0.360417 0.0117188 0.0375
0 0.75 0.4875 0.0125 0.0472222
0 0.441797 0.383333 0.0117188 0.0333333
0 0.247266 0.454167 0.0195312 0.0527778
1 0.725391 0.391667 0.0101562 0.0472222
1 0.589844 0.396528 0.0125 0.0430556
1 0.648828 0.325694 0.00859375 0.0375
0 0.898047 0.719444 0.0148437 0.0638889
1 0.766406 0.441667 0.0109375 0.05
1 0.557422 0.360417 0.0117188 0.0375
1 0.402734 0.419444 0.0164062 0.0388889
