0 0.328516 0.357639 0.0226563 0.0513889
0 0.214844 0.320833 0.0125 0.0444444
0 0.301172 0.280556 0.0132813 0.0333333
1 0.244141 0.315278 0.0132813 0.0416667
0 0.675781 0.276389 0.0109375 0.0388889
0 0.336328 0.359722 0.0164062 0.0444444
1 0.316797 0.352083 0.0148437 0.0458333
0 0.418359 0.370139 0.0148437 0.0597222
0 0.623047 0.680556 0.0132813 0.0638889
0 0.622266 0.284722 0.0117188 0.0361111
1 0.787109 0.420139 0.0132813 0.0541667
0 0.162891 0.374306 0.0117188 0.0486111
0 0.651172 0.495833 0.0148437 0.0611111
1 0.449219 0.563889 0.015625 0.0555556
1 0.592578 0.239583 0.0164062 0.0347222
1 0.108594 0.466667 0.0171875 0.05
1 0.789453 0.518056 0.0164062 0.0611111
1 0.691797 0.343056 0.0132813 0.05
1 0.463281 0.429167 0.0203125 0.0305556
0 0.277734 0.459722 0.0195312 0.0527778
1 0.566016 0.423611 0.0164062 0.0527778
