0 0.728516 0.327083 0.00859375 0.0319444
1 0.444531 0.268056 0.0109375 0.0472222
0 0.567969 0.232639 0.009375 0.0402778
0 0.441016 0.240972 0.00859375 0.0347222
1 0.744531 0.448611 0.015625 0.0694444
0 0.563281 0.245139 0.009375 0.0402778
1 0.447266 0.259722 0.00859375 0.0361111
1 0.562891 0.245833 0.00859375 0.0361111
0 0.442969 0.234028 0.009375 0.0319444
1 0.738281 0.343056 0.009375 0.0388889
1 0.693359 0.275 0.00859375 0.0444444
0 0.724219 0.334722 0.0109375 0.0444444
0 0.442969 0.276389 0.0109375 0.0361111
1 0.649609 0.322222 0.00859375 0.0416667
0 0.576172 0.445139 0.0101562 0.0541667
1 0.498437 0.268056 0.009375 0.0416667
0 0.348828 0.286806 0.00859375 0.0458333
0 0.476562 0.338889 0.009375 0.0472222
0 0.586719 0.259722 0.009375 0.0333333
1 0.520312 0.329167 0.009375 0.0472222
1 0.748828 0.439583 0.0117188 0.0569444
1 0.322266 0.370139 0.0101562 0.0430556
0 0.128125 0.398611 0.0125 0.0472222
0 0.163672 0.527778 0.0148437 0.0638889
4 0.0136719 0.314583 0.0273438 0.0902778
1 0.521484 0.511806 0.0164062 0.0569444
