1 0.407422 0.488889 0.0148437 0.05
1 0.228906 0.370139 0.0109375 0.0430556
0 0.407031 0.490972 0.0140625 0.0541667
1 0.626562 0.222222 0.0078125 0.0333333
1 0.397656 0.219444 0.0078125 0.0333333
1 0.725781 0.309722 0.009375 0.0416667
0 0.460547 0.240972 0.00703125 0.0375
1 0.231641 0.390278 0.0117188 0.0444444
0 0.415625 0.343056 0.0078125 0.0416667
1 0.422656 0.426389 0.0109375 0.0472222
0 0.202344 0.365278 0.0109375 0.0444444
0 0.697266 0.31875 0.00859375 0.0402778
0 0.708594 0.430556 0.009375 0.0472222
0 0.157813 0.442361 0.0140625 0.0486111
1 0.301562 0.325694 0.009375 0.0430556
1 0.617578 0.350694 0.0132813 0.0430556
0 0.194141 0.568056 0.0132813 0.0611111
0 0.266406 0.296528 0.009375 0.0347222
0 0.519922 0.543056 0.0164062 0.0583333
1 0.342578 0.744444 0.0164062 0.0666667
0 0.365625 0.433333 0.0109375 0.0527778
1 0.914453 0.533333 0.0164062 0.0555556
