0 0.767578 0.225694 0.00859375 0.0319444
1 0.766406 0.224306 0.009375 0.0347222
1 0.428906 0.213194 0.0078125 0.0319444
1 0.655078 0.208333 0.00703125 0.0333333
0 0.701563 0.225694 0.009375 0.0263889
0 0.525391 0.217361 0.00703125 0.0402778
1 0.384375 0.239583 0.0078125 0.0375
0 0.316016 0.246528 0.00859375 0.0375
0 0.523828 0.461111 0.0117188 0.0555556
1 0.247266 0.336806 0.0101562 0.0430556
0 0.474609 0.248611 0.0101562 0.0361111
0 0.203906 0.388889 0.0109375 0.0472222
1 0.423828 0.755556 0.0164062 0.0833333
1 0.442969 0.432639 0.0125 0.0597222
0 0.223047 0.327778 0.0101562 0.0472222
0 0.770703 0.269444 0.00859375 0.0388889
0 0.414844 0.320833 0.009375 0.0416667
1 0.325 0.379861 0.0125 0.0486111
0 0.197656 0.5125 0.0140625 0.0611111
1 0.671484 0.295139 0.0101562 0.0375
1 0.872656 0.478472 0.01875 0.0597222
