0 0.539062 0.261806 0.0109375 0.0430556
0 0.674609 0.203472 0.00859375 0.0402778
1 0.376172 0.227083 0.0117188 0.0402778
0 0.401172 0.186111 0.00859375 0.0333333
1 0.698438 0.209722 0.0078125 0.0361111
1 0.730859 0.383333 0.0117188 0.0555556
0 0.181641 0.238889 0.00859375 0.0444444
0 0.592969 0.390278 0.0125 0.0472222
1 0.560156 0.341667 0.0109375 0.0555556
1 0.466406 0.215972 0.0140625 0.0402778
1 0.588281 0.504167 0.015625 0.0666667
0 0.332812 0.297222 0.009375 0.05
0 0.0914062 0.364583 0.0140625 0.0486111
0 0.735156 0.3 0.009375 0.0472222
1 0.721094 0.227083 0.0109375 0.0402778
0 0.54375 0.209028 0.0078125 0.0375
1 0.770703 0.288194 0.0101562 0.0486111
1 0.351562 0.286111 0.009375 0.0444444
1 0.592188 0.234722 0.009375 0.0388889
0 0.149219 0.5375 0.015625 0.0666667
