1 0.447266 0.240972 0.00703125 0.0319444
0 0.446484 0.242361 0.00703125 0.0319444
1 0.560938 0.259722 0.0078125 0.0305556
0 0.527344 0.254167 0.0078125 0.0416667
1 0.346875 0.327083 0.0078125 0.0402778
0 0.678125 0.28125 0.009375 0.0347222
0 0.486719 0.2625 0.0078125 0.0277778
0 0.403125 0.332639 0.0078125 0.0402778
0 0.465234 0.380556 0.00859375 0.0388889
0 0.321875 0.330556 0.0078125 0.0388889
0 0.361328 0.293056 0.00859375 0.0361111
1 0.862891 0.423611 0.0132813 0.0472222
1 0.535937 0.348611 0.009375 0.0388889
0 0.30625 0.368056 0.0109375 0.0416667
1 0.616797 0.297222 0.0101562 0.0361111
1 0.708203 0.3375 0.00859375 0.0388889
1 0.423438 0.440972 0.0109375 0.0458333
0 0.804688 0.429861 0.0125 0.0458333
1 0.857813 0.510417 0.01875 0.0513889
1 0.830859 0.324306 0.0117188 0.0430556
4 0.166797 0.334028 0.0804688 0.0902778
