0 0.492188 0.440972 0.0140625 0.0541667
1 0.624219 0.763194 0.015625 0.0402778
1 0.615625 0.780556 0.0203125 0.0638889
0 0.399609 0.505556 0.0148437 0.0583333
0 0.780078 0.770833 0.0242187 0.0777778
0 0.545313 0.289583 0.009375 0.0402778
1 0.123828 0.520139 0.0132813 0.0569444
1 0.389453 0.411806 0.0132813 0.0486111
0 0.205469 0.445833 0.0140625 0.0527778
1 0.589453 0.328472 0.0132813 0.0458333
0 0.626172 0.602083 0.0179687 0.0597222
1 0.103516 0.347917 0.0117188 0.0430556
0 0.378906 0.3625 0.0140625 0.0444444
0 0.240234 0.358333 0.0117188 0.05
1 0.794141 0.599306 0.0132813 0.0680556
0 0.274219 0.2875 0.009375 0.0416667
1 0.554688 0.672222 0.021875 0.0722222
0 0.710938 0.295833 0.0109375 0.0388889
1 0.657422 0.750694 0.0210938 0.0791667
1 0.766016 0.379861 0.0195312 0.0458333
0 0.170312 0.604861 0.0203125 0.0625
1 0.594141 0.490278 0.0179687 0.0555556
