1 0.721094 0.74375 0.0140625 0.0513889
1 0.757422 0.404167 0.0335938 0.075
1 0.709766 0.724306 0.0226563 0.0402778
1 0.719141 0.719444 0.0179687 0.05
0 0.198828 0.338194 0.00703125 0.0291667
0 0.377344 0.414583 0.0125 0.0458333
1 0.714844 0.731944 0.021875 0.0638889
0 0.572656 0.772917 0.0203125 0.0763889
0 0.301562 0.303472 0.009375 0.0347222
0 0.248437 0.349306 0.0109375 0.0430556
0 0.135156 0.490972 0.0125 0.0541667
0 0.382422 0.354167 0.0132813 0.0416667
1 0.473047 0.570139 0.0148437 0.0569444
0 0.221094 0.426389 0.009375 0.0444444
1 0.303906 0.417361 0.0125 0.0486111
1 0.226172 0.327083 0.0101562 0.0402778
0 0.328125 0.434028 0.015625 0.0486111
1 0.474609 0.423611 0.0164062 0.0444444
0 0.634766 0.363194 0.0148437 0.0375
1 0.189453 0.429167 0.0101562 0.0416667
1 0.788281 0.511111 0.015625 0.0527778
1 0.757031 0.402778 0.0171875 0.0527778
0 0.305078 0.729167 0.0242187 0.0611111
1 0.494531 0.3375 0.0109375 0.0416667
1 0.326172 0.549306 0.0164062 0.0513889
0 0.535937 0.329861 0.0171875 0.0430556
4 0.0734375 0.288889 0.08125 0.0944444
