0 0.448438 0.364583 0.0140625 0.0458333
0 0.214844 0.321528 0.0109375 0.0375
1 0.364062 0.357639 0.0125 0.0402778
1 0.436719 0.438194 0.0171875 0.0263889
0 0.366797 0.384722 0.0148437 0.0388889
1 0.207813 0.344444 0.0125 0.0333333
0 0.431641 0.389583 0.0117188 0.0430556
0 0.321875 0.276389 0.0125 0.0361111
0 0.166406 0.393056 0.0140625 0.05
0 0.65 0.494444 0.0140625 0.0611111
0 0.646875 0.284028 0.009375 0.0402778
1 0.683984 0.3375 0.0101562 0.0444444
1 0.480859 0.5875 0.0195312 0.0611111
1 0.565625 0.438194 0.0140625 0.0541667
1 0.124219 0.490278 0.0171875 0.0555556
1 0.785937 0.514583 0.0171875 0.0597222
1 0.621094 0.239583 0.009375 0.0375
0 0.683984 0.271528 0.0117188 0.0402778
0 0.678516 0.713194 0.0195312 0.0708333
1 0.802344 0.422917 0.0140625 0.0513889
0 0.328906 0.484028 0.021875 0.0513889
