1 0.942187 0.430556 0.01875 0.05
1 0.400781 0.236806 0.0078125 0.0319444
1 0.589453 0.240278 0.00703125 0.0305556
1 0.468359 0.788194 0.0210938 0.0708333
0 0.394531 0.442361 0.009375 0.0458333
0 0.404297 0.35 0.00859375 0.0444444
0 0.628125 0.274306 0.0078125 0.0319444
1 0.261328 0.339583 0.0101562 0.0375
1 0.617969 0.342361 0.0109375 0.0347222
0 0.70625 0.433333 0.009375 0.05
0 0.428516 0.230556 0.00703125 0.0333333
0 0.172656 0.455556 0.0109375 0.0527778
0 0.182031 0.357639 0.0109375 0.0458333
0 0.261719 0.2875 0.0078125 0.0388889
1 0.689062 0.305556 0.009375 0.0388889
0 0.25625 0.566667 0.015625 0.0583333
1 0.452344 0.40625 0.0078125 0.0430556
1 0.314844 0.316667 0.0078125 0.0361111
1 0.207422 0.45625 0.0101562 0.0486111
1 0.908984 0.492361 0.0195312 0.0541667
0 0.633203 0.528472 0.0117188 0.0541667
4 0.958203 0.301389 0.0742188 0.0944444
