0 0.566016 0.240972 0.00859375 0.0430556
0 0.537891 0.184028 0.0101562 0.0319444
0 0.592188 0.188194 0.0078125 0.0319444
1 0.459375 0.227083 0.009375 0.0375
0 0.474219 0.227778 0.009375 0.0361111
0 0.194531 0.230556 0.0078125 0.0416667
0 0.582422 0.392361 0.0101562 0.0541667
0 0.405078 0.177083 0.00859375 0.0375
1 0.441797 0.183333 0.00859375 0.0361111
1 0.652344 0.193056 0.009375 0.0416667
1 0.71875 0.219444 0.009375 0.0388889
1 0.519141 0.190278 0.00859375 0.0333333
1 0.576563 0.313194 0.009375 0.0513889
1 0.740234 0.280556 0.00859375 0.05
0 0.711328 0.295833 0.0117188 0.05
1 0.742969 0.384028 0.0125 0.0541667
1 0.408594 0.272917 0.0140625 0.0430556
0 0.36875 0.309722 0.0109375 0.0527778
0 0.130469 0.365972 0.0109375 0.0541667
1 0.598437 0.507639 0.015625 0.0541667
0 0.203906 0.565972 0.015625 0.0625
