1 0.460156 0.271528 0.009375 0.0402778
0 0.458594 0.277083 0.0109375 0.0402778
0 0.375391 0.356944 0.0101562 0.0527778
1 0.7 0.234722 0.009375 0.0361111
0 0.5125 0.236111 0.0078125 0.0361111
0 0.320703 0.256944 0.0101562 0.0388889
0 0.486328 0.477083 0.0117188 0.0541667
0 0.630469 0.269444 0.009375 0.0416667
1 0.769922 0.304861 0.00859375 0.0430556
1 0.480469 0.202083 0.009375 0.0375
1 0.214844 0.452083 0.0109375 0.0513889
0 0.194922 0.352083 0.00859375 0.0486111
1 0.871875 0.477778 0.0125 0.0583333
1 0.596875 0.326389 0.009375 0.0444444
0 0.687109 0.335417 0.0117188 0.0458333
0 0.162109 0.427083 0.0132813 0.0541667
0 0.184375 0.490278 0.0125 0.0555556
1 0.214453 0.380556 0.0101562 0.05
1 0.453516 0.693056 0.0148437 0.0666667
1 0.379297 0.427083 0.0101562 0.0486111
