1 0.613281 0.5 0.009375 0.05
0 0.613281 0.192361 0.0109375 0.0347222
0 0.742578 0.303472 0.0101562 0.0486111
1 0.51875 0.247222 0.0109375 0.0472222
0 0.619141 0.188889 0.0132813 0.0444444
0 0.692187 0.236806 0.009375 0.0430556
1 0.624609 0.193056 0.00859375 0.0416667
0 0.510156 0.260417 0.0109375 0.0430556
0 0.399609 0.190278 0.00859375 0.0388889
1 0.675781 0.270833 0.009375 0.0444444
1 0.742578 0.308333 0.0101562 0.0444444
0 0.733594 0.271528 0.0109375 0.0458333
1 0.717969 0.243056 0.009375 0.0472222
0 0.605078 0.236111 0.0117188 0.0472222
1 0.757812 0.39375 0.0125 0.0569444
1 0.277344 0.377778 0.0125 0.0555556
0 0.35 0.240972 0.0125 0.0486111
1 0.612109 0.513889 0.0148437 0.0555556
0 0.471484 0.322917 0.0164062 0.0541667
1 0.546484 0.311806 0.0101562 0.0569444
1 0.44375 0.232639 0.009375 0.0430556
0 0.658594 0.391667 0.0140625 0.0527778
0 0.193359 0.570139 0.0210938 0.0680556
0 0.171875 0.395833 0.01875 0.0555556
