1 0.176953 0.258333 0.00703125 0.025
0 0.646484 0.28125 0.00703125 0.0291667
0 0.742578 0.341667 0.0117188 0.0305556
0 0.737891 0.341667 0.00859375 0.0305556
0 0.746484 0.340972 0.0101562 0.0236111
1 0.582422 0.306944 0.00859375 0.0333333
0 0.651172 0.295833 0.00859375 0.0388889
1 0.554297 0.317361 0.00703125 0.0319444
1 0.620313 0.323611 0.0078125 0.0305556
1 0.648828 0.336806 0.00859375 0.0375
1 0.635156 0.297222 0.0078125 0.0333333
0 0.627734 0.366667 0.00859375 0.0388889
1 0.587891 0.425694 0.00859375 0.0458333
0 0.213672 0.33125 0.00859375 0.0375
0 0.114844 0.425694 0.0125 0.0458333
1 0.695312 0.361111 0.009375 0.0388889
0 0.542969 0.405556 0.009375 0.0444444
1 0.253906 0.456944 0.0109375 0.0472222
0 0.195312 0.474306 0.0125 0.0430556
1 0.145313 0.409028 0.0125 0.0430556
1 0.742188 0.417361 0.0078125 0.0430556
0 0.353906 0.348611 0.009375 0.0416667
0 0.251563 0.557639 0.0140625 0.0541667
4 0.824219 0.317361 0.0734375 0.0847222
