0 0.216797 0.400694 0.0226563 0.0402778
1 0.262109 0.38125 0.0101562 0.0375
1 0.209375 0.399306 0.009375 0.0375
0 0.251953 0.341667 0.00859375 0.0388889
1 0.262109 0.3125 0.00859375 0.0361111
0 0.261328 0.413889 0.0132813 0.0444444
0 0.357812 0.348611 0.009375 0.0361111
0 0.223047 0.403472 0.0132813 0.0430556
0 0.292188 0.306944 0.009375 0.0444444
1 0.466406 0.3125 0.009375 0.0388889
1 0.810938 0.481944 0.0125 0.0555556
0 0.626562 0.617361 0.0140625 0.0569444
0 0.508203 0.330556 0.0117188 0.0388889
1 0.473828 0.457639 0.0117188 0.0458333
0 0.144531 0.430556 0.009375 0.05
0 0.603516 0.345139 0.0101562 0.0375
1 0.421484 0.4 0.0101562 0.0388889
1 0.301953 0.468056 0.0132813 0.0388889
1 0.737109 0.630556 0.0210938 0.0666667
1 0.776563 0.388194 0.0109375 0.0513889
0 0.254297 0.634722 0.0179687 0.0611111
4 0.139062 0.293056 0.075 0.0861111
