0 0.496875 0.259028 0.0140625 0.0347222
1 0.505859 0.261111 0.00859375 0.0277778
0 0.392188 0.319444 0.0078125 0.0361111
1 0.630859 0.256944 0.00703125 0.0333333
1 0.403906 0.320833 0.0078125 0.0388889
0 0.599219 0.256944 0.0078125 0.0333333
1 0.539453 0.280556 0.00859375 0.0361111
0 0.51875 0.283333 0.009375 0.0388889
0 0.633984 0.2875 0.00859375 0.0333333
0 0.444531 0.379861 0.009375 0.0458333
0 0.483203 0.313194 0.0101562 0.0402778
1 0.724219 0.347222 0.009375 0.0416667
0 0.461328 0.280556 0.0101562 0.0388889
0 0.302734 0.384722 0.0101562 0.05
1 0.848828 0.323611 0.0101562 0.0444444
1 0.580859 0.315278 0.00859375 0.0388889
1 0.848047 0.429167 0.0101562 0.05
1 0.779297 0.53125 0.0101562 0.0541667
1 0.401953 0.454167 0.0164062 0.0527778
0 0.773438 0.439583 0.0125 0.0541667
4 0.183203 0.320139 0.0945313 0.0930556
