0 0.654688 0.280556 0.009375 0.0361111
1 0.237109 0.238194 0.00703125 0.0291667
0 0.685547 0.318056 0.00859375 0.0333333
1 0.688672 0.296528 0.00703125 0.0375
0 0.648438 0.281944 0.0078125 0.0333333
1 0.655859 0.293056 0.0101562 0.0333333
1 0.690234 0.279861 0.00703125 0.0291667
0 0.673437 0.254861 0.009375 0.0291667
0 0.695703 0.347917 0.0101562 0.0402778
1 0.685938 0.310417 0.0078125 0.0319444
0 0.805859 0.35 0.00859375 0.0388889
1 0.735547 0.331944 0.00859375 0.0361111
0 0.270312 0.31875 0.009375 0.0347222
1 0.582812 0.315972 0.009375 0.0347222
0 0.407031 0.328472 0.009375 0.0375
1 0.622656 0.420139 0.009375 0.0458333
1 0.136719 0.405556 0.0109375 0.0416667
1 0.758984 0.363194 0.0101562 0.0402778
0 0.183594 0.402083 0.009375 0.0430556
1 0.278125 0.463889 0.0109375 0.0444444
0 0.248828 0.450694 0.0117188 0.0486111
0 0.580469 0.404167 0.0109375 0.0472222
1 0.776563 0.434722 0.009375 0.0472222
0 0.289844 0.550694 0.0171875 0.0541667
4 0.91875 0.322222 0.0765625 0.0888889
