1 0.490234 0.244444 0.00859375 0.0388889
0 0.443359 0.257639 0.00859375 0.0402778
0 0.490234 0.253472 0.00859375 0.0319444
1 0.494141 0.232639 0.00859375 0.0319444
0 0.586328 0.242361 0.00859375 0.0375
1 0.457031 0.238889 0.0078125 0.0333333
0 0.440234 0.264583 0.00703125 0.0375
0 0.501953 0.322917 0.0101562 0.0458333
1 0.851172 0.427778 0.0101562 0.0555556
0 0.638281 0.274306 0.009375 0.0402778
1 0.416406 0.327083 0.0078125 0.0375
0 0.514453 0.266667 0.00859375 0.0388889
1 0.577344 0.311111 0.0078125 0.0472222
1 0.832422 0.304861 0.00859375 0.0402778
1 0.749219 0.336111 0.0078125 0.0416667
0 0.367578 0.320139 0.00859375 0.0430556
0 0.322266 0.386111 0.0117188 0.0416667
1 0.619141 0.25 0.00859375 0.0361111
1 0.49375 0.446528 0.009375 0.0513889
1 0.801172 0.522917 0.0132813 0.0625
0 0.471484 0.378472 0.00859375 0.0430556
0 0.780469 0.427778 0.0125 0.0583333
4 0.185156 0.308333 0.090625 0.0944444
