0 0.361328 0.355556 0.0210938 0.05
0 0.258984 0.304861 0.0117188 0.0347222
0 0.351953 0.355556 0.0148437 0.0444444
1 0.266406 0.331944 0.0109375 0.0444444
0 0.265234 0.329167 0.0101562 0.0388889
0 0.269141 0.340972 0.0117188 0.0375
1 0.246484 0.279861 0.00859375 0.0291667
1 0.536719 0.245833 0.0109375 0.0361111
1 0.542969 0.400694 0.0125 0.0458333
0 0.209375 0.323611 0.0109375 0.0388889
0 0.185156 0.408333 0.0125 0.0444444
0 0.115625 0.36875 0.0140625 0.0375
0 0.577734 0.290972 0.00859375 0.0430556
1 0.502344 0.417361 0.0125 0.0569444
1 0.712109 0.347917 0.0117188 0.0513889
1 0.760547 0.411111 0.0164062 0.05
1 0.0761719 0.421528 0.0117188 0.0486111
0 0.655469 0.295833 0.009375 0.0388889
1 0.791016 0.527083 0.0179687 0.0597222
0 0.386719 0.355556 0.015625 0.0444444
4 0.0167969 0.264583 0.0335938 0.0791667
1 0.364844 0.517361 0.0109375 0.0541667
0 0.517969 0.620833 0.0203125 0.0611111
0 0.660937 0.509028 0.015625 0.0569444
