0 0.228906 0.330556 0.0078125 0.0333333
0 0.484375 0.2375 0.0078125 0.0305556
0 0.510156 0.267361 0.0078125 0.0319444
1 0.602734 0.254167 0.00859375 0.0333333
0 0.327344 0.338194 0.0078125 0.0430556
1 0.345703 0.3375 0.00859375 0.0388889
1 0.525781 0.325694 0.0125 0.0375
0 0.399219 0.288889 0.0078125 0.0361111
0 0.275 0.374306 0.009375 0.0430556
0 0.423828 0.377083 0.0117188 0.0430556
0 0.534375 0.248611 0.0109375 0.0305556
1 0.699609 0.338889 0.0101562 0.0388889
0 0.644141 0.275694 0.0101562 0.0375
1 0.833984 0.321528 0.00859375 0.0402778
0 0.435937 0.320833 0.0109375 0.0361111
1 0.854688 0.422917 0.009375 0.0486111
0 0.796484 0.429167 0.0101562 0.0472222
1 0.558203 0.29375 0.0101562 0.0319444
1 0.816797 0.5125 0.0117188 0.0583333
1 0.347656 0.436806 0.0109375 0.0430556
4 0.174219 0.324306 0.0875 0.0902778
