1 0.592578 0.25 0.0101562 0.0388889
1 0.589844 0.24375 0.0078125 0.0319444
0 0.597656 0.258333 0.00625 0.0277778
1 0.407031 0.240278 0.009375 0.0305556
0 0.445312 0.227083 0.0078125 0.0291667
0 0.408203 0.434028 0.0117188 0.0458333
0 0.167969 0.459722 0.0125 0.05
0 0.254297 0.278472 0.00859375 0.0375
1 0.325391 0.308333 0.00859375 0.0388889
1 0.568359 0.723611 0.0148437 0.0694444
1 0.665625 0.298611 0.0078125 0.0333333
1 0.826563 0.436806 0.0109375 0.0458333
1 0.564844 0.334722 0.0125 0.0361111
0 0.362891 0.350694 0.00859375 0.0430556
0 0.290234 0.550694 0.0148437 0.0569444
1 0.276172 0.325694 0.00859375 0.0347222
0 0.669531 0.404861 0.009375 0.0430556
1 0.478516 0.386111 0.00859375 0.0444444
1 0.246094 0.458333 0.015625 0.05
0 0.189844 0.352778 0.0109375 0.0416667
0 0.658594 0.507639 0.0109375 0.0513889
4 0.942969 0.301389 0.078125 0.0944444
