0 0.604297 0.195833 0.00859375 0.0333333
0 0.550781 0.230556 0.009375 0.0416667
0 0.601953 0.204861 0.0101562 0.0319444
0 0.527734 0.240972 0.0101562 0.0402778
1 0.516797 0.249306 0.00859375 0.0375
0 0.596875 0.201389 0.0140625 0.0388889
1 0.538281 0.198611 0.009375 0.0333333
1 0.748828 0.383333 0.0132813 0.0583333
0 0.567578 0.186111 0.00859375 0.0333333
0 0.567578 0.3875 0.0148437 0.0527778
0 0.198047 0.236806 0.00859375 0.0430556
1 0.651953 0.199306 0.0101562 0.0402778
0 0.7 0.302083 0.0109375 0.0597222
1 0.743359 0.288889 0.00859375 0.05
1 0.573047 0.297917 0.0101562 0.0513889
1 0.459375 0.267361 0.009375 0.0458333
0 0.387891 0.181944 0.00859375 0.0361111
1 0.417578 0.194444 0.00859375 0.0361111
0 0.138672 0.369444 0.0117188 0.0583333
1 0.717578 0.225694 0.0101562 0.0430556
0 0.366016 0.311806 0.0132813 0.0541667
0 0.23125 0.586111 0.0171875 0.0694444
1 0.602344 0.510417 0.0203125 0.0680556
