1 0.596875 0.259028 0.009375 0.0319444
0 0.479297 0.24375 0.00703125 0.0291667
0 0.528125 0.251389 0.0078125 0.0305556
0 0.503906 0.269444 0.009375 0.0277778
1 0.521875 0.327778 0.009375 0.0361111
0 0.325 0.339583 0.009375 0.0402778
0 0.427344 0.374306 0.009375 0.0430556
1 0.701172 0.340972 0.00859375 0.0402778
1 0.564062 0.296528 0.0109375 0.0347222
0 0.275781 0.372917 0.009375 0.0458333
0 0.648047 0.275694 0.00859375 0.0375
1 0.832422 0.322917 0.0101562 0.0430556
0 0.425 0.325 0.0109375 0.0361111
1 0.339844 0.338889 0.0078125 0.0416667
0 0.391797 0.292361 0.0101562 0.0402778
0 0.796484 0.433333 0.0132813 0.0472222
1 0.854297 0.425694 0.0117188 0.0486111
1 0.353516 0.436806 0.0101562 0.0458333
1 0.822266 0.510417 0.0148437 0.0569444
4 0.173438 0.329167 0.0875 0.0916667
