0 0.713672 0.402083 0.0164062 0.0375
0 0.736719 0.48125 0.009375 0.0402778
0 0.717578 0.40625 0.0117188 0.0347222
0 0.744141 0.481944 0.0132813 0.05
1 0.707031 0.394444 0.009375 0.0333333
1 0.642187 0.302778 0.0078125 0.0305556
1 0.688281 0.429167 0.009375 0.0388889
1 0.746484 0.488889 0.0117188 0.0416667
0 0.360156 0.548611 0.0125 0.0527778
1 0.66875 0.489583 0.0140625 0.0458333
0 0.696484 0.277083 0.00703125 0.0291667
0 0.568359 0.488889 0.0117188 0.05
1 0.363281 0.403472 0.009375 0.0347222
1 0.608594 0.395139 0.0125 0.0375
0 0.414062 0.4375 0.0125 0.0388889
0 0.337109 0.310417 0.00703125 0.0319444
0 0.880078 0.629167 0.0117188 0.0555556
1 0.789453 0.397917 0.00859375 0.0430556
1 0.747266 0.427083 0.0117188 0.0375
1 0.514844 0.493056 0.0125 0.0472222
0 0.589063 0.580556 0.015625 0.0472222
0 0.226172 0.404861 0.0117188 0.0402778
4 0.873828 0.325 0.0679687 0.0888889
