0 0.229297 0.371528 0.00859375 0.0402778
0 0.414844 0.486806 0.0125 0.0513889
1 0.233594 0.363194 0.009375 0.0319444
1 0.613672 0.226389 0.00703125 0.0305556
1 0.230859 0.367361 0.0101562 0.0347222
1 0.726562 0.311806 0.009375 0.0402778
1 0.397656 0.223611 0.0078125 0.0333333
0 0.421094 0.345139 0.0109375 0.0430556
0 0.691797 0.321528 0.00859375 0.0430556
1 0.241406 0.397917 0.0109375 0.0458333
1 0.428125 0.430556 0.0140625 0.05
0 0.535937 0.54375 0.0109375 0.0541667
0 0.446484 0.242361 0.00703125 0.0375
0 0.711328 0.434722 0.0132813 0.05
0 0.270312 0.297917 0.0078125 0.0375
1 0.301172 0.329861 0.0101562 0.0430556
0 0.202734 0.365972 0.0101562 0.0458333
0 0.370313 0.435417 0.0125 0.0541667
4 0.986719 0.311806 0.0265625 0.0930556
0 0.158984 0.445833 0.0132813 0.0527778
0 0.200781 0.56875 0.015625 0.0597222
1 0.640625 0.354167 0.009375 0.0388889
1 0.356641 0.75625 0.0195312 0.0680556
1 0.921484 0.529167 0.0132813 0.0583333
