1 0.386719 0.484028 0.0125 0.0541667
0 0.388281 0.484722 0.0125 0.0555556
0 0.709766 0.30625 0.0164062 0.0430556
1 0.715234 0.305556 0.0101562 0.0388889
1 0.673828 0.209028 0.00859375 0.0291667
1 0.214062 0.364583 0.009375 0.0430556
0 0.395703 0.326389 0.00859375 0.0416667
0 0.5125 0.229167 0.0078125 0.0361111
1 0.402344 0.202083 0.009375 0.0347222
1 0.202344 0.388194 0.009375 0.0402778
0 0.710547 0.409028 0.0132813 0.0486111
1 0.9 0.543056 0.0140625 0.0611111
0 0.185547 0.357639 0.0101562 0.0458333
0 0.147656 0.420833 0.0140625 0.05
1 0.544141 0.344444 0.0117188 0.0416667
1 0.308594 0.302778 0.009375 0.0416667
0 0.470313 0.530556 0.015625 0.0555556
0 0.182031 0.532639 0.0140625 0.0597222
0 0.342969 0.40625 0.0140625 0.0569444
0 0.258984 0.283333 0.00859375 0.0388889
1 0.298438 0.7 0.01875 0.0694444
1 0.405469 0.4125 0.015625 0.0527778
