0 0.529297 0.427083 0.0132813 0.0486111
1 0.529297 0.429861 0.0132813 0.0402778
0 0.262891 0.365278 0.0117188 0.0472222
0 0.563672 0.279861 0.0132813 0.0375
1 0.657031 0.636111 0.0203125 0.0638889
0 0.455469 0.507639 0.015625 0.0569444
1 0.105859 0.356944 0.0101562 0.0444444
1 0.631641 0.323611 0.0132813 0.0416667
1 0.680859 0.489583 0.0164062 0.0513889
0 0.715234 0.275694 0.00859375 0.0375
0 0.402734 0.3625 0.0117188 0.0416667
0 0.240625 0.440278 0.015625 0.0527778
0 0.225781 0.610417 0.021875 0.0652778
0 0.858594 0.639583 0.015625 0.0625
0 0.294531 0.288194 0.0109375 0.0430556
1 0.793359 0.349306 0.0101562 0.0430556
1 0.158203 0.529861 0.0132813 0.0541667
0 0.667969 0.528472 0.0203125 0.0513889
1 0.808594 0.546528 0.01875 0.0597222
1 0.44375 0.400694 0.0125 0.0513889
1 0.698828 0.691667 0.0242187 0.0666667
