0 0.293359 0.194444 0.00859375 0.0305556
0 0.777734 0.276389 0.00859375 0.0333333
0 0.308594 0.193056 0.0109375 0.0305556
1 0.777344 0.276389 0.009375 0.0361111
0 0.778125 0.299306 0.0109375 0.0375
1 0.683594 0.23125 0.0078125 0.0402778
0 0.697656 0.242361 0.009375 0.0375
1 0.553906 0.215972 0.0078125 0.0347222
1 0.297266 0.256944 0.00859375 0.0388889
0 0.633594 0.220139 0.009375 0.0347222
1 0.309766 0.305556 0.0101562 0.0444444
1 0.533594 0.368056 0.0109375 0.0527778
1 0.675 0.286111 0.0125 0.0472222
0 0.523828 0.413889 0.0101562 0.0527778
0 0.3375 0.295833 0.0140625 0.0472222
0 0.126953 0.361111 0.0101562 0.05
0 0.372266 0.215278 0.0101562 0.0361111
1 0.733203 0.402083 0.0101562 0.0541667
0 0.219141 0.267361 0.0101562 0.0458333
0 0.14375 0.481944 0.0140625 0.0611111
1 0.420703 0.225694 0.00859375 0.0375
1 0.584375 0.547222 0.0140625 0.0638889
