0 0.721094 0.34375 0.009375 0.0375
0 0.626172 0.291667 0.0117188 0.0361111
1 0.624219 0.295139 0.009375 0.0347222
0 0.629687 0.284722 0.009375 0.0277778
1 0.621484 0.300694 0.00859375 0.0291667
0 0.7375 0.339583 0.0078125 0.0263889
1 0.568359 0.30625 0.00859375 0.0347222
1 0.607422 0.327778 0.00859375 0.0277778
1 0.544141 0.315278 0.0101562 0.0361111
0 0.645312 0.297917 0.009375 0.0291667
0 0.618359 0.370139 0.00859375 0.0402778
1 0.688672 0.3625 0.00859375 0.0361111
1 0.638672 0.339583 0.0101562 0.0375
0 0.205859 0.335417 0.00859375 0.0402778
1 0.577344 0.429861 0.0109375 0.0458333
1 0.148438 0.411806 0.0140625 0.0430556
0 0.184375 0.476389 0.0125 0.0472222
0 0.529297 0.405556 0.0117188 0.0444444
0 0.104687 0.426389 0.0109375 0.0472222
1 0.733203 0.418056 0.00859375 0.0416667
0 0.345703 0.352083 0.0101562 0.0375
0 0.245312 0.558333 0.015625 0.0555556
1 0.252344 0.450694 0.009375 0.0458333
4 0.816016 0.313194 0.0726563 0.0847222
