0 0.208594 0.341667 0.0078125 0.0277778
0 0.248437 0.345139 0.0109375 0.0486111
0 0.319922 0.430556 0.0132813 0.0472222
0 0.625781 0.363889 0.0171875 0.0416667
1 0.298438 0.411806 0.0125 0.0486111
0 0.301562 0.301389 0.0078125 0.0305556
0 0.380078 0.35 0.0101562 0.0361111
0 0.135547 0.483333 0.0132813 0.0527778
1 0.232031 0.323611 0.009375 0.0416667
0 0.531641 0.327778 0.0148437 0.0416667
1 0.19375 0.422917 0.0109375 0.0430556
0 0.566016 0.749306 0.0195312 0.0652778
1 0.709375 0.7125 0.01875 0.0638889
1 0.488281 0.334722 0.0140625 0.0444444
0 0.220703 0.423611 0.0101562 0.0472222
1 0.469531 0.554861 0.0140625 0.0625
0 0.285156 0.725 0.025 0.0611111
1 0.792578 0.50625 0.0148437 0.0541667
1 0.466797 0.420833 0.0148437 0.0472222
1 0.316797 0.540278 0.0132813 0.05
1 0.758203 0.395833 0.0132813 0.0527778
4 0.084375 0.286111 0.0796875 0.0888889
