0 0.7 0.268056 0.009375 0.0416667
1 0.711328 0.249306 0.00703125 0.0402778
0 0.726562 0.306944 0.0125 0.05
1 0.724219 0.320139 0.0109375 0.0375
1 0.476172 0.254167 0.00859375 0.0416667
0 0.409375 0.20625 0.009375 0.0347222
0 0.728125 0.291667 0.0109375 0.0444444
0 0.591406 0.200694 0.009375 0.0402778
1 0.494141 0.313889 0.0101562 0.05
1 0.572656 0.209722 0.009375 0.0388889
1 0.409766 0.238194 0.00859375 0.0375
0 0.457422 0.261806 0.0117188 0.0430556
0 0.339063 0.259028 0.0125 0.0486111
1 0.671094 0.288889 0.009375 0.0444444
0 0.0300781 0.427083 0.0132813 0.0541667
0 0.589063 0.246528 0.009375 0.0430556
0 0.436719 0.330556 0.0125 0.0555556
1 0.545703 0.514583 0.0132813 0.0652778
1 0.738281 0.418056 0.015625 0.0611111
1 0.233984 0.3875 0.0164062 0.0527778
0 0.591016 0.449306 0.0132813 0.0569444
0 0.0945313 0.572917 0.0234375 0.0680556
