0 0.398828 0.235417 0.00859375 0.0291667
0 0.928906 0.425 0.0171875 0.05
1 0.428516 0.797917 0.0179687 0.0680556
1 0.583594 0.238889 0.0078125 0.0305556
1 0.444141 0.416667 0.00859375 0.0472222
0 0.419531 0.236806 0.0078125 0.0319444
0 0.644922 0.29375 0.00859375 0.0347222
1 0.396094 0.236111 0.00625 0.0305556
1 0.208594 0.446528 0.0109375 0.0486111
1 0.707031 0.309028 0.009375 0.0375
0 0.409375 0.353472 0.0078125 0.0402778
1 0.939062 0.510417 0.0140625 0.0513889
1 0.307422 0.322917 0.00859375 0.0402778
0 0.169141 0.4625 0.0132813 0.05
0 0.617969 0.54375 0.0109375 0.0541667
1 0.253125 0.348611 0.0078125 0.0361111
0 0.268359 0.29375 0.00859375 0.0375
0 0.720703 0.446528 0.0101562 0.0513889
0 0.179688 0.361806 0.0109375 0.0458333
0 0.241406 0.578472 0.015625 0.0597222
0 0.384766 0.445139 0.0101562 0.0486111
1 0.650391 0.349306 0.0117188 0.0375
4 0.964453 0.307639 0.0710938 0.0930556
