0 0.383203 0.357639 0.0132813 0.0458333
0 0.391406 0.358333 0.021875 0.0472222
1 0.257812 0.288889 0.0109375 0.0361111
1 0.291406 0.338194 0.0109375 0.0402778
0 0.147266 0.365972 0.0117188 0.0347222
0 0.278906 0.29375 0.0109375 0.0402778
1 0.700391 0.345833 0.0117188 0.0527778
0 0.216797 0.326389 0.0117188 0.0416667
0 0.221094 0.433333 0.0125 0.05
1 0.767969 0.415278 0.0171875 0.0527778
0 0.596484 0.289583 0.0132813 0.0430556
1 0.557031 0.411111 0.0140625 0.05
0 0.664844 0.291667 0.009375 0.0388889
1 0.491406 0.427083 0.0140625 0.0486111
1 0.561328 0.240972 0.0148437 0.0375
0 0.655469 0.501389 0.0125 0.0583333
0 0.402734 0.361111 0.0101562 0.0444444
1 0.403516 0.538194 0.0132813 0.0513889
0 0.564453 0.641667 0.0210938 0.0583333
1 0.785547 0.520139 0.0179687 0.0597222
1 0.0890625 0.436806 0.0140625 0.0458333
