1 0.730469 0.272222 0.0109375 0.0388889
0 0.739844 0.254861 0.0078125 0.0291667
0 0.551562 0.240972 0.0109375 0.0375
1 0.587891 0.277083 0.0148437 0.0347222
1 0.726953 0.266667 0.00859375 0.0388889
1 0.745703 0.288194 0.00859375 0.0430556
0 0.263281 0.251389 0.0109375 0.0388889
1 0.641797 0.2375 0.0132813 0.0388889
0 0.602734 0.255556 0.00859375 0.0388889
0 0.641016 0.286111 0.0148437 0.0416667
0 0.167969 0.311806 0.0109375 0.0486111
1 0.279297 0.282639 0.00859375 0.0402778
0 0.440234 0.321528 0.0117188 0.0458333
0 0.679297 0.340972 0.0148437 0.0430556
0 0.194922 0.465972 0.0132813 0.0541667
1 0.74375 0.347917 0.0140625 0.0458333
0 0.16875 0.391667 0.015625 0.0472222
1 0.516797 0.319444 0.0148437 0.0444444
0 0.420703 0.273611 0.0132813 0.0388889
1 0.471484 0.269444 0.0101562 0.0416667
1 0.664062 0.445833 0.01875 0.0527778
1 0.253906 0.377778 0.009375 0.05
