0 0.643359 0.236111 0.00859375 0.0277778
1 0.630078 0.306944 0.0117188 0.0361111
0 0.728125 0.284028 0.00625 0.0263889
0 0.738281 0.25625 0.00625 0.0291667
1 0.65 0.284722 0.0078125 0.0305556
1 0.462891 0.319444 0.00859375 0.0333333
0 0.189453 0.439583 0.0117188 0.0486111
0 0.88125 0.422222 0.009375 0.0305556
1 0.547656 0.261806 0.0078125 0.0291667
0 0.686719 0.368056 0.009375 0.0333333
1 0.710156 0.336806 0.0078125 0.0375
0 0.630078 0.307639 0.00703125 0.0319444
1 0.273047 0.422222 0.0101562 0.0388889
1 0.891016 0.460417 0.0179687 0.0347222
0 0.3375 0.329167 0.0078125 0.0333333
1 0.216406 0.3375 0.009375 0.0333333
0 0.201562 0.302083 0.0078125 0.0347222
0 0.549219 0.417361 0.0109375 0.0430556
1 0.612109 0.338889 0.0117188 0.0361111
0 0.101953 0.373611 0.0101562 0.0472222
1 0.594922 0.415972 0.0101562 0.0402778
0 0.448047 0.518056 0.0164062 0.0472222
4 0.833203 0.3125 0.0773437 0.0888889
