0 0.209375 0.201389 0.0109375 0.0361111
1 0.659375 0.221528 0.009375 0.0375
0 0.211328 0.219444 0.00859375 0.0361111
1 0.479688 0.215278 0.0078125 0.0305556
0 0.591797 0.21875 0.00859375 0.0347222
0 0.782031 0.288889 0.0078125 0.0444444
1 0.316797 0.311111 0.0101562 0.0416667
0 0.520312 0.445139 0.0140625 0.0597222
1 0.673047 0.293056 0.00859375 0.0388889
1 0.384375 0.228472 0.0078125 0.0375
1 0.486328 0.4 0.0117188 0.0555556
1 0.791797 0.253472 0.0101562 0.0375
0 0.333203 0.311111 0.0117188 0.0472222
0 0.724219 0.239583 0.0078125 0.0347222
0 0.161328 0.477083 0.0164062 0.0569444
0 0.420703 0.238194 0.0101562 0.0402778
0 0.171484 0.297222 0.0164062 0.0472222
0 0.156641 0.36875 0.0132813 0.0486111
1 0.232812 0.286111 0.009375 0.0361111
1 0.514063 0.629167 0.0125 0.0722222
1 0.773047 0.438889 0.0210938 0.0583333
