0 0.557813 0.250694 0.009375 0.0319444
0 0.560156 0.247917 0.00625 0.0263889
0 0.58125 0.290972 0.009375 0.0402778
0 0.583594 0.284028 0.0078125 0.0291667
0 0.209375 0.304167 0.00625 0.0277778
1 0.555859 0.270833 0.0101562 0.0333333
1 0.580469 0.314583 0.0078125 0.0319444
0 0.779297 0.281944 0.00703125 0.0305556
1 0.64375 0.281944 0.0078125 0.0305556
0 0.619141 0.334028 0.00859375 0.0319444
1 0.796875 0.340278 0.0109375 0.0333333
0 0.113281 0.365972 0.0109375 0.0430556
1 0.692187 0.325 0.0078125 0.0361111
1 0.216406 0.335417 0.0078125 0.0347222
1 0.702344 0.420139 0.009375 0.0402778
0 0.720312 0.363889 0.0109375 0.0361111
1 0.441016 0.304861 0.00859375 0.0347222
1 0.514844 0.365972 0.009375 0.0375
0 0.280078 0.494444 0.0117188 0.0472222
0 0.15 0.425 0.009375 0.0472222
0 0.341797 0.315278 0.0101562 0.0361111
0 0.472656 0.360417 0.0125 0.0375
1 0.233984 0.404861 0.00859375 0.0402778
4 0.879297 0.333333 0.0820312 0.0888889
