0 0.245312 0.208333 0.0078125 0.025
1 0.942187 0.427778 0.0171875 0.0527778
1 0.401563 0.236111 0.0078125 0.0361111
1 0.589844 0.239583 0.00625 0.0291667
0 0.429297 0.229861 0.00859375 0.0347222
1 0.615625 0.345833 0.0125 0.0388889
0 0.626953 0.273611 0.00859375 0.0333333
1 0.6875 0.305556 0.009375 0.0388889
1 0.263281 0.338889 0.0109375 0.0388889
1 0.472266 0.7875 0.0210938 0.0722222
0 0.173047 0.455556 0.0101562 0.0555556
0 0.403906 0.35 0.009375 0.0444444
0 0.395312 0.441667 0.0109375 0.0472222
0 0.260938 0.286806 0.0078125 0.0375
0 0.182812 0.358333 0.0109375 0.0444444
0 0.705078 0.430556 0.0101562 0.0472222
0 0.635547 0.528472 0.0101562 0.0541667
1 0.90625 0.489583 0.01875 0.0541667
1 0.452734 0.405556 0.00859375 0.0444444
0 0.257422 0.564583 0.0148437 0.0597222
1 0.316016 0.315972 0.00859375 0.0375
1 0.207813 0.456944 0.0109375 0.0527778
4 0.958594 0.304167 0.0765625 0.0916667
