1 0.671484 0.713889 0.0117188 0.105556
0 0.514453 0.4375 0.0132813 0.0416667
1 0.668359 0.684722 0.0164062 0.0777778
1 0.66875 0.726389 0.021875 0.075
1 0.614453 0.327778 0.0132813 0.0416667
0 0.390234 0.365972 0.0117188 0.0430556
1 0.648438 0.5 0.021875 0.0527778
0 0.708594 0.282639 0.0125 0.0347222
0 0.203906 0.6125 0.0140625 0.0583333
1 0.789453 0.371528 0.0101562 0.0402778
0 0.254297 0.3625 0.0148437 0.0472222
0 0.553125 0.282639 0.0125 0.0402778
1 0.801172 0.575694 0.0148437 0.0652778
0 0.285547 0.286111 0.0117188 0.0416667
0 0.832031 0.6875 0.015625 0.0666667
0 0.43125 0.508333 0.0203125 0.0555556
1 0.103906 0.354861 0.0109375 0.0458333
1 0.140234 0.528472 0.0164062 0.0597222
1 0.422266 0.404861 0.0164062 0.0541667
1 0.619531 0.646528 0.021875 0.0597222
0 0.223047 0.442361 0.0195312 0.0486111
0 0.637891 0.55 0.0195312 0.05
