0 0.519922 0.313889 0.0101562 0.0388889
1 0.391406 0.379167 0.009375 0.0416667
1 0.583984 0.370139 0.00859375 0.0319444
0 0.597266 0.370139 0.00859375 0.0375
0 0.341797 0.313889 0.00859375 0.0361111
1 0.352344 0.2875 0.009375 0.0416667
1 0.459375 0.243056 0.0078125 0.0361111
1 0.567578 0.311111 0.0101562 0.0388889
0 0.238281 0.263194 0.0078125 0.0347222
1 0.65 0.309028 0.0078125 0.0402778
0 0.537109 0.238194 0.00703125 0.0319444
0 0.482812 0.215278 0.0078125 0.0361111
1 0.60625 0.26875 0.0078125 0.0375
0 0.6875 0.402083 0.0125 0.0402778
1 0.734766 0.470833 0.0117188 0.0472222
0 0.502734 0.390278 0.0101562 0.0472222
1 0.749219 0.361111 0.009375 0.0416667
0 0.190625 0.434028 0.0140625 0.0541667
0 0.157422 0.339583 0.0101562 0.0430556
0 0.362891 0.554861 0.0148437 0.0597222
4 0.9625 0.314583 0.0734375 0.0986111
