0 0.15625 0.395139 0.0140625 0.0569444
0 0.303125 0.391667 0.01875 0.0611111
0 0.956641 0.361111 0.0148437 0.0444444
1 0.304688 0.392361 0.015625 0.0597222
1 0.379297 0.445833 0.0117188 0.0527778
1 0.299609 0.406944 0.0132813 0.0472222
1 0.159375 0.384722 0.0125 0.0444444
0 0.153906 0.409722 0.0109375 0.0388889
1 0.20625 0.354861 0.009375 0.0430556
1 0.687891 0.313889 0.0132813 0.05
0 0.398047 0.514583 0.0117188 0.0569444
0 0.306641 0.377778 0.0164062 0.0527778
1 0.388672 0.204167 0.00859375 0.0333333
1 0.305859 0.284028 0.00859375 0.0402778
0 0.175 0.349306 0.0125 0.0402778
0 0.505469 0.229167 0.0109375 0.0361111
0 0.252344 0.279167 0.009375 0.0416667
1 0.491406 0.329167 0.009375 0.0444444
1 0.240234 0.651389 0.0195312 0.0694444
1 0.608984 0.221528 0.0117188 0.0347222
0 0.364844 0.29375 0.009375 0.0375
0 0.149219 0.486806 0.0140625 0.0569444
1 0.857813 0.563194 0.0171875 0.0625
0 0.736328 0.403472 0.0164062 0.0458333
