1 0.566406 0.242361 0.009375 0.0347222
0 0.722656 0.215972 0.009375 0.0319444
0 0.726953 0.227778 0.0148437 0.05
1 0.583594 0.240972 0.009375 0.0402778
1 0.728125 0.233333 0.0140625 0.0444444
0 0.359766 0.208333 0.00703125 0.0361111
0 0.528516 0.243056 0.0117188 0.0416667
0 0.422656 0.347222 0.0125 0.05
1 0.644922 0.245139 0.0117188 0.0402778
1 0.670313 0.211806 0.009375 0.0347222
0 0.714844 0.2875 0.0140625 0.0388889
0 0.244922 0.277778 0.0132813 0.0472222
1 0.764453 0.290278 0.0132813 0.0416667
1 0.490234 0.294444 0.00859375 0.0444444
1 0.620703 0.315972 0.0148437 0.0486111
0 0.719922 0.390972 0.0117188 0.0541667
0 0.624609 0.203472 0.0101562 0.0375
0 0.191797 0.395833 0.0148437 0.0555556
1 0.435547 0.235417 0.0148437 0.0430556
1 0.746875 0.470139 0.0171875 0.0541667
0 0.354688 0.597917 0.01875 0.0708333
1 0.808984 0.373611 0.0179687 0.0527778
