1 0.210938 0.25 0.00625 0.025
1 0.672656 0.285417 0.00625 0.0319444
0 0.646875 0.291667 0.0078125 0.0333333
0 0.791406 0.345833 0.0109375 0.025
1 0.664062 0.314583 0.0078125 0.0291667
0 0.673047 0.269444 0.00703125 0.0305556
0 0.664453 0.354167 0.00859375 0.0416667
1 0.628516 0.296528 0.00859375 0.0319444
1 0.578516 0.31875 0.00859375 0.0319444
1 0.717969 0.35625 0.009375 0.0430556
0 0.248437 0.322917 0.0078125 0.0347222
1 0.266797 0.461111 0.0117188 0.0444444
0 0.158984 0.409722 0.0101562 0.0527778
1 0.698047 0.330556 0.00703125 0.0388889
1 0.134375 0.406944 0.009375 0.0361111
1 0.607031 0.411111 0.009375 0.0416667
0 0.391406 0.336111 0.009375 0.0388889
0 0.567578 0.398611 0.0101562 0.0416667
0 0.233594 0.460417 0.0125 0.0486111
0 0.280469 0.548611 0.0125 0.0555556
1 0.755078 0.416667 0.0117188 0.0416667
4 0.872266 0.320139 0.0773437 0.0847222
