0 0.712891 0.254861 0.00859375 0.0402778
1 0.410937 0.213889 0.009375 0.05
0 0.726562 0.304861 0.0109375 0.0458333
1 0.723437 0.319444 0.0078125 0.0388889
1 0.713281 0.250694 0.0078125 0.0430556
0 0.728125 0.290278 0.0109375 0.0444444
1 0.578516 0.207639 0.0101562 0.0430556
0 0.595312 0.195833 0.0078125 0.0361111
0 0.410156 0.205556 0.0078125 0.0361111
1 0.674609 0.285417 0.0101562 0.0458333
1 0.237891 0.384722 0.00859375 0.0527778
1 0.478125 0.254167 0.009375 0.0444444
0 0.463672 0.2625 0.0101562 0.0416667
0 0.341406 0.254167 0.0109375 0.0444444
0 0.590625 0.245139 0.0109375 0.0402778
0 0.437891 0.329167 0.0132813 0.0583333
0 0.03125 0.426389 0.0109375 0.05
1 0.494531 0.311806 0.0125 0.0513889
1 0.413281 0.2375 0.009375 0.0388889
0 0.0988281 0.573611 0.0148437 0.0666667
1 0.739062 0.415972 0.0125 0.0597222
1 0.554297 0.514583 0.0179687 0.0625
0 0.594531 0.445833 0.0171875 0.0555556
