1 0.662109 0.201389 0.00859375 0.0444444
0 0.660547 0.205556 0.00703125 0.0333333
1 0.664062 0.188889 0.0078125 0.0388889
0 0.735937 0.239583 0.009375 0.0430556
1 0.735937 0.236806 0.009375 0.0347222
0 0.689453 0.228472 0.0101562 0.0402778
1 0.684375 0.261806 0.009375 0.0375
0 0.735156 0.260417 0.0125 0.0430556
0 0.38125 0.186806 0.009375 0.0375
1 0.757812 0.302083 0.0109375 0.0541667
1 0.566406 0.238194 0.0125 0.0458333
1 0.331641 0.357639 0.0117188 0.0569444
1 0.691016 0.495833 0.0164062 0.0638889
0 0.500391 0.286111 0.0101562 0.0583333
1 0.785547 0.368056 0.0117188 0.0583333
1 0.605078 0.297917 0.0101562 0.0569444
0 0.704687 0.355556 0.0125 0.0583333
0 0.213281 0.370833 0.0140625 0.0555556
0 0.540234 0.249306 0.0117188 0.0458333
1 0.425391 0.21875 0.0101562 0.0430556
0 0.345703 0.248611 0.0117188 0.0472222
0 0.24375 0.493056 0.0140625 0.0694444
