0 0.263672 0.182639 0.00703125 0.0263889
0 0.382422 0.414583 0.0132813 0.0513889
0 0.926562 0.328472 0.009375 0.0375
1 0.510156 0.209028 0.0078125 0.0319444
1 0.726172 0.227778 0.00859375 0.0333333
0 0.378125 0.405556 0.0125 0.05
1 0.239453 0.482639 0.0132813 0.0569444
1 0.751953 0.314583 0.0101562 0.0458333
0 0.331641 0.25625 0.00859375 0.0402778
0 0.18125 0.371528 0.0125 0.0486111
0 0.515234 0.245833 0.00859375 0.0416667
0 0.724609 0.377083 0.0117188 0.0513889
1 0.479688 0.272222 0.009375 0.0388889
1 0.391016 0.434028 0.0148437 0.0486111
0 0.39375 0.3 0.009375 0.0388889
1 0.658203 0.672222 0.0148437 0.0583333
1 0.9125 0.470139 0.0140625 0.0541667
0 0.694141 0.295833 0.0101562 0.0388889
1 0.603906 0.356944 0.009375 0.0444444
1 0.220703 0.395833 0.0117188 0.0444444
0 0.591797 0.516667 0.0117188 0.0611111
0 0.161719 0.44375 0.0140625 0.0569444
0 0.214844 0.521528 0.0171875 0.0597222
