0 0.684375 0.347222 0.009375 0.0305556
0 0.996875 0.584722 0.0046875 0.0333333
1 0.511328 0.322917 0.0101562 0.0375
0 0.689062 0.350694 0.0109375 0.0375
1 0.573828 0.302083 0.00859375 0.0319444
0 0.607031 0.311806 0.0078125 0.0375
1 0.609375 0.341667 0.009375 0.0333333
0 0.574219 0.386111 0.009375 0.0388889
0 0.543359 0.295833 0.00859375 0.0361111
1 0.558594 0.338194 0.0078125 0.0347222
0 0.157031 0.476389 0.0109375 0.0472222
0 0.196875 0.339583 0.009375 0.0347222
1 0.247656 0.430556 0.0109375 0.0444444
1 0.514844 0.442361 0.0140625 0.0430556
0 0.0945313 0.428472 0.0109375 0.0458333
1 0.670313 0.382639 0.009375 0.0375
1 0.704687 0.453472 0.009375 0.0458333
0 0.471484 0.416667 0.0148437 0.0416667
0 0.221094 0.569444 0.0125 0.0583333
0 0.323828 0.360417 0.0101562 0.0347222
1 0.182422 0.427083 0.0117188 0.0458333
4 0.791406 0.315278 0.071875 0.0777778
