1 0.0984375 0.393056 0.009375 0.0277778
0 0.294531 0.365278 0.0109375 0.0416667
0 0.226172 0.318056 0.00859375 0.0388889
1 0.223438 0.309722 0.0140625 0.0388889
0 0.227734 0.304167 0.0101562 0.0472222
0 0.0945313 0.386111 0.015625 0.0361111
1 0.213672 0.279167 0.00703125 0.0305556
0 0.0902344 0.38125 0.0148437 0.0402778
1 0.5125 0.383333 0.0109375 0.0472222
0 0.216406 0.341667 0.0109375 0.0333333
0 0.182031 0.315278 0.0109375 0.0416667
1 0.514453 0.423611 0.00859375 0.05
1 0.503516 0.247917 0.0117188 0.0375
1 0.801172 0.540278 0.0132813 0.0611111
0 0.140625 0.377083 0.009375 0.0402778
0 0.676953 0.531944 0.0132813 0.0666667
0 0.357422 0.347917 0.00859375 0.0430556
0 0.551953 0.29375 0.0132813 0.0402778
0 0.455859 0.59375 0.0132813 0.0597222
0 0.644922 0.306944 0.0117188 0.0444444
1 0.761328 0.418056 0.0148437 0.0527778
1 0.327344 0.483333 0.0140625 0.0527778
1 0.733594 0.355556 0.009375 0.0472222
4 0.046875 0.274306 0.084375 0.0875
