1 0.805469 0.320139 0.0125 0.0486111
0 0.6 0.363889 0.009375 0.05
0 0.481641 0.248611 0.0117188 0.0361111
1 0.510156 0.238194 0.0078125 0.0375
0 0.255078 0.28125 0.00859375 0.0402778
0 0.639063 0.278472 0.0078125 0.0375
1 0.251172 0.416667 0.0117188 0.0527778
0 0.144141 0.443056 0.0132813 0.0527778
1 0.673828 0.30625 0.0101562 0.0458333
1 0.454688 0.427083 0.0140625 0.0513889
0 0.686328 0.478472 0.0148437 0.0541667
1 0.607813 0.238194 0.0078125 0.0347222
1 0.561328 0.327778 0.0117188 0.0416667
0 0.141797 0.369444 0.0101562 0.0527778
0 0.344922 0.314583 0.00859375 0.0375
1 0.490234 0.283333 0.00859375 0.0388889
1 0.717188 0.534028 0.0125 0.0597222
1 0.817969 0.394444 0.0125 0.0527778
0 0.407422 0.393056 0.0132813 0.0444444
1 0.225 0.371528 0.0109375 0.0486111
0 0.191016 0.532639 0.0148437 0.0569444
4 0.938281 0.2875 0.0828125 0.0972222
