0 0.389453 0.484722 0.0132813 0.0555556
1 0.716016 0.304861 0.00859375 0.0402778
0 0.704687 0.309028 0.009375 0.0402778
1 0.214062 0.364583 0.009375 0.0347222
1 0.208594 0.388889 0.0125 0.0444444
1 0.672266 0.211111 0.00859375 0.0333333
0 0.509375 0.230556 0.0078125 0.0361111
1 0.402734 0.204861 0.00703125 0.0319444
0 0.344922 0.413194 0.0132813 0.0513889
0 0.189453 0.358333 0.0117188 0.05
0 0.4 0.333333 0.0078125 0.0444444
1 0.552344 0.345139 0.009375 0.0458333
0 0.148438 0.423611 0.0140625 0.0583333
1 0.411328 0.418056 0.0148437 0.05
0 0.709766 0.409722 0.0101562 0.05
0 0.260938 0.2875 0.0109375 0.0388889
0 0.476953 0.53125 0.0117188 0.0597222
1 0.308984 0.306944 0.0101562 0.0388889
1 0.303906 0.705556 0.015625 0.0694444
0 0.185937 0.536806 0.015625 0.0597222
1 0.9 0.538889 0.015625 0.0611111
