0 0.890625 0.306944 0.009375 0.0305556
4 0.989453 0.273611 0.0195312 0.0777778
1 0.451562 0.413194 0.0078125 0.0458333
1 0.539453 0.213889 0.0101562 0.0333333
0 0.520703 0.234028 0.00859375 0.0347222
0 0.699609 0.360417 0.0117188 0.0458333
1 0.660156 0.225694 0.0078125 0.0375
1 0.599609 0.335417 0.0101562 0.0458333
0 0.175 0.431944 0.0140625 0.05
1 0.512109 0.271528 0.0101562 0.0347222
0 0.197656 0.345139 0.0109375 0.0486111
0 0.314453 0.25625 0.00859375 0.0375
0 0.41875 0.389583 0.0109375 0.0513889
0 0.702344 0.282639 0.0078125 0.0402778
1 0.728125 0.580556 0.0171875 0.0666667
1 0.921484 0.426389 0.0132813 0.0527778
1 0.764844 0.297222 0.009375 0.0416667
0 0.379687 0.303472 0.009375 0.0402778
0 0.671875 0.503472 0.009375 0.0569444
0 0.233984 0.514583 0.0132813 0.0652778
1 0.245312 0.361111 0.0109375 0.0444444
1 0.278125 0.436111 0.0140625 0.0527778
