0 0.444922 0.425694 0.0117188 0.0513889
0 0.375391 0.372222 0.00703125 0.0472222
0 0.377734 0.370833 0.00859375 0.0527778
1 0.219141 0.465278 0.0117188 0.0527778
1 0.755859 0.314583 0.0101562 0.0430556
0 0.518359 0.239583 0.00859375 0.0430556
1 0.60625 0.336111 0.009375 0.0472222
1 0.468359 0.276389 0.00859375 0.0416667
1 0.373828 0.425694 0.0117188 0.0513889
1 0.210547 0.39375 0.0101562 0.0513889
1 0.713281 0.228472 0.009375 0.0347222
1 0.499219 0.20625 0.0078125 0.0319444
0 0.193359 0.359028 0.0101562 0.0513889
0 0.430859 0.282639 0.00859375 0.0430556
0 0.524219 0.484028 0.015625 0.0541667
0 0.642187 0.277083 0.009375 0.0402778
1 0.885156 0.476389 0.0109375 0.0555556
0 0.332031 0.252778 0.009375 0.0361111
0 0.188672 0.494444 0.0117188 0.0555556
0 0.700781 0.348611 0.009375 0.05
1 0.527344 0.692361 0.01875 0.0708333
0 0.15625 0.429861 0.0140625 0.0541667
