0 0.665625 0.313889 0.0078125 0.0305556
0 0.647266 0.290972 0.00859375 0.0319444
1 0.214062 0.247222 0.0078125 0.0305556
1 0.666016 0.314583 0.00859375 0.0319444
1 0.675 0.285417 0.00625 0.0319444
0 0.673828 0.26875 0.00703125 0.0347222
0 0.79375 0.347222 0.0078125 0.025
1 0.630469 0.296528 0.0078125 0.0347222
0 0.250391 0.325 0.00859375 0.0333333
0 0.666797 0.352778 0.00859375 0.0416667
0 0.160938 0.408333 0.0109375 0.0472222
1 0.578516 0.318056 0.00859375 0.0333333
1 0.701563 0.334722 0.009375 0.0472222
0 0.235938 0.461111 0.0109375 0.0472222
1 0.267188 0.4625 0.0125 0.0472222
0 0.56875 0.4 0.009375 0.0444444
1 0.134375 0.406944 0.0109375 0.0388889
1 0.75625 0.420139 0.0125 0.0402778
1 0.608984 0.4125 0.00859375 0.0444444
0 0.392578 0.334722 0.00859375 0.0388889
1 0.720703 0.35625 0.00859375 0.0430556
0 0.280078 0.548611 0.0117188 0.0555556
4 0.875781 0.319444 0.078125 0.0861111
