0 0.650391 0.188889 0.0101562 0.0416667
0 0.675391 0.227778 0.0101562 0.0444444
0 0.351172 0.171528 0.0101562 0.0486111
0 0.674219 0.200694 0.0078125 0.0375
0 0.712891 0.355556 0.0101562 0.0416667
1 0.650781 0.189583 0.009375 0.0430556
0 0.539062 0.259722 0.0109375 0.0388889
0 0.733984 0.261111 0.0101562 0.0388889
0 0.354297 0.178472 0.0101562 0.0402778
1 0.549609 0.241667 0.0101562 0.05
0 0.712109 0.377778 0.0117188 0.05
1 0.688672 0.254861 0.00859375 0.0458333
1 0.733203 0.234028 0.00859375 0.0347222
0 0.350781 0.236111 0.009375 0.0472222
0 0.5 0.292361 0.0109375 0.0541667
1 0.685938 0.495139 0.0125 0.0680556
1 0.75625 0.297222 0.0125 0.0555556
1 0.601562 0.3 0.0109375 0.05
1 0.78125 0.371528 0.0125 0.0569444
1 0.329688 0.361111 0.0125 0.0583333
1 0.419531 0.215278 0.0109375 0.0416667
0 0.247266 0.517361 0.0148437 0.0708333
0 0.173047 0.381944 0.0179687 0.0583333
