0 0.414062 0.418056 0.0140625 0.05
1 0.980469 0.333333 0.0109375 0.0444444
1 0.45 0.2 0.0109375 0.0333333
0 0.374609 0.354861 0.00703125 0.0569444
1 0.212891 0.367361 0.0101562 0.0458333
0 0.198437 0.342361 0.009375 0.0458333
0 0.496875 0.2375 0.009375 0.0361111
0 0.167969 0.498611 0.0125 0.0611111
1 0.694531 0.246528 0.0078125 0.0375
0 0.644922 0.263194 0.00859375 0.0375
1 0.387109 0.7125 0.0164062 0.0722222
0 0.70625 0.320139 0.0109375 0.0402778
1 0.437109 0.263194 0.00859375 0.0402778
1 0.789062 0.3 0.0109375 0.0416667
0 0.454297 0.279861 0.00859375 0.0402778
1 0.380859 0.439583 0.0117188 0.0541667
0 0.299609 0.261806 0.00859375 0.0375
0 0.175 0.426389 0.0125 0.0527778
1 0.221094 0.439583 0.0109375 0.0513889
0 0.451953 0.485417 0.0101562 0.0597222
1 0.59375 0.316667 0.009375 0.0416667
1 0.878125 0.488889 0.0140625 0.0583333
