0 0.408594 0.397222 0.0140625 0.075
1 0.423828 0.206944 0.00703125 0.0305556
0 0.221484 0.344444 0.0101562 0.0472222
1 0.225 0.355556 0.0109375 0.0444444
0 0.702344 0.260417 0.009375 0.0347222
1 0.694531 0.238194 0.00625 0.0291667
0 0.278125 0.266667 0.0078125 0.0388889
0 0.408203 0.378472 0.0117188 0.0458333
0 0.844141 0.304167 0.0101562 0.0361111
1 0.628125 0.313889 0.0125 0.0416667
1 0.789844 0.270139 0.009375 0.0375
0 0.476953 0.290972 0.00859375 0.0375
1 0.404297 0.260417 0.00859375 0.0375
0 0.498828 0.246528 0.00859375 0.0375
0 0.513281 0.504861 0.0125 0.0569444
1 0.417188 0.452778 0.0125 0.0555556
1 0.341016 0.784722 0.0148437 0.075
1 0.908203 0.507639 0.0132813 0.0597222
0 0.203125 0.429167 0.0125 0.0527778
1 0.252344 0.417361 0.0125 0.0513889
0 0.166406 0.547917 0.0125 0.0625
