0 0.559375 0.239583 0.009375 0.0402778
1 0.494531 0.238889 0.0125 0.0361111
0 0.39375 0.177083 0.0078125 0.0402778
1 0.530078 0.197917 0.00859375 0.0347222
0 0.510156 0.239583 0.0109375 0.0375
0 0.592578 0.197222 0.0101562 0.0333333
0 0.569922 0.390278 0.0117188 0.05
1 0.573438 0.302778 0.0125 0.05
1 0.647266 0.195139 0.0117188 0.0347222
0 0.195703 0.234028 0.0101562 0.0402778
0 0.558203 0.183333 0.00859375 0.0333333
1 0.422656 0.189583 0.009375 0.0375
1 0.713672 0.225 0.0132813 0.0416667
1 0.741016 0.2875 0.0101562 0.05
0 0.138672 0.368056 0.0164062 0.0555556
1 0.444922 0.26875 0.0117188 0.0430556
0 0.368359 0.311806 0.0117188 0.0541667
0 0.703906 0.301389 0.0109375 0.0527778
0 0.223438 0.579861 0.0140625 0.0680556
1 0.597656 0.506944 0.015625 0.0666667
1 0.746875 0.384028 0.0171875 0.0541667
