0 0.524219 0.180556 0.015625 0.0361111
0 0.741406 0.284028 0.009375 0.0597222
0 0.445312 0.223611 0.009375 0.0388889
0 0.600781 0.184722 0.009375 0.0333333
1 0.435937 0.222917 0.0109375 0.0375
1 0.664453 0.193056 0.0101562 0.0416667
1 0.458594 0.184028 0.009375 0.0375
1 0.521484 0.188889 0.0132813 0.0333333
1 0.74375 0.281944 0.009375 0.0527778
0 0.409766 0.177083 0.00703125 0.0375
0 0.192578 0.232639 0.0117188 0.0430556
1 0.6 0.50625 0.0140625 0.0625
0 0.123438 0.363194 0.0109375 0.0569444
0 0.591797 0.390972 0.0117188 0.0513889
1 0.746094 0.385417 0.0109375 0.0541667
1 0.390625 0.277083 0.0140625 0.0430556
0 0.717188 0.295139 0.0109375 0.0541667
1 0.578125 0.318056 0.009375 0.0527778
1 0.729688 0.218056 0.009375 0.0416667
0 0.19375 0.557639 0.01875 0.0708333
0 0.366406 0.305556 0.0125 0.05
