1 0.198047 0.311111 0.0101562 0.0277778
0 0.219922 0.297917 0.00859375 0.0319444
1 0.758203 0.3625 0.00859375 0.0444444
1 0.207813 0.275 0.0078125 0.0305556
1 0.477734 0.253472 0.0117188 0.0347222
0 0.117188 0.365278 0.009375 0.0333333
1 0.148438 0.391667 0.0140625 0.0333333
0 0.342969 0.340972 0.0109375 0.0402778
1 0.524219 0.425 0.0140625 0.0527778
0 0.167187 0.315278 0.009375 0.0388889
0 0.188281 0.338889 0.009375 0.0361111
0 0.535547 0.295833 0.0148437 0.0388889
1 0.809766 0.559028 0.0132813 0.0652778
1 0.485156 0.377083 0.0125 0.0402778
0 0.636719 0.3125 0.0125 0.0416667
0 0.409766 0.575694 0.0164062 0.0541667
0 0.692578 0.55625 0.0164062 0.0597222
1 0.301172 0.458333 0.0164062 0.0444444
1 0.778906 0.431944 0.0140625 0.0527778
4 0.0847656 0.276389 0.0804688 0.0833333
