0 0.651563 0.311111 0.0078125 0.0361111
0 0.555469 0.3 0.009375 0.0333333
1 0.142188 0.409722 0.0171875 0.0444444
0 0.66875 0.272917 0.009375 0.0291667
1 0.575 0.320139 0.0078125 0.0347222
0 0.145313 0.413889 0.0125 0.0472222
0 0.670703 0.269444 0.00703125 0.025
0 0.773828 0.338889 0.00703125 0.025
0 0.652734 0.359722 0.00859375 0.0472222
1 0.600781 0.413889 0.009375 0.0416667
1 0.615234 0.302083 0.00859375 0.0347222
0 0.238281 0.326389 0.0078125 0.0333333
1 0.684375 0.332639 0.0078125 0.0375
1 0.134766 0.409028 0.0101562 0.0458333
1 0.261328 0.463194 0.0117188 0.0458333
0 0.226562 0.463194 0.0125 0.0486111
0 0.275391 0.548611 0.0132813 0.0555556
1 0.707031 0.355556 0.0109375 0.0444444
1 0.748828 0.413194 0.0117188 0.0375
0 0.561719 0.4 0.0125 0.0444444
0 0.380469 0.338889 0.0078125 0.0361111
4 0.854688 0.316667 0.0796875 0.0861111
