0 0.239063 0.320139 0.009375 0.0347222
0 0.311719 0.3625 0.0109375 0.0444444
0 0.0882813 0.385417 0.0140625 0.0375
0 0.152344 0.324306 0.0078125 0.0291667
0 0.0921875 0.374306 0.0109375 0.0291667
1 0.236719 0.311806 0.0125 0.0347222
0 0.230859 0.343056 0.00859375 0.0333333
1 0.523047 0.386111 0.0132813 0.0444444
1 0.223047 0.277778 0.00859375 0.0333333
1 0.512109 0.247222 0.0117188 0.0361111
1 0.0847656 0.402778 0.0117188 0.0361111
1 0.336328 0.497222 0.0148437 0.0527778
0 0.647656 0.302083 0.0109375 0.0375
0 0.153125 0.384028 0.0125 0.0402778
0 0.192188 0.316667 0.0125 0.0333333
0 0.472656 0.604167 0.0140625 0.0583333
1 0.796875 0.534028 0.0125 0.0625
0 0.670703 0.525 0.0148437 0.0555556
1 0.510547 0.421528 0.0148437 0.0513889
0 0.558984 0.29375 0.0117188 0.0375
0 0.365234 0.350694 0.0117188 0.0402778
1 0.725781 0.352778 0.0125 0.0472222
1 0.758203 0.416667 0.0164062 0.05
4 0.0367187 0.272222 0.0734375 0.0833333
