0 0.211328 0.197917 0.0101562 0.0402778
1 0.484766 0.213889 0.0101562 0.0333333
1 0.660156 0.222917 0.009375 0.0402778
0 0.212891 0.216667 0.00859375 0.0361111
0 0.598047 0.21875 0.00859375 0.0375
1 0.675 0.294444 0.0109375 0.0416667
0 0.519531 0.442361 0.0109375 0.0597222
1 0.791797 0.257639 0.00859375 0.0347222
1 0.388672 0.23125 0.0101562 0.0402778
1 0.313281 0.313194 0.0109375 0.0430556
0 0.420312 0.240972 0.009375 0.0375
0 0.784766 0.29375 0.0117188 0.0347222
0 0.728125 0.240972 0.0109375 0.0347222
1 0.51875 0.623611 0.0140625 0.0694444
0 0.166797 0.299306 0.0117188 0.0486111
1 0.767969 0.439583 0.0140625 0.0625
0 0.330469 0.313889 0.0140625 0.0472222
0 0.153516 0.370139 0.0148437 0.0513889
1 0.232812 0.284722 0.0125 0.0388889
1 0.489844 0.403472 0.0125 0.0541667
0 0.158594 0.476389 0.01875 0.0611111
