0 0.55625 0.234722 0.0109375 0.0444444
0 0.733594 0.225694 0.0109375 0.0458333
0 0.675 0.390278 0.0140625 0.0472222
1 0.733984 0.227778 0.0101562 0.0416667
0 0.630859 0.192361 0.0101562 0.0375
0 0.548828 0.238889 0.0101562 0.0444444
1 0.777344 0.297222 0.0140625 0.0472222
1 0.597266 0.238194 0.0101562 0.0402778
0 0.362109 0.202083 0.00859375 0.0347222
1 0.499609 0.284028 0.0101562 0.0458333
1 0.619141 0.236111 0.0117188 0.0388889
1 0.703125 0.20625 0.009375 0.0347222
0 0.403906 0.338889 0.015625 0.05
1 0.712891 0.474306 0.0226563 0.0569444
1 0.426953 0.226389 0.0101562 0.0416667
0 0.736719 0.303472 0.0109375 0.0458333
0 0.236328 0.264583 0.0101562 0.0458333
1 0.798828 0.379167 0.0148437 0.0527778
1 0.609766 0.309028 0.0101562 0.0486111
0 0.165625 0.390972 0.015625 0.0541667
0 0.333984 0.615278 0.0226563 0.0694444
