1 0.252734 0.28125 0.0101562 0.0263889
0 0.268359 0.315278 0.0101562 0.0361111
0 0.357031 0.358333 0.0125 0.0444444
0 0.260547 0.294444 0.00859375 0.0361111
1 0.270703 0.336111 0.0101562 0.0444444
1 0.248437 0.279167 0.00625 0.0277778
0 0.271875 0.342361 0.0109375 0.0375
4 0.0167969 0.257639 0.0335938 0.0736111
0 0.211719 0.326389 0.0125 0.0361111
0 0.582031 0.288194 0.0171875 0.0430556
1 0.761719 0.413194 0.0125 0.0541667
0 0.121484 0.371528 0.0101562 0.0347222
0 0.657812 0.29375 0.009375 0.0375
0 0.191016 0.415972 0.0148437 0.0486111
1 0.789453 0.526389 0.0195312 0.0611111
0 0.3875 0.355556 0.0109375 0.0444444
1 0.501953 0.419444 0.0164062 0.0527778
1 0.710156 0.347917 0.015625 0.0458333
1 0.542578 0.243056 0.0148437 0.0388889
0 0.526563 0.625694 0.0171875 0.0625
0 0.660547 0.506944 0.0117188 0.0583333
1 0.0769531 0.423611 0.0117188 0.0472222
1 0.371094 0.517361 0.01875 0.0541667
1 0.546875 0.4 0.0140625 0.05
