0 0.875391 0.333333 0.0117188 0.0472222
0 0.455078 0.375694 0.0117188 0.0375
0 0.877344 0.305556 0.0109375 0.0333333
0 0.513672 0.234722 0.00859375 0.0361111
1 0.536328 0.217361 0.00859375 0.0375
0 0.681641 0.360417 0.0117188 0.0486111
1 0.451562 0.413889 0.0109375 0.0472222
1 0.507812 0.273611 0.009375 0.0361111
0 0.305859 0.261111 0.0101562 0.0388889
1 0.653516 0.226389 0.00703125 0.0361111
1 0.274219 0.431944 0.0140625 0.0527778
0 0.171094 0.431944 0.009375 0.05
1 0.591797 0.334028 0.0101562 0.0430556
0 0.192578 0.349306 0.0117188 0.0458333
1 0.752734 0.3 0.0101562 0.0416667
1 0.723047 0.572222 0.0148437 0.0583333
1 0.245312 0.3625 0.0109375 0.0444444
1 0.904688 0.419444 0.0125 0.0527778
0 0.415625 0.392361 0.0140625 0.0541667
0 0.692578 0.283333 0.00859375 0.0361111
0 0.673047 0.502778 0.0117188 0.0555556
0 0.375391 0.306944 0.0101562 0.0388889
0 0.226953 0.518056 0.0132813 0.0638889
4 0.985937 0.2875 0.028125 0.0888889
