1 0.610937 0.191667 0.0078125 0.0361111
0 0.694531 0.239583 0.009375 0.0402778
0 0.612109 0.193056 0.0101562 0.0361111
1 0.620703 0.197917 0.00859375 0.0375
1 0.719141 0.246528 0.00859375 0.0486111
1 0.675781 0.271528 0.0078125 0.0458333
0 0.620313 0.193056 0.009375 0.0388889
0 0.509766 0.259722 0.0117188 0.0472222
1 0.515625 0.25 0.0125 0.0472222
0 0.734375 0.271528 0.009375 0.0430556
1 0.536719 0.318056 0.0125 0.0583333
1 0.740234 0.311806 0.0101562 0.0458333
0 0.651953 0.397917 0.0101562 0.0597222
0 0.603906 0.238889 0.0109375 0.0444444
0 0.348828 0.243056 0.0132813 0.0472222
0 0.401953 0.193056 0.0101562 0.0388889
1 0.755859 0.398611 0.0148437 0.0583333
0 0.467187 0.325694 0.0125 0.0569444
1 0.273438 0.379861 0.0140625 0.0541667
1 0.441016 0.234722 0.00859375 0.0444444
0 0.155859 0.404167 0.0179687 0.0555556
1 0.606641 0.517361 0.0132813 0.0541667
0 0.173047 0.569444 0.0226563 0.0666667
