0 0.958984 0.376389 0.0148437 0.0472222
1 0.959375 0.372917 0.0140625 0.0486111
0 0.383203 0.449306 0.0117188 0.0569444
0 0.151562 0.407639 0.015625 0.0458333
1 0.148828 0.404861 0.0148437 0.0486111
1 0.200391 0.35625 0.0101562 0.0458333
0 0.667969 0.304167 0.0109375 0.0361111
1 0.469141 0.336806 0.0101562 0.0430556
0 0.459766 0.243056 0.0101562 0.0388889
0 0.141016 0.479167 0.0117188 0.0583333
0 0.180469 0.349306 0.009375 0.0458333
1 0.250781 0.425694 0.0140625 0.0541667
0 0.345703 0.302778 0.00859375 0.0388889
0 0.357422 0.515278 0.0101562 0.0555556
0 0.280859 0.382639 0.0101562 0.0486111
1 0.564844 0.241667 0.0078125 0.0333333
0 0.872266 0.411806 0.0132813 0.0458333
1 0.65625 0.325694 0.0109375 0.0430556
0 0.246484 0.2875 0.00859375 0.0388889
1 0.379297 0.215278 0.00859375 0.0333333
1 0.878906 0.613889 0.01875 0.0611111
1 0.297656 0.29375 0.009375 0.0402778
1 0.204688 0.652778 0.015625 0.0611111
