0 0.258203 0.294444 0.0132813 0.0361111
0 0.394922 0.35625 0.0164062 0.0458333
0 0.4 0.361806 0.0171875 0.0458333
0 0.310156 0.349306 0.0109375 0.0402778
0 0.408203 0.364583 0.0148437 0.0430556
1 0.257422 0.293056 0.0117188 0.0333333
0 0.216797 0.322222 0.0132813 0.0388889
1 0.296875 0.341667 0.0109375 0.0444444
1 0.788281 0.519444 0.0109375 0.0611111
0 0.283984 0.288194 0.0101562 0.0375
0 0.154687 0.363889 0.0109375 0.0361111
0 0.579297 0.653472 0.0148437 0.0569444
1 0.772656 0.415972 0.0125 0.0486111
1 0.697656 0.34375 0.0125 0.0486111
0 0.667969 0.285417 0.0109375 0.0430556
1 0.417969 0.547222 0.015625 0.0555556
1 0.483594 0.428472 0.0125 0.0458333
0 0.234375 0.440972 0.0140625 0.0486111
0 0.602344 0.284028 0.0109375 0.0430556
1 0.569531 0.239583 0.0140625 0.0375
1 0.0945313 0.444444 0.0203125 0.0472222
0 0.653906 0.497917 0.0171875 0.0569444
1 0.560156 0.413889 0.0171875 0.0527778
