0 0.230469 0.20625 0.0078125 0.0319444
0 0.520703 0.445833 0.00859375 0.0611111
0 0.416797 0.238889 0.0101562 0.0388889
1 0.405469 0.233333 0.009375 0.0416667
1 0.496484 0.215972 0.00859375 0.0347222
1 0.791016 0.261111 0.00703125 0.0277778
0 0.611328 0.220139 0.00859375 0.0347222
1 0.666797 0.225 0.00859375 0.0333333
0 0.791797 0.295833 0.00859375 0.0333333
1 0.304688 0.30625 0.009375 0.0402778
0 0.736719 0.240972 0.009375 0.0375
1 0.679688 0.294444 0.0078125 0.0416667
1 0.499219 0.395139 0.0109375 0.0541667
0 0.325 0.309722 0.0109375 0.05
1 0.530859 0.599306 0.0148437 0.0652778
0 0.14375 0.367361 0.0140625 0.0458333
1 0.240625 0.277778 0.009375 0.0416667
1 0.755078 0.434028 0.0148437 0.0541667
0 0.164453 0.293056 0.0117188 0.0444444
0 0.145313 0.470833 0.015625 0.0583333
