0 0.376953 0.372917 0.00859375 0.0569444
1 0.501172 0.20625 0.00859375 0.0347222
1 0.219141 0.464583 0.0101562 0.0541667
0 0.51875 0.240972 0.0078125 0.0402778
1 0.469141 0.275694 0.00859375 0.0402778
0 0.645312 0.279167 0.009375 0.0388889
1 0.372266 0.425 0.0117188 0.05
1 0.755859 0.314583 0.0101562 0.0430556
1 0.716406 0.225694 0.0109375 0.0347222
1 0.210547 0.395139 0.0101562 0.0486111
0 0.194141 0.359028 0.0101562 0.0486111
1 0.886719 0.475694 0.015625 0.0569444
0 0.427734 0.285417 0.00859375 0.0402778
0 0.188672 0.495833 0.0117188 0.0583333
0 0.156641 0.427778 0.0132813 0.0555556
0 0.527344 0.4875 0.0125 0.0527778
1 0.607031 0.3375 0.009375 0.0416667
0 0.703125 0.349306 0.009375 0.0486111
0 0.332812 0.252083 0.009375 0.0375
1 0.534766 0.693056 0.0179687 0.0611111
