0 0.628125 0.184722 0.009375 0.0361111
0 0.370313 0.154167 0.009375 0.0361111
0 0.676953 0.211111 0.00859375 0.0388889
0 0.522656 0.253472 0.015625 0.0513889
1 0.628516 0.184028 0.0101562 0.0430556
0 0.725 0.261806 0.0109375 0.0430556
1 0.526172 0.249306 0.0148437 0.0513889
0 0.338281 0.234028 0.0109375 0.0486111
1 0.721484 0.232639 0.0101562 0.0347222
1 0.74375 0.297222 0.0125 0.0555556
1 0.676172 0.260417 0.00859375 0.0430556
0 0.346875 0.179167 0.009375 0.0416667
0 0.687891 0.367361 0.0117188 0.0541667
1 0.41875 0.216667 0.009375 0.0416667
1 0.764063 0.372222 0.0125 0.0583333
0 0.485938 0.307639 0.0140625 0.0569444
1 0.576172 0.30625 0.0117188 0.0513889
0 0.635938 0.235417 0.0109375 0.0458333
0 0.175391 0.383333 0.0148437 0.0611111
1 0.651172 0.498611 0.0132813 0.0694444
0 0.275391 0.546528 0.0164062 0.0736111
1 0.308984 0.374306 0.0148437 0.0569444
