0 0.728516 0.242361 0.0101562 0.0430556
1 0.539062 0.241667 0.0125 0.05
0 0.345313 0.157639 0.009375 0.0375
0 0.673047 0.199306 0.0101562 0.0347222
0 0.345313 0.173611 0.009375 0.0416667
0 0.729688 0.258333 0.0109375 0.0388889
1 0.542188 0.236111 0.009375 0.0333333
0 0.534375 0.25625 0.0125 0.0402778
1 0.728516 0.231944 0.00859375 0.0361111
1 0.685938 0.252778 0.009375 0.0444444
1 0.644531 0.188889 0.009375 0.0444444
1 0.596484 0.297917 0.0101562 0.0541667
0 0.666406 0.233333 0.0125 0.0444444
0 0.343359 0.231944 0.00859375 0.0472222
0 0.495313 0.295139 0.0125 0.0513889
0 0.70625 0.372222 0.0125 0.0583333
1 0.414844 0.213194 0.0109375 0.0402778
1 0.752734 0.295833 0.0117188 0.05
1 0.678906 0.492361 0.0125 0.0680556
0 0.248437 0.525 0.015625 0.0694444
1 0.779297 0.36875 0.0117188 0.0597222
1 0.328906 0.363194 0.0109375 0.0569444
0 0.160938 0.382639 0.0171875 0.0597222
