0 0.394141 0.323611 0.0132813 0.0388889
1 0.53125 0.294444 0.009375 0.0305556
1 0.554688 0.227778 0.00625 0.0277778
1 0.632812 0.263889 0.0078125 0.0416667
1 0.533984 0.290972 0.00859375 0.0347222
0 0.389844 0.327083 0.0078125 0.0347222
1 0.401172 0.321528 0.00703125 0.0375
1 0.63125 0.253472 0.0078125 0.0347222
0 0.590234 0.254861 0.00703125 0.0319444
0 0.442578 0.380556 0.00859375 0.0444444
0 0.458984 0.284722 0.00703125 0.0333333
0 0.488281 0.311111 0.0078125 0.0388889
1 0.578125 0.314583 0.009375 0.0347222
0 0.635156 0.285417 0.009375 0.0375
0 0.298438 0.386806 0.009375 0.0486111
1 0.848828 0.323611 0.00859375 0.0416667
1 0.710938 0.345139 0.009375 0.0458333
1 0.85 0.427083 0.0125 0.0513889
1 0.379687 0.455556 0.009375 0.0555556
1 0.783203 0.527778 0.0132813 0.0555556
0 0.780078 0.436111 0.0101562 0.0555556
4 0.180859 0.319444 0.0929687 0.0944444
