1 0.809375 0.488194 0.0171875 0.0819444
0 0.683594 0.320139 0.0125 0.0347222
0 0.501562 0.295139 0.0078125 0.0347222
0 0.500391 0.261806 0.00703125 0.0319444
0 0.399609 0.309028 0.00859375 0.0375
0 0.609375 0.274306 0.009375 0.0375
1 0.688281 0.347222 0.009375 0.0416667
1 0.515234 0.276389 0.00703125 0.0361111
1 0.789453 0.382639 0.00859375 0.0430556
1 0.54375 0.282639 0.0078125 0.0375
0 0.530469 0.359722 0.0109375 0.0416667
1 0.809375 0.472222 0.0109375 0.0611111
0 0.76875 0.377778 0.0109375 0.0416667
1 0.454688 0.347222 0.0078125 0.0416667
1 0.586328 0.348611 0.00859375 0.0416667
0 0.274219 0.5 0.0125 0.0611111
1 0.746484 0.304167 0.0101562 0.0388889
0 0.60625 0.445833 0.0109375 0.05
0 0.583594 0.249306 0.009375 0.0319444
1 0.569531 0.519444 0.0125 0.0583333
0 0.289062 0.373611 0.0109375 0.0388889
4 0.0917969 0.33125 0.0851562 0.0930556
