0 0.5625 0.245833 0.00625 0.0277778
1 0.702734 0.288889 0.00859375 0.025
1 0.552734 0.270833 0.00859375 0.0305556
0 0.207813 0.303472 0.0078125 0.0291667
0 0.724609 0.366667 0.00859375 0.0333333
0 0.583984 0.283333 0.00859375 0.0277778
0 0.776953 0.279167 0.00703125 0.0277778
0 0.619531 0.333333 0.009375 0.0305556
1 0.801172 0.341667 0.0117188 0.0361111
1 0.689453 0.327083 0.00859375 0.0375
1 0.578906 0.314583 0.009375 0.0347222
0 0.475 0.3625 0.0140625 0.0388889
1 0.214844 0.335417 0.009375 0.0375
1 0.639844 0.281944 0.00625 0.0333333
1 0.514844 0.367361 0.0109375 0.0430556
1 0.705469 0.418056 0.0125 0.0416667
1 0.440625 0.304861 0.009375 0.0347222
0 0.15 0.425 0.0125 0.0472222
1 0.233203 0.40625 0.0101562 0.0402778
0 0.340234 0.315278 0.00859375 0.0361111
0 0.110547 0.369444 0.0101562 0.0388889
0 0.285156 0.494444 0.015625 0.0472222
4 0.870703 0.333333 0.0789063 0.0916667
