1 0.473828 0.41875 0.0101562 0.0458333
0 0.474219 0.421528 0.009375 0.0513889
0 0.264844 0.181944 0.00625 0.025
0 0.517187 0.2125 0.00625 0.0388889
0 0.402344 0.425 0.01875 0.0527778
1 0.517187 0.207639 0.00625 0.0291667
1 0.755859 0.310417 0.0101562 0.0402778
0 0.700781 0.295833 0.009375 0.0416667
1 0.692578 0.225694 0.00703125 0.0375
0 0.516797 0.246528 0.00703125 0.0402778
1 0.489062 0.269444 0.0078125 0.0388889
0 0.326953 0.257639 0.00859375 0.0402778
0 0.730469 0.384028 0.009375 0.0513889
0 0.376563 0.307639 0.009375 0.0402778
1 0.922656 0.463889 0.0125 0.0555556
1 0.601562 0.358333 0.0125 0.0444444
0 0.232031 0.523611 0.015625 0.0611111
1 0.706641 0.654861 0.0195312 0.0652778
0 0.190234 0.365278 0.0148437 0.0472222
0 0.167578 0.442361 0.0117188 0.0541667
1 0.257812 0.477083 0.015625 0.0513889
1 0.408984 0.427083 0.0164062 0.0513889
0 0.389062 0.4 0.0125 0.0611111
0 0.616797 0.517361 0.0117188 0.0569444
1 0.228125 0.388194 0.0109375 0.0458333
