0 0.489062 0.328472 0.0109375 0.0402778
0 0.366797 0.493056 0.00703125 0.025
0 0.338672 0.500694 0.0164062 0.0458333
1 0.336719 0.491667 0.015625 0.05
0 0.701953 0.246528 0.0101562 0.0375
1 0.298828 0.431944 0.0179687 0.0388889
0 0.714844 0.288889 0.009375 0.0444444
1 0.678906 0.247917 0.009375 0.0402778
1 0.567578 0.399306 0.0101562 0.0458333
0 0.375391 0.260417 0.0117188 0.0347222
1 0.784766 0.466667 0.0164062 0.0583333
0 0.732813 0.504167 0.0203125 0.0583333
0 0.202344 0.442361 0.0140625 0.0513889
1 0.770312 0.614583 0.015625 0.0625
1 0.642187 0.31875 0.0171875 0.0402778
1 0.539453 0.361806 0.0132813 0.0430556
0 0.89375 0.768056 0.0171875 0.0722222
0 0.373047 0.404861 0.0132813 0.0375
1 0.753516 0.394444 0.0101562 0.0527778
0 0.454297 0.453472 0.0148437 0.0486111
1 0.336328 0.327083 0.0132813 0.0402778
0 0.275781 0.335417 0.015625 0.0430556
