0 0.217578 0.457639 0.00859375 0.0402778
0 0.763281 0.338194 0.0078125 0.0263889
1 0.64375 0.31875 0.0078125 0.0319444
1 0.657422 0.29375 0.00703125 0.0319444
0 0.670313 0.274306 0.0078125 0.0291667
1 0.674219 0.334028 0.0078125 0.0402778
1 0.750391 0.4125 0.0101562 0.0388889
1 0.570703 0.31875 0.00859375 0.0347222
0 0.219922 0.464583 0.0101562 0.0541667
0 0.136328 0.416667 0.0117188 0.0527778
0 0.230078 0.327083 0.00859375 0.0375
1 0.702344 0.355556 0.009375 0.0444444
0 0.558203 0.399306 0.0117188 0.0430556
0 0.645703 0.359028 0.00859375 0.0430556
1 0.607031 0.303472 0.0078125 0.0347222
0 0.269531 0.552778 0.0125 0.0555556
0 0.371484 0.341667 0.00859375 0.0388889
1 0.258594 0.461111 0.0125 0.0472222
1 0.598437 0.414583 0.0125 0.0402778
4 0.845703 0.31875 0.0804688 0.0708333
