1 0.400391 0.340278 0.0101562 0.0416667
1 0.55 0.359028 0.009375 0.0458333
1 0.648828 0.2625 0.00859375 0.0361111
1 0.755078 0.432639 0.0117188 0.0458333
0 0.749219 0.483333 0.0109375 0.05
1 0.5875 0.396528 0.0109375 0.0430556
0 0.444141 0.382639 0.0148437 0.0402778
0 0.685156 0.253472 0.0109375 0.0347222
0 0.302344 0.357639 0.009375 0.0486111
1 0.643359 0.322917 0.00859375 0.0430556
1 0.742188 0.561111 0.0109375 0.0611111
0 0.719922 0.3125 0.0101562 0.0388889
0 0.485156 0.448611 0.0125 0.0388889
0 0.371875 0.271528 0.0078125 0.0319444
1 0.448438 0.458333 0.0140625 0.0472222
0 0.247656 0.452778 0.0125 0.0472222
1 0.4125 0.417361 0.015625 0.0402778
1 0.716406 0.390972 0.0109375 0.0458333
0 0.444141 0.517361 0.0195312 0.0486111
0 0.890625 0.709722 0.015625 0.0638889
