1 0.796484 0.509722 0.0164062 0.0666667
0 0.835938 0.4125 0.0140625 0.0472222
1 0.540234 0.348611 0.0117188 0.0416667
1 0.704297 0.294444 0.0117188 0.0333333
1 0.837109 0.40625 0.0132813 0.0402778
1 0.730078 0.270833 0.00859375 0.0305556
0 0.833594 0.446528 0.0125 0.0513889
0 0.644141 0.240972 0.0101562 0.0291667
0 0.615625 0.238889 0.0109375 0.0305556
1 0.733594 0.390278 0.0109375 0.0444444
0 0.442578 0.325 0.00859375 0.0388889
0 0.30625 0.428472 0.0125 0.0430556
0 0.547266 0.449306 0.0132813 0.0486111
0 0.327344 0.29375 0.009375 0.0319444
1 0.64375 0.498611 0.0140625 0.0583333
1 0.258203 0.490972 0.0164062 0.0486111
1 0.799609 0.493056 0.0148437 0.05
0 0.261719 0.370833 0.009375 0.0444444
0 0.317969 0.561806 0.0140625 0.0597222
1 0.129688 0.382639 0.015625 0.0430556
1 0.791016 0.542361 0.0117188 0.0513889
