1 0.229297 0.409722 0.0132813 0.0611111
1 0.781641 0.315972 0.0117188 0.0458333
0 0.433203 0.359722 0.0117188 0.0472222
0 0.782812 0.313194 0.0109375 0.0430556
1 0.591797 0.24375 0.00859375 0.0375
1 0.788281 0.391667 0.0140625 0.05
1 0.505078 0.244444 0.00859375 0.0388889
0 0.58125 0.370139 0.009375 0.0402778
0 0.478906 0.251389 0.0125 0.0361111
0 0.626953 0.279167 0.00859375 0.0361111
0 0.236719 0.2875 0.009375 0.0388889
0 0.123828 0.378472 0.0117188 0.0513889
1 0.559766 0.325694 0.0132813 0.0402778
0 0.701953 0.454167 0.0117188 0.05
0 0.336328 0.317361 0.0101562 0.0402778
1 0.647266 0.311806 0.0101562 0.0430556
0 0.4125 0.39375 0.0140625 0.0430556
1 0.234766 0.413194 0.0117188 0.0569444
1 0.458203 0.427083 0.0101562 0.0486111
0 0.180078 0.538889 0.0132813 0.0638889
0 0.133594 0.449306 0.0171875 0.0513889
1 0.488672 0.284722 0.00859375 0.0416667
1 0.717969 0.522917 0.0125 0.0597222
1 0.220313 0.379167 0.0109375 0.0472222
4 0.909375 0.286111 0.08125 0.0944444
