0 0.208203 0.359028 0.0179687 0.0569444
0 0.371094 0.360417 0.00625 0.0486111
1 0.448438 0.199306 0.009375 0.0347222
0 0.374219 0.359722 0.0078125 0.0555556
1 0.211328 0.369444 0.0117188 0.0472222
0 0.198828 0.34375 0.0101562 0.0458333
1 0.434375 0.263194 0.0078125 0.0375
0 0.496484 0.238194 0.0101562 0.0347222
0 0.166797 0.505556 0.0117188 0.0583333
1 0.789453 0.301389 0.0117188 0.0416667
1 0.221875 0.438889 0.0109375 0.05
1 0.380078 0.441667 0.0117188 0.0555556
0 0.453516 0.280556 0.00859375 0.0416667
0 0.647266 0.263194 0.0117188 0.0347222
0 0.449219 0.488889 0.0109375 0.0527778
0 0.175781 0.426389 0.0125 0.05
1 0.69375 0.247917 0.009375 0.0375
0 0.296875 0.261806 0.009375 0.0375
1 0.880469 0.490972 0.015625 0.0597222
1 0.594141 0.315972 0.0101562 0.0402778
1 0.383984 0.719444 0.0164062 0.0722222
0 0.710156 0.317361 0.0125 0.0402778
