1 0.603125 0.857639 0.0125 0.0402778
0 0.642578 0.885417 0.0304688 0.0597222
0 0.548437 0.302778 0.0125 0.0388889
0 0.636719 0.904167 0.0328125 0.0805556
1 0.549609 0.3375 0.0117188 0.0416667
1 0.598437 0.881944 0.021875 0.0666667
0 0.702344 0.320833 0.0140625 0.0416667
0 0.373047 0.465278 0.0148437 0.05
1 0.569141 0.799306 0.0179687 0.0652778
1 0.134375 0.340278 0.0109375 0.0472222
0 0.205859 0.440972 0.0132813 0.0541667
0 0.276563 0.295833 0.0109375 0.0388889
0 0.230859 0.357639 0.0117188 0.0486111
0 0.141016 0.566667 0.0148437 0.0583333
1 0.780859 0.385417 0.0179687 0.0458333
0 0.383594 0.357639 0.0140625 0.0458333
1 0.137109 0.485417 0.0132813 0.0513889
1 0.349609 0.419444 0.0148437 0.0527778
0 0.530078 0.740972 0.0226563 0.0625
1 0.772266 0.570139 0.0164062 0.0625
1 0.455469 0.646528 0.0171875 0.0597222
1 0.548828 0.45 0.0179687 0.0555556
