0 0.142188 0.195139 0.0078125 0.0375
1 0.509375 0.250694 0.009375 0.0402778
1 0.721484 0.247917 0.0101562 0.0458333
0 0.734375 0.28125 0.0109375 0.0458333
1 0.612109 0.202083 0.0117188 0.0402778
0 0.407031 0.201389 0.009375 0.0388889
1 0.734375 0.314583 0.0125 0.0402778
0 0.498437 0.267361 0.009375 0.0430556
0 0.634375 0.416667 0.0109375 0.0555556
0 0.604688 0.244444 0.009375 0.0472222
1 0.435156 0.236111 0.009375 0.0388889
1 0.677344 0.279167 0.0109375 0.0472222
0 0.14375 0.58125 0.015625 0.0680556
1 0.264453 0.38125 0.0132813 0.0569444
0 0.345703 0.246528 0.0148437 0.0430556
1 0.745703 0.405556 0.0132813 0.0611111
0 0.451172 0.334028 0.0132813 0.0541667
1 0.515625 0.31875 0.009375 0.0486111
0 0.108203 0.420833 0.0148437 0.0555556
1 0.591797 0.522917 0.0195312 0.0625
