1 0.479688 0.353472 0.009375 0.0402778
0 0.920703 0.404167 0.0101562 0.0444444
1 0.400781 0.252083 0.009375 0.0347222
1 0.525391 0.358333 0.00859375 0.0361111
1 0.535547 0.328472 0.00859375 0.0319444
1 0.308594 0.308333 0.009375 0.0361111
0 0.315625 0.349306 0.0078125 0.0402778
0 0.433984 0.234722 0.00703125 0.0305556
1 0.286719 0.307639 0.0078125 0.0319444
0 0.223438 0.284028 0.0078125 0.0319444
0 0.528906 0.25625 0.0078125 0.0347222
1 0.621484 0.309028 0.00859375 0.0375
0 0.589063 0.388889 0.009375 0.0416667
0 0.649609 0.445833 0.0101562 0.0416667
1 0.719922 0.386806 0.0101562 0.0486111
0 0.440234 0.428472 0.0117188 0.0513889
1 0.345703 0.435417 0.0132813 0.0486111
1 0.558594 0.272917 0.0078125 0.0347222
0 0.155469 0.357639 0.0109375 0.0430556
0 0.311328 0.55625 0.0148437 0.0597222
1 0.693359 0.560417 0.0132813 0.0569444
0 0.178906 0.461806 0.015625 0.0458333
4 0.894141 0.305556 0.0804688 0.0916667
