1 0.508594 0.327083 0.0125 0.0458333
0 0.68125 0.346528 0.009375 0.0375
0 0.685156 0.354861 0.0109375 0.0486111
0 0.996094 0.584028 0.00625 0.0319444
0 0.688672 0.359722 0.00859375 0.0472222
1 0.566797 0.304167 0.00859375 0.0277778
0 0.602344 0.313194 0.009375 0.0319444
1 0.554297 0.343056 0.00859375 0.0333333
0 0.570312 0.391667 0.009375 0.0416667
1 0.607813 0.341667 0.009375 0.0333333
0 0.196094 0.340278 0.0078125 0.0388889
1 0.186719 0.430556 0.0109375 0.0361111
0 0.533594 0.297222 0.0078125 0.0361111
1 0.667188 0.3875 0.009375 0.0416667
1 0.507031 0.443056 0.009375 0.0444444
0 0.0933594 0.428472 0.0101562 0.0458333
0 0.219531 0.572222 0.0125 0.0583333
1 0.701953 0.460417 0.00859375 0.0430556
0 0.153906 0.474306 0.0109375 0.0458333
1 0.246094 0.427778 0.0109375 0.0388889
0 0.465234 0.417361 0.0101562 0.0402778
0 0.319922 0.360417 0.0101562 0.0375
4 0.791406 0.315972 0.078125 0.0875
