0 0.795313 0.315278 0.0109375 0.0388889
0 0.480078 0.25 0.0101562 0.0361111
0 0.244922 0.282639 0.00859375 0.0375
0 0.631641 0.280556 0.0101562 0.0388889
1 0.507031 0.242361 0.0078125 0.0375
0 0.132031 0.371528 0.0109375 0.0513889
1 0.599609 0.238889 0.00859375 0.0361111
1 0.488672 0.283333 0.00859375 0.0388889
1 0.660547 0.311111 0.0101562 0.0416667
0 0.591016 0.370139 0.0101562 0.0430556
0 0.69375 0.467361 0.009375 0.0513889
0 0.408594 0.394444 0.015625 0.0444444
0 0.340234 0.316667 0.00859375 0.0361111
1 0.560156 0.327083 0.0109375 0.0430556
1 0.804297 0.392361 0.0117188 0.0486111
1 0.455859 0.425694 0.0117188 0.0513889
0 0.135937 0.445833 0.0125 0.0555556
0 0.183203 0.536806 0.0132813 0.0597222
1 0.241406 0.413194 0.0140625 0.0625
1 0.717969 0.528472 0.0109375 0.0569444
1 0.221484 0.376389 0.0101562 0.0472222
4 0.923828 0.286111 0.0835937 0.0944444
