0 0.670703 0.33125 0.0132813 0.0430556
1 0.521875 0.282639 0.0140625 0.0486111
0 0.349219 0.286111 0.009375 0.0361111
0 0.519531 0.271528 0.0109375 0.0375
1 0.521484 0.270833 0.0101562 0.0361111
1 0.622266 0.279167 0.00859375 0.0388889
0 0.610547 0.279861 0.00859375 0.0347222
0 0.585938 0.254861 0.009375 0.0347222
0 0.526953 0.297222 0.0101562 0.0361111
0 0.423047 0.308333 0.00859375 0.0333333
1 0.807813 0.399306 0.009375 0.0486111
1 0.604297 0.354167 0.00859375 0.0472222
1 0.476562 0.345833 0.0078125 0.0416667
0 0.784375 0.390972 0.009375 0.0458333
0 0.340234 0.364583 0.00859375 0.0430556
1 0.705859 0.352778 0.00859375 0.0416667
1 0.770703 0.313889 0.00859375 0.0416667
1 0.553906 0.28125 0.0078125 0.0347222
0 0.541016 0.364583 0.0132813 0.0430556
1 0.594922 0.515972 0.0117188 0.0569444
0 0.605078 0.438889 0.0101562 0.05
0 0.311328 0.486111 0.0132813 0.0555556
1 0.822266 0.484722 0.0132813 0.0527778
4 0.133984 0.329861 0.0835937 0.0902778
