0 0.901563 0.334028 0.0125 0.0486111
0 0.902734 0.308333 0.0117188 0.0416667
1 0.536328 0.207639 0.00703125 0.0347222
0 0.522656 0.23125 0.0078125 0.0375
0 0.719922 0.364583 0.00859375 0.0486111
1 0.441797 0.415972 0.0132813 0.0513889
1 0.771094 0.299306 0.0125 0.0402778
0 0.200781 0.345833 0.0125 0.0527778
1 0.508594 0.270139 0.0078125 0.0375
0 0.710156 0.2875 0.0078125 0.0388889
0 0.171094 0.429861 0.0109375 0.0541667
1 0.6625 0.225694 0.009375 0.0347222
1 0.605078 0.340972 0.0101562 0.0486111
1 0.936719 0.443056 0.0140625 0.0555556
0 0.322266 0.252778 0.00859375 0.0388889
0 0.380078 0.304861 0.00859375 0.0402778
0 0.657812 0.502778 0.009375 0.0611111
0 0.242578 0.519444 0.0117188 0.0611111
0 0.412109 0.392361 0.0132813 0.0541667
1 0.728125 0.602083 0.015625 0.0625
1 0.280859 0.448611 0.0117188 0.0555556
1 0.241797 0.36875 0.0132813 0.0458333
