0 0.545313 0.327778 0.009375 0.0444444
0 0.603516 0.219444 0.00859375 0.0305556
1 0.528516 0.267361 0.0117188 0.0375
1 0.622266 0.254167 0.00859375 0.0388889
0 0.599219 0.253472 0.0109375 0.0402778
0 0.516016 0.277083 0.0101562 0.0347222
0 0.386719 0.314583 0.009375 0.0430556
1 0.580078 0.311111 0.00859375 0.0444444
0 0.631641 0.281944 0.0101562 0.0388889
0 0.484375 0.249306 0.0125 0.0347222
0 0.482812 0.315972 0.0109375 0.0402778
1 0.402734 0.319444 0.00859375 0.0416667
0 0.308594 0.381944 0.0140625 0.0444444
0 0.447266 0.375694 0.0101562 0.0458333
0 0.460156 0.270139 0.009375 0.0402778
1 0.847266 0.425 0.00859375 0.05
1 0.739062 0.342361 0.009375 0.0486111
1 0.845312 0.322917 0.009375 0.0430556
1 0.778906 0.527778 0.0125 0.0611111
1 0.427344 0.444444 0.0109375 0.0527778
0 0.767578 0.436806 0.0117188 0.0569444
4 0.182812 0.313194 0.0890625 0.0930556
