0 0.394922 0.322917 0.0148437 0.0402778
0 0.522656 0.279861 0.0109375 0.0291667
1 0.632812 0.265278 0.0078125 0.0388889
0 0.508203 0.272222 0.00859375 0.0277778
1 0.536328 0.284722 0.00859375 0.0361111
1 0.401953 0.320833 0.00859375 0.0361111
1 0.632422 0.252083 0.00859375 0.0347222
0 0.391016 0.326389 0.00859375 0.0361111
0 0.298828 0.386806 0.0101562 0.0486111
0 0.592969 0.256944 0.0078125 0.0333333
0 0.634766 0.286111 0.00859375 0.0333333
0 0.442969 0.380556 0.009375 0.0444444
0 0.460547 0.282639 0.00859375 0.0402778
0 0.485938 0.315278 0.0125 0.0416667
1 0.579687 0.315278 0.009375 0.0361111
1 0.849609 0.428472 0.0101562 0.0513889
1 0.848828 0.324306 0.00859375 0.0402778
1 0.386328 0.455556 0.0164062 0.0527778
1 0.714844 0.344444 0.009375 0.0444444
0 0.778125 0.438194 0.0140625 0.0541667
1 0.782031 0.528472 0.0140625 0.0541667
4 0.18125 0.319444 0.0953125 0.0944444
