0 0.683203 0.318056 0.0117188 0.0333333
1 0.6875 0.344444 0.009375 0.0416667
0 0.499219 0.261806 0.0078125 0.0319444
0 0.501172 0.295833 0.00859375 0.0333333
1 0.787891 0.382639 0.00859375 0.0430556
0 0.398828 0.309722 0.00859375 0.0388889
1 0.808984 0.46875 0.0101562 0.0541667
1 0.514844 0.275694 0.0078125 0.0375
0 0.529297 0.359722 0.0101562 0.0416667
0 0.608984 0.273611 0.0101562 0.0361111
0 0.583203 0.249306 0.0101562 0.0347222
1 0.543359 0.282639 0.00859375 0.0375
0 0.767969 0.374306 0.0109375 0.0430556
1 0.453516 0.347917 0.00703125 0.0402778
0 0.606641 0.445833 0.00859375 0.05
1 0.585547 0.348611 0.00859375 0.0416667
0 0.272656 0.5 0.0109375 0.0611111
0 0.286328 0.372917 0.0117188 0.0402778
1 0.746094 0.303472 0.0109375 0.0402778
1 0.56875 0.518056 0.0125 0.0583333
4 0.0902344 0.329861 0.0835937 0.0902778
