0 0.495313 0.445139 0.0140625 0.0513889
1 0.663672 0.720139 0.0117188 0.0486111
1 0.663281 0.736111 0.0171875 0.075
1 0.621875 0.770833 0.028125 0.0666667
0 0.544531 0.288194 0.0125 0.0375
0 0.632031 0.588194 0.015625 0.0541667
1 0.125391 0.522917 0.0132813 0.0569444
1 0.602734 0.500694 0.0195312 0.0513889
0 0.406641 0.508333 0.0179687 0.0611111
0 0.380078 0.365278 0.0148437 0.0472222
0 0.708984 0.293056 0.0101562 0.0361111
1 0.394922 0.410417 0.0179687 0.0486111
1 0.103906 0.347222 0.0109375 0.0416667
0 0.176953 0.604861 0.0132813 0.0652778
0 0.275391 0.288194 0.0132813 0.0402778
1 0.796875 0.597222 0.015625 0.0694444
0 0.788281 0.752778 0.0203125 0.0666667
0 0.24375 0.360417 0.0140625 0.0486111
1 0.592969 0.325694 0.015625 0.0430556
1 0.56875 0.667361 0.021875 0.0625
1 0.769141 0.379167 0.0164062 0.0444444
0 0.207422 0.44375 0.0164062 0.0541667
