0 0.614844 0.198611 0.0109375 0.0361111
0 0.617969 0.186806 0.0125 0.0458333
1 0.516797 0.246528 0.0117188 0.0486111
1 0.627344 0.193056 0.0109375 0.0416667
0 0.510547 0.261806 0.0101562 0.0430556
0 0.732813 0.271528 0.0109375 0.0486111
1 0.676172 0.269444 0.0101562 0.05
1 0.742188 0.306944 0.0109375 0.0472222
1 0.757812 0.386806 0.0109375 0.0569444
0 0.396875 0.188889 0.009375 0.0416667
0 0.473437 0.31875 0.0109375 0.0513889
1 0.717578 0.240278 0.0101562 0.0444444
0 0.605078 0.236111 0.0101562 0.0472222
0 0.662109 0.3875 0.0132813 0.0555556
1 0.553516 0.3125 0.0117188 0.0555556
1 0.280469 0.379861 0.0109375 0.0569444
1 0.446094 0.23125 0.0125 0.0430556
0 0.350781 0.239583 0.0109375 0.0486111
0 0.185547 0.391667 0.0210938 0.0611111
0 0.209766 0.569444 0.0195312 0.0638889
1 0.621094 0.515278 0.0140625 0.0527778
