0 0.739844 0.338889 0.015625 0.0277778
0 0.641406 0.279167 0.0078125 0.025
1 0.630078 0.295139 0.00703125 0.0291667
0 0.650391 0.300694 0.00703125 0.0319444
0 0.733203 0.340278 0.0117188 0.0333333
1 0.550781 0.315972 0.0078125 0.0319444
0 0.624219 0.369444 0.009375 0.0388889
1 0.615625 0.322917 0.009375 0.0319444
0 0.110937 0.425 0.0109375 0.0444444
1 0.645312 0.3375 0.009375 0.0361111
1 0.693359 0.361806 0.0101562 0.0402778
0 0.211719 0.334028 0.0078125 0.0375
1 0.577734 0.305556 0.00859375 0.0333333
1 0.146094 0.410417 0.0125 0.0430556
1 0.584375 0.427778 0.009375 0.0416667
0 0.539062 0.405556 0.0109375 0.0416667
1 0.253906 0.451389 0.009375 0.0444444
0 0.351562 0.350694 0.009375 0.0402778
0 0.249219 0.557639 0.0140625 0.0569444
0 0.191016 0.472222 0.0117188 0.05
1 0.739453 0.416667 0.00859375 0.0444444
4 0.821094 0.314583 0.075 0.0847222
