1 0.153125 0.398611 0.0171875 0.0583333
1 0.960156 0.364583 0.0140625 0.0430556
0 0.379687 0.445833 0.0109375 0.0527778
1 0.151172 0.388194 0.0117188 0.0402778
0 0.154297 0.406944 0.0148437 0.0416667
0 0.676953 0.298611 0.00859375 0.0361111
0 0.289844 0.383333 0.0109375 0.0416667
1 0.202344 0.354861 0.009375 0.0430556
1 0.580469 0.231944 0.0078125 0.0333333
1 0.382812 0.209722 0.0078125 0.0333333
1 0.300781 0.288194 0.009375 0.0402778
0 0.474609 0.2375 0.0101562 0.0361111
1 0.667188 0.320833 0.009375 0.0416667
1 0.264844 0.415278 0.009375 0.0472222
0 0.249219 0.282639 0.0109375 0.0375
0 0.147266 0.474306 0.0164062 0.0541667
0 0.176172 0.348611 0.0101562 0.05
0 0.817187 0.409722 0.015625 0.05
0 0.351953 0.295139 0.0101562 0.0375
1 0.476562 0.332639 0.009375 0.0458333
1 0.859766 0.588194 0.0164062 0.0597222
1 0.216016 0.64375 0.0148437 0.0625
0 0.373047 0.513194 0.0164062 0.0541667
