0 0.265625 0.182639 0.0078125 0.0263889
0 0.871484 0.323611 0.00546875 0.0194444
0 0.91875 0.326389 0.0109375 0.0388889
1 0.514844 0.207639 0.0078125 0.0347222
1 0.397656 0.43125 0.015625 0.0513889
1 0.7125 0.227083 0.0078125 0.0347222
0 0.328125 0.257639 0.0078125 0.0402778
0 0.223438 0.527083 0.0140625 0.0597222
1 0.753125 0.313889 0.0109375 0.0444444
1 0.222656 0.390972 0.0140625 0.0430556
0 0.699219 0.298611 0.0109375 0.0388889
0 0.514844 0.245833 0.009375 0.0416667
0 0.728906 0.385417 0.0109375 0.0458333
0 0.383594 0.405556 0.0140625 0.05
0 0.184375 0.370139 0.0140625 0.0513889
0 0.604297 0.516667 0.0117188 0.0583333
1 0.247266 0.485417 0.0117188 0.0569444
0 0.163672 0.443056 0.0117188 0.0583333
1 0.602734 0.361111 0.0101562 0.0472222
1 0.916797 0.465972 0.0148437 0.0541667
1 0.483203 0.271528 0.0101562 0.0402778
0 0.383594 0.303472 0.009375 0.0375
1 0.687891 0.667361 0.0195312 0.0597222
