0 0.523438 0.266667 0.009375 0.0444444
0 0.366016 0.214583 0.00703125 0.0402778
1 0.364453 0.229861 0.00859375 0.0375
0 0.328125 0.289583 0.009375 0.0458333
1 0.341797 0.283333 0.00859375 0.0388889
1 0.55 0.343056 0.009375 0.0527778
1 0.671484 0.210417 0.00859375 0.0347222
1 0.721875 0.383333 0.0109375 0.0527778
1 0.764063 0.286806 0.0078125 0.0458333
1 0.695703 0.229861 0.0117188 0.0402778
1 0.449609 0.215972 0.0101562 0.0402778
0 0.0894531 0.3625 0.00859375 0.0527778
0 0.385547 0.186806 0.0132813 0.0319444
0 0.576953 0.390972 0.0132813 0.0513889
0 0.555078 0.21875 0.00859375 0.0402778
1 0.603125 0.238194 0.0078125 0.0430556
0 0.187891 0.239583 0.00859375 0.0458333
0 0.739453 0.294444 0.0101562 0.05
1 0.582031 0.507639 0.0140625 0.0625
0 0.141797 0.527778 0.0148437 0.0638889
