0 0.183203 0.379167 0.0132813 0.0444444
0 0.103516 0.459028 0.0101562 0.0458333
1 0.195312 0.38125 0.009375 0.0402778
1 0.114844 0.471528 0.009375 0.0458333
0 0.350391 0.378472 0.00859375 0.0402778
0 0.344922 0.628472 0.0117188 0.0625
1 0.239453 0.484028 0.0148437 0.0513889
1 0.367188 0.242361 0.0078125 0.0319444
1 0.281641 0.331944 0.00859375 0.0388889
0 0.105078 0.575 0.0132813 0.0583333
0 0.285937 0.479861 0.0125 0.0458333
0 0.428906 0.283333 0.0078125 0.0333333
1 0.530859 0.286111 0.00703125 0.0361111
0 0.622266 0.347917 0.00859375 0.0347222
1 0.660547 0.34375 0.00859375 0.0402778
0 0.249219 0.318056 0.009375 0.0361111
1 0.471484 0.399306 0.0101562 0.0402778
0 0.785156 0.561111 0.015625 0.05
1 0.100781 0.779167 0.025 0.0694444
1 0.891016 0.709722 0.0273438 0.0666667
