0 0.123438 0.345139 0.00625 0.0291667
1 0.0660156 0.31875 0.0101562 0.0347222
1 0.430078 0.427083 0.0117188 0.0430556
1 0.762109 0.830556 0.0179687 0.0666667
1 0.490234 0.715972 0.0164062 0.0736111
0 0.409766 0.802083 0.0132813 0.0763889
0 0.691797 0.345139 0.00859375 0.0375
0 0.242188 0.35625 0.0109375 0.0458333
1 0.532812 0.34375 0.0140625 0.0430556
0 0.294531 0.3 0.0078125 0.0388889
0 0.137109 0.538194 0.0148437 0.0541667
0 0.360938 0.453472 0.0140625 0.0541667
0 0.21875 0.438889 0.0109375 0.0527778
1 0.790234 0.542361 0.0179687 0.0541667
0 0.658984 0.884722 0.0195312 0.0916667
1 0.178906 0.334722 0.0109375 0.0444444
1 0.524609 0.444444 0.0117188 0.05
1 0.785547 0.395833 0.0132813 0.0472222
0 0.553125 0.317361 0.009375 0.0402778
1 0.161719 0.464583 0.0109375 0.0486111
0 0.391406 0.359028 0.0109375 0.0402778
1 0.397266 0.6125 0.0195312 0.0611111
1 0.334375 0.421528 0.01875 0.0513889
4 0.0210938 0.290972 0.0421875 0.0902778
