0 0.523047 0.430556 0.0148437 0.0472222
0 0.662891 0.503472 0.0242187 0.0430556
1 0.665234 0.6625 0.0132813 0.0694444
1 0.666016 0.5 0.0164062 0.0472222
0 0.396094 0.3625 0.009375 0.0444444
0 0.712109 0.279167 0.0101562 0.0333333
1 0.683203 0.716667 0.0179687 0.0694444
1 0.622656 0.323611 0.0140625 0.0388889
0 0.648828 0.536806 0.0179687 0.0486111
0 0.55625 0.281944 0.0140625 0.0416667
0 0.289453 0.288194 0.00859375 0.0402778
0 0.257422 0.3625 0.0117188 0.05
1 0.147656 0.530556 0.0140625 0.0583333
0 0.444141 0.509722 0.0148437 0.0555556
0 0.232422 0.440972 0.0132813 0.0513889
1 0.633984 0.640278 0.0242187 0.0638889
1 0.105078 0.354861 0.0132813 0.0458333
1 0.803516 0.560417 0.0195312 0.0625
0 0.211719 0.611111 0.021875 0.0611111
0 0.844141 0.665278 0.0164062 0.0638889
1 0.793359 0.361111 0.0101562 0.0416667
1 0.431641 0.402083 0.0132813 0.0486111
