1 0.361719 0.296528 0.0109375 0.0347222
0 0.603125 0.369444 0.0125 0.0361111
0 0.529688 0.307639 0.009375 0.0347222
1 0.377734 0.278472 0.0101562 0.0319444
1 0.371875 0.285417 0.0109375 0.0486111
1 0.605078 0.370833 0.0117188 0.0305556
0 0.35625 0.302083 0.009375 0.0347222
0 0.591406 0.359028 0.0125 0.0430556
0 0.250391 0.260417 0.00859375 0.0347222
0 0.505078 0.216667 0.00703125 0.0333333
1 0.392578 0.365278 0.0101562 0.0388889
0 0.537109 0.235417 0.00859375 0.0347222
1 0.479297 0.24375 0.00859375 0.0375
1 0.658594 0.309028 0.009375 0.0402778
1 0.574219 0.304861 0.009375 0.0375
1 0.622656 0.270139 0.009375 0.0375
0 0.515234 0.382639 0.0117188 0.0430556
0 0.170312 0.334028 0.0109375 0.0458333
1 0.762891 0.360417 0.0117188 0.0458333
0 0.190625 0.434028 0.0171875 0.0513889
0 0.698828 0.402083 0.0148437 0.0458333
1 0.747266 0.461111 0.0132813 0.05
0 0.362109 0.55625 0.0117188 0.0625
4 0.977734 0.3125 0.0429688 0.0916667
