1 0.661719 0.19375 0.0109375 0.0458333
0 0.357031 0.158333 0.009375 0.0333333
1 0.687891 0.247917 0.00859375 0.0458333
0 0.7375 0.242361 0.0078125 0.0458333
1 0.738281 0.235417 0.0078125 0.0347222
0 0.737109 0.256944 0.0101562 0.0388889
1 0.5625 0.238194 0.009375 0.0458333
0 0.689844 0.229861 0.0078125 0.0430556
0 0.375781 0.183333 0.009375 0.0388889
1 0.688281 0.261111 0.0078125 0.0361111
0 0.712109 0.361111 0.0117188 0.0555556
1 0.759375 0.300694 0.0109375 0.0513889
1 0.332031 0.356944 0.0140625 0.0555556
1 0.785156 0.36875 0.0109375 0.0597222
0 0.503125 0.288194 0.0125 0.0541667
1 0.606641 0.295139 0.0101562 0.0569444
1 0.425391 0.215972 0.0101562 0.0402778
0 0.542578 0.249306 0.0101562 0.0486111
0 0.351172 0.24375 0.0117188 0.0541667
1 0.690625 0.494444 0.015625 0.0611111
0 0.247656 0.500694 0.015625 0.0680556
0 0.197656 0.373611 0.015625 0.0583333
