0 0.56875 0.242361 0.0109375 0.0458333
1 0.447266 0.210417 0.0117188 0.0402778
0 0.741797 0.284028 0.00859375 0.0569444
1 0.529297 0.183333 0.00859375 0.0305556
1 0.453906 0.184722 0.0109375 0.0388889
1 0.446094 0.222222 0.0109375 0.0333333
0 0.458594 0.222222 0.0078125 0.0333333
0 0.596484 0.183333 0.00859375 0.0305556
0 0.587109 0.388194 0.0101562 0.0541667
1 0.658984 0.194444 0.00859375 0.0388889
1 0.518359 0.189583 0.0101562 0.0347222
0 0.192969 0.231944 0.0109375 0.0444444
1 0.598437 0.508333 0.0140625 0.0611111
1 0.742188 0.281944 0.009375 0.05
0 0.408203 0.177778 0.00859375 0.0361111
1 0.578125 0.316667 0.009375 0.0527778
1 0.725 0.217361 0.009375 0.0402778
1 0.744922 0.382639 0.0117188 0.0569444
0 0.715234 0.294444 0.0101562 0.0527778
0 0.127734 0.365972 0.0132813 0.0541667
0 0.198828 0.559028 0.0148437 0.0708333
0 0.367188 0.30625 0.0125 0.0513889
1 0.395312 0.276389 0.0140625 0.0416667
