0 0.396875 0.2375 0.0078125 0.0305556
0 0.929297 0.425 0.0164062 0.05
1 0.430078 0.797917 0.0195312 0.0708333
1 0.583594 0.238889 0.0078125 0.0305556
1 0.444531 0.415972 0.009375 0.0486111
0 0.419922 0.236111 0.00703125 0.0333333
1 0.396484 0.2375 0.00703125 0.0305556
1 0.207813 0.446528 0.0109375 0.0486111
1 0.307813 0.321528 0.0078125 0.0402778
0 0.644531 0.291667 0.009375 0.0333333
0 0.618359 0.54375 0.0117188 0.0541667
0 0.169531 0.461806 0.0140625 0.0513889
0 0.409375 0.352083 0.0078125 0.0402778
0 0.719531 0.446528 0.009375 0.0513889
1 0.9375 0.511111 0.015625 0.05
1 0.253906 0.347917 0.0078125 0.0375
1 0.70625 0.307639 0.009375 0.0375
0 0.267969 0.293056 0.0078125 0.0361111
0 0.179688 0.361806 0.0109375 0.0458333
0 0.385156 0.445139 0.0109375 0.0486111
0 0.241406 0.577083 0.015625 0.0597222
1 0.649219 0.349306 0.0109375 0.0375
4 0.964063 0.307639 0.071875 0.0930556
