0 0.381641 0.448611 0.0117188 0.0583333
0 0.975781 0.838889 0.021875 0.0777778
1 0.20625 0.634722 0.0109375 0.0527778
1 0.959766 0.36875 0.0148437 0.0541667
1 0.150781 0.4 0.0140625 0.05
0 0.151953 0.405556 0.0148437 0.05
0 0.671484 0.302083 0.00859375 0.0375
1 0.208594 0.647917 0.0140625 0.0680556
0 0.285547 0.380556 0.0117188 0.0444444
1 0.659375 0.325 0.009375 0.0361111
1 0.25625 0.420833 0.009375 0.0527778
0 0.854297 0.4125 0.0117188 0.0472222
1 0.380469 0.2125 0.0078125 0.0361111
1 0.201562 0.354861 0.009375 0.0430556
1 0.569922 0.2375 0.00859375 0.0361111
1 0.472656 0.335417 0.009375 0.0430556
0 0.347656 0.299306 0.009375 0.0402778
1 0.3 0.291667 0.0109375 0.0388889
0 0.464453 0.240972 0.00859375 0.0347222
0 0.248047 0.285417 0.0101562 0.0402778
0 0.179688 0.350694 0.0109375 0.0458333
0 0.144531 0.478472 0.0140625 0.0541667
1 0.871875 0.602778 0.015625 0.0638889
0 0.363672 0.513194 0.0164062 0.0541667
