0 0.395703 0.458333 0.0117188 0.0444444
0 0.645703 0.334722 0.0117188 0.0444444
0 0.640625 0.323611 0.0125 0.0416667
0 0.637109 0.322222 0.00859375 0.0361111
1 0.197266 0.370139 0.0101562 0.0402778
1 0.274219 0.314583 0.009375 0.0402778
1 0.150781 0.725694 0.015625 0.0597222
1 0.133203 0.444444 0.0132813 0.0472222
1 0.646484 0.336806 0.0101562 0.0402778
0 0.432422 0.26875 0.00859375 0.0375
1 0.369531 0.231944 0.0078125 0.0333333
0 0.833984 0.473611 0.0101562 0.0416667
0 0.339453 0.339583 0.00859375 0.0375
1 0.456641 0.3625 0.0101562 0.0361111
0 0.323828 0.559722 0.0117188 0.05
0 0.248437 0.304861 0.009375 0.0347222
0 0.257031 0.427083 0.0109375 0.0402778
0 0.119922 0.519444 0.0117188 0.05
1 0.236719 0.459722 0.0109375 0.05
1 0.534375 0.270139 0.0078125 0.0347222
1 0.904297 0.702778 0.0179687 0.0722222
