0 0.694531 0.239583 0.009375 0.0402778
0 0.619531 0.190972 0.0125 0.0430556
1 0.517187 0.249306 0.0125 0.0458333
1 0.624219 0.194444 0.0109375 0.0416667
1 0.720703 0.240972 0.00859375 0.0458333
0 0.510156 0.261806 0.0109375 0.0430556
0 0.734766 0.270833 0.0101562 0.0444444
1 0.676172 0.274306 0.00859375 0.0458333
1 0.742188 0.308333 0.0125 0.05
0 0.605078 0.238194 0.0101562 0.0486111
0 0.400781 0.19375 0.0109375 0.0430556
1 0.442578 0.234028 0.0132813 0.0402778
1 0.757031 0.397917 0.015625 0.0569444
0 0.1625 0.402083 0.0140625 0.0569444
0 0.468359 0.325694 0.0132813 0.0541667
1 0.540625 0.31875 0.0171875 0.0513889
1 0.273828 0.380556 0.0148437 0.0555556
0 0.655859 0.396528 0.0132813 0.0569444
0 0.348047 0.241667 0.0132813 0.0472222
0 0.182031 0.573611 0.015625 0.0694444
1 0.608594 0.517361 0.015625 0.0541667
