0 0.600391 0.238194 0.00703125 0.0263889
0 0.695312 0.283333 0.0078125 0.0222222
0 0.755469 0.265278 0.0078125 0.025
0 0.608984 0.294444 0.00703125 0.0361111
0 0.196484 0.300694 0.00859375 0.0319444
0 0.157422 0.429861 0.0101562 0.0458333
1 0.542578 0.385417 0.0132813 0.0430556
1 0.627734 0.28125 0.00703125 0.0319444
0 0.646484 0.347917 0.00859375 0.0375
1 0.539844 0.264583 0.0078125 0.0347222
1 0.589453 0.323611 0.00859375 0.0333333
0 0.511719 0.380556 0.0125 0.0444444
1 0.690625 0.330556 0.0078125 0.0388889
0 0.808984 0.383333 0.00859375 0.0305556
1 0.445312 0.309028 0.0078125 0.0347222
1 0.782812 0.427778 0.0140625 0.0388889
1 0.203516 0.339583 0.00859375 0.0375
0 0.0949219 0.374306 0.0101562 0.0458333
0 0.332812 0.319444 0.0078125 0.0333333
1 0.241797 0.407639 0.0117188 0.0402778
0 0.35625 0.507639 0.0171875 0.0513889
4 0.839063 0.322222 0.075 0.0916667
