1 0.627734 0.269444 0.00703125 0.0416667
0 0.598437 0.327083 0.0078125 0.0347222
0 0.526563 0.235417 0.00625 0.0291667
1 0.586719 0.320139 0.0078125 0.0402778
1 0.629297 0.255556 0.00703125 0.0333333
0 0.590234 0.2375 0.00859375 0.0388889
0 0.517578 0.252778 0.00859375 0.0305556
0 0.628906 0.277778 0.0078125 0.0361111
0 0.450781 0.275 0.0078125 0.0388889
0 0.535156 0.275 0.0078125 0.0333333
1 0.485156 0.246528 0.0078125 0.0291667
1 0.463672 0.327778 0.0101562 0.0416667
1 0.835547 0.300694 0.00859375 0.0375
1 0.849219 0.420833 0.0140625 0.0527778
0 0.536328 0.33125 0.0101562 0.0430556
0 0.382031 0.334028 0.0078125 0.0486111
0 0.514453 0.388889 0.00859375 0.0472222
0 0.353125 0.415972 0.0078125 0.0458333
1 0.826953 0.510417 0.0132813 0.0597222
1 0.571484 0.46875 0.0132813 0.0513889
1 0.74375 0.338194 0.009375 0.0458333
0 0.803125 0.415972 0.0140625 0.0541667
4 0.183203 0.310417 0.0914062 0.0930556
