0 0.199609 0.278472 0.00859375 0.0319444
1 0.116797 0.379861 0.0226563 0.0402778
0 0.209766 0.304861 0.0101562 0.0347222
0 0.219531 0.299306 0.0109375 0.0347222
0 0.275391 0.363194 0.0117188 0.0402778
1 0.200781 0.278472 0.0078125 0.0291667
0 0.197656 0.336806 0.0109375 0.0347222
0 0.169141 0.313889 0.0101562 0.0388889
0 0.102344 0.372917 0.0109375 0.0347222
1 0.490625 0.249306 0.0140625 0.0347222
0 0.127344 0.367361 0.0109375 0.0402778
1 0.115234 0.39375 0.0117188 0.0347222
0 0.352734 0.341667 0.0101562 0.0416667
1 0.519141 0.421528 0.0101562 0.0541667
0 0.642969 0.310417 0.0125 0.0430556
0 0.544141 0.293056 0.0148437 0.0416667
1 0.746484 0.359028 0.00859375 0.0430556
1 0.503516 0.373611 0.0101562 0.0472222
0 0.684766 0.541667 0.0148437 0.0583333
1 0.76875 0.422917 0.0140625 0.0541667
1 0.316797 0.471528 0.0164062 0.0513889
1 0.807813 0.548611 0.01875 0.0611111
0 0.437891 0.583333 0.0164062 0.0555556
4 0.0625 0.272222 0.0859375 0.0888889
