0 0.560938 0.265972 0.009375 0.0375
1 0.870313 0.379861 0.0125 0.0486111
1 0.868359 0.366667 0.0117188 0.0388889
0 0.866797 0.388889 0.0164062 0.0444444
0 0.863281 0.38125 0.0125 0.0458333
0 0.553906 0.217361 0.009375 0.0319444
1 0.611719 0.321528 0.009375 0.0402778
1 0.448438 0.25625 0.0109375 0.0347222
1 0.571484 0.227083 0.00859375 0.0375
0 0.585938 0.29375 0.0109375 0.0375
0 0.369141 0.565972 0.0117188 0.0597222
0 0.623438 0.204861 0.009375 0.0347222
1 0.510547 0.252778 0.00859375 0.0361111
1 0.631641 0.265278 0.0101562 0.0361111
1 0.673047 0.250694 0.0132813 0.0375
0 0.430859 0.360417 0.0148437 0.0402778
0 0.328125 0.229167 0.0078125 0.0333333
0 0.238281 0.302083 0.0125 0.0458333
1 0.451172 0.315278 0.0101562 0.0444444
0 0.222266 0.405556 0.0117188 0.0472222
1 0.699609 0.280556 0.0132813 0.0388889
1 0.779688 0.464583 0.0140625 0.0513889
