0 0.504687 0.234722 0.0078125 0.0333333
0 0.497266 0.252083 0.00859375 0.0291667
1 0.577344 0.3125 0.0109375 0.0472222
1 0.464453 0.240972 0.00703125 0.0319444
0 0.585547 0.240278 0.00859375 0.0388889
0 0.441797 0.26875 0.00703125 0.0402778
0 0.6375 0.279861 0.009375 0.0319444
0 0.330469 0.394444 0.0109375 0.0444444
0 0.513281 0.327083 0.0109375 0.0430556
0 0.519531 0.270139 0.009375 0.0375
1 0.430859 0.327083 0.0101562 0.0402778
1 0.835938 0.304861 0.009375 0.0430556
1 0.620703 0.251389 0.00859375 0.0361111
0 0.372656 0.327778 0.0078125 0.0444444
0 0.482422 0.381944 0.0117188 0.0416667
1 0.748047 0.340278 0.00703125 0.0444444
1 0.853125 0.427083 0.0109375 0.0541667
1 0.516406 0.453472 0.015625 0.0486111
0 0.789062 0.426389 0.0125 0.0527778
1 0.810547 0.519444 0.0132813 0.0583333
4 0.185937 0.311111 0.090625 0.0944444
