0 0.392969 0.390278 0.01875 0.0722222
1 0.691797 0.247222 0.0101562 0.0361111
0 0.68125 0.267361 0.009375 0.0375
1 0.426562 0.204861 0.0078125 0.0347222
0 0.219922 0.346528 0.0117188 0.0458333
1 0.222656 0.356944 0.0109375 0.0444444
0 0.824219 0.315278 0.009375 0.0361111
1 0.351953 0.770833 0.0195312 0.075
1 0.407031 0.449306 0.0125 0.0541667
1 0.796094 0.29375 0.009375 0.0375
0 0.390625 0.377083 0.0109375 0.0513889
0 0.463672 0.291667 0.0132813 0.0361111
0 0.494922 0.247222 0.0101562 0.0388889
0 0.279687 0.266667 0.0078125 0.0388889
1 0.409766 0.261111 0.00859375 0.0388889
1 0.907422 0.509028 0.0148437 0.0597222
0 0.196094 0.432639 0.0109375 0.0541667
0 0.166016 0.542361 0.0132813 0.0625
1 0.617578 0.314583 0.00859375 0.0402778
1 0.245703 0.422917 0.0117188 0.0486111
0 0.486719 0.506944 0.015625 0.0555556
