1 0.528906 0.277083 0.009375 0.0319444
0 0.601562 0.254167 0.009375 0.0388889
1 0.562109 0.273611 0.00859375 0.0333333
0 0.546094 0.301389 0.009375 0.0333333
1 0.500391 0.338889 0.00859375 0.0388889
1 0.641406 0.279861 0.0109375 0.0402778
1 0.835547 0.414583 0.0101562 0.0513889
0 0.453906 0.303472 0.0078125 0.0347222
0 0.616406 0.283333 0.009375 0.0388889
1 0.73125 0.355556 0.009375 0.0444444
0 0.348828 0.471528 0.0101562 0.0569444
0 0.811719 0.40625 0.0109375 0.0486111
0 0.55625 0.360417 0.009375 0.0458333
1 0.619922 0.354861 0.0101562 0.0458333
0 0.383203 0.358333 0.00859375 0.0388889
1 0.808984 0.316667 0.00859375 0.0416667
0 0.596094 0.425694 0.0109375 0.0402778
1 0.848437 0.502083 0.0125 0.0513889
1 0.616797 0.511111 0.0117188 0.0555556
4 0.168359 0.33125 0.0851562 0.0930556
