1 0.666016 0.693056 0.0164062 0.0833333
1 0.655859 0.733333 0.0304688 0.0722222
1 0.663672 0.709722 0.0289063 0.105556
0 0.389844 0.365278 0.0125 0.0444444
0 0.2 0.611806 0.015625 0.0625
1 0.610547 0.325694 0.0164062 0.0430556
0 0.708594 0.284028 0.0109375 0.0347222
0 0.284375 0.288194 0.009375 0.0375
1 0.644141 0.501389 0.0195312 0.0472222
1 0.139062 0.527083 0.015625 0.0569444
1 0.800391 0.579167 0.0164062 0.0694444
0 0.552734 0.283333 0.0117188 0.0416667
0 0.252734 0.361806 0.0132813 0.0486111
1 0.104297 0.354167 0.0117188 0.0444444
1 0.419922 0.40625 0.0132813 0.0513889
0 0.223438 0.445139 0.0140625 0.0513889
1 0.6125 0.647917 0.0265625 0.0652778
0 0.825 0.692361 0.01875 0.0625
0 0.428516 0.508333 0.0164062 0.0583333
1 0.786719 0.372222 0.015625 0.0416667
0 0.634766 0.554167 0.0179687 0.0472222
