0 0.442187 0.3875 0.0109375 0.05
1 0.6625 0.211111 0.0078125 0.0333333
1 0.2375 0.341667 0.009375 0.0416667
1 0.427734 0.211806 0.00703125 0.0319444
1 0.387109 0.245139 0.00859375 0.0375
1 0.763281 0.226389 0.009375 0.0361111
0 0.511719 0.222917 0.0078125 0.0347222
1 0.402734 0.761111 0.0148437 0.0777778
0 0.217187 0.33125 0.009375 0.0458333
1 0.662891 0.297222 0.00859375 0.0416667
0 0.304297 0.249306 0.00859375 0.0347222
0 0.778516 0.271528 0.0117188 0.0375
1 0.439063 0.436111 0.0109375 0.0527778
0 0.707812 0.229167 0.0078125 0.0361111
1 0.301172 0.385417 0.0117188 0.0486111
0 0.477734 0.259028 0.00703125 0.0375
0 0.198047 0.395833 0.0117188 0.05
0 0.527734 0.467361 0.0101562 0.0569444
0 0.412109 0.333333 0.00859375 0.0444444
0 0.191797 0.522222 0.0132813 0.0611111
1 0.885156 0.486806 0.0171875 0.0597222
