0 0.664844 0.338889 0.0125 0.0388889
0 0.6 0.25625 0.0078125 0.0347222
1 0.528906 0.276389 0.009375 0.0333333
0 0.545313 0.299306 0.0078125 0.0319444
1 0.562109 0.275694 0.00859375 0.0347222
1 0.498828 0.339583 0.00859375 0.0402778
0 0.615234 0.282639 0.00859375 0.0347222
1 0.833594 0.413889 0.009375 0.05
0 0.451562 0.303472 0.0078125 0.0375
0 0.808594 0.405556 0.009375 0.0472222
0 0.380469 0.360417 0.0078125 0.0430556
1 0.729297 0.354861 0.00859375 0.0430556
1 0.640234 0.279861 0.0117188 0.0402778
1 0.805859 0.316667 0.00859375 0.0416667
1 0.618359 0.354861 0.0101562 0.0458333
0 0.554688 0.360417 0.009375 0.0430556
0 0.598828 0.425694 0.0117188 0.0430556
0 0.345703 0.472222 0.0101562 0.0527778
1 0.844531 0.502778 0.0140625 0.0527778
1 0.615234 0.515278 0.0117188 0.05
4 0.167187 0.329861 0.0859375 0.0930556
