0 0.391797 0.486111 0.0117188 0.0555556
0 0.103516 0.464583 0.00859375 0.0486111
1 0.191406 0.383333 0.0109375 0.0388889
1 0.117188 0.475694 0.0109375 0.0513889
0 0.3625 0.636111 0.0140625 0.0583333
1 0.288281 0.335417 0.009375 0.0402778
0 0.250391 0.320833 0.00859375 0.0388889
1 0.36875 0.242361 0.0078125 0.0319444
0 0.431641 0.286806 0.00859375 0.0375
0 0.36875 0.386806 0.0109375 0.0375
0 0.101562 0.594444 0.0140625 0.0611111
1 0.664062 0.342361 0.009375 0.0375
1 0.232031 0.492361 0.0109375 0.0541667
1 0.887891 0.688889 0.0195312 0.0666667
0 0.327344 0.484722 0.0171875 0.0416667
1 0.484766 0.419444 0.0117188 0.0472222
1 0.0851562 0.791667 0.01875 0.075
0 0.776563 0.601389 0.0171875 0.0527778
0 0.616406 0.361806 0.009375 0.0375
1 0.533984 0.289583 0.00859375 0.0347222
