0 0.935156 0.405556 0.009375 0.0388889
1 0.208203 0.223611 0.00703125 0.0305556
1 0.512891 0.363889 0.00859375 0.0416667
1 0.541016 0.334028 0.00859375 0.0402778
1 0.637109 0.303472 0.00703125 0.0347222
0 0.232422 0.280556 0.00859375 0.0333333
1 0.399609 0.247222 0.00859375 0.0333333
0 0.54375 0.254167 0.0078125 0.0333333
0 0.326172 0.352778 0.00859375 0.0416667
1 0.566797 0.2625 0.00859375 0.0361111
0 0.428125 0.434028 0.0125 0.0541667
0 0.435937 0.229167 0.009375 0.0305556
1 0.312109 0.306944 0.00859375 0.0388889
1 0.66875 0.603472 0.015625 0.0569444
0 0.167578 0.355556 0.0117188 0.0444444
0 0.652344 0.474306 0.0125 0.0486111
0 0.610937 0.391667 0.009375 0.0444444
1 0.280859 0.313889 0.00859375 0.0361111
1 0.739844 0.394444 0.009375 0.0444444
0 0.303906 0.548611 0.0125 0.0583333
0 0.172656 0.4625 0.0125 0.0555556
1 0.320312 0.449306 0.015625 0.0458333
4 0.907422 0.305556 0.0773437 0.0888889
