0 0.263672 0.538889 0.00703125 0.0194444
0 0.267188 0.380556 0.0109375 0.0388889
1 0.266016 0.38125 0.0101562 0.0375
0 0.360547 0.345833 0.0101562 0.0333333
1 0.209766 0.395833 0.0101562 0.0361111
1 0.467969 0.311806 0.009375 0.0402778
0 0.266016 0.413889 0.0101562 0.0416667
1 0.258984 0.309028 0.00859375 0.0319444
0 0.292969 0.305556 0.009375 0.0388889
0 0.252734 0.340972 0.0117188 0.0375
0 0.142578 0.433333 0.0101562 0.0472222
0 0.221875 0.403472 0.0109375 0.0402778
1 0.296875 0.475 0.0109375 0.0388889
0 0.601953 0.345833 0.0117188 0.0416667
1 0.771875 0.3875 0.0109375 0.0444444
0 0.611328 0.620833 0.0148437 0.0472222
1 0.470313 0.465278 0.0109375 0.05
0 0.509766 0.329167 0.0101562 0.0416667
1 0.728125 0.636111 0.015625 0.0583333
1 0.807031 0.484028 0.0140625 0.0541667
1 0.425391 0.402083 0.0101562 0.0402778
0 0.253516 0.645139 0.0179687 0.0541667
4 0.135547 0.288194 0.0773437 0.0875
