0 0.362891 0.372917 0.0226563 0.0513889
1 0.432422 0.434028 0.0226563 0.0291667
0 0.448828 0.365278 0.0148437 0.0527778
1 0.360938 0.356944 0.0125 0.0388889
0 0.366797 0.384028 0.0164062 0.0375
0 0.214844 0.320139 0.0109375 0.0402778
1 0.438672 0.4375 0.0179687 0.0277778
0 0.430859 0.389583 0.0117188 0.0430556
1 0.208203 0.345139 0.0117188 0.0347222
0 0.165625 0.391667 0.0125 0.05
1 0.683984 0.3375 0.0101562 0.0444444
0 0.65 0.494444 0.0140625 0.0611111
1 0.478516 0.586111 0.0179687 0.0583333
0 0.645703 0.284028 0.0101562 0.0402778
0 0.320703 0.275 0.0101562 0.0361111
1 0.620703 0.240278 0.0117188 0.0361111
0 0.326562 0.484722 0.01875 0.0527778
1 0.566406 0.438194 0.015625 0.0541667
0 0.683594 0.271528 0.0109375 0.0402778
1 0.802344 0.421528 0.0140625 0.0541667
0 0.675781 0.710417 0.01875 0.0652778
1 0.123438 0.488194 0.0171875 0.0541667
1 0.786719 0.513889 0.01875 0.0611111
