1 0.573828 0.256944 0.00703125 0.0305556
0 0.319922 0.334028 0.00859375 0.0430556
1 0.336328 0.333333 0.00703125 0.0361111
0 0.515625 0.253472 0.0078125 0.0291667
0 0.483203 0.264583 0.00703125 0.0263889
0 0.665625 0.277778 0.009375 0.0305556
1 0.592969 0.297222 0.0078125 0.0333333
0 0.444531 0.375694 0.0078125 0.0430556
1 0.830469 0.325694 0.0078125 0.0375
0 0.288672 0.365972 0.0101562 0.0402778
0 0.398047 0.331944 0.0117188 0.0361111
1 0.520312 0.338194 0.009375 0.0402778
0 0.371875 0.288889 0.0078125 0.0388889
1 0.383203 0.436111 0.0117188 0.0444444
0 0.799609 0.428472 0.0101562 0.0458333
1 0.704297 0.338889 0.00859375 0.0416667
1 0.857813 0.424306 0.009375 0.0486111
1 0.842578 0.510417 0.0132813 0.0569444
4 0.169922 0.334028 0.0804688 0.0875
