1 0.627344 0.188889 0.009375 0.0361111
0 0.516406 0.246528 0.009375 0.0347222
1 0.521094 0.236806 0.0109375 0.0319444
0 0.68125 0.217361 0.009375 0.0402778
0 0.623047 0.186111 0.0101562 0.0361111
1 0.523828 0.241667 0.00859375 0.0388889
0 0.728516 0.264583 0.0101562 0.0458333
0 0.517969 0.261111 0.0109375 0.0416667
1 0.743359 0.298611 0.0101562 0.0527778
1 0.675 0.261806 0.009375 0.0458333
1 0.721094 0.233333 0.009375 0.0361111
0 0.622656 0.232639 0.009375 0.0375
0 0.366016 0.181944 0.0101562 0.0416667
1 0.433203 0.221528 0.0101562 0.0402778
1 0.761328 0.372222 0.0148437 0.0555556
1 0.568359 0.304167 0.0117188 0.0527778
0 0.34375 0.232639 0.0125 0.0513889
0 0.483984 0.309028 0.0117188 0.0513889
1 0.302344 0.375694 0.0140625 0.0569444
0 0.189453 0.381944 0.0148437 0.0583333
0 0.678516 0.372222 0.0148437 0.0527778
1 0.640234 0.503472 0.0179687 0.0652778
0 0.273828 0.555556 0.0226563 0.075
