1 0.571094 0.243056 0.0109375 0.0416667
0 0.356641 0.216667 0.00859375 0.0333333
0 0.674609 0.279167 0.0132813 0.0361111
1 0.648047 0.2125 0.00859375 0.0333333
0 0.752734 0.384028 0.0164062 0.0458333
1 0.661719 0.249306 0.009375 0.0375
1 0.626953 0.316667 0.0132813 0.0472222
1 0.734375 0.279861 0.015625 0.0375
0 0.43125 0.348611 0.0140625 0.05
0 0.609766 0.207639 0.0101562 0.0375
0 0.698438 0.210417 0.0078125 0.0347222
0 0.516797 0.245833 0.00859375 0.0416667
1 0.480859 0.301389 0.0132813 0.0472222
1 0.443359 0.241667 0.00859375 0.0388889
0 0.362109 0.590972 0.0164062 0.0652778
1 0.721484 0.239583 0.0101562 0.0402778
1 0.764063 0.463194 0.0125 0.0569444
0 0.247266 0.282639 0.0101562 0.0486111
1 0.808594 0.373611 0.01875 0.05
0 0.202734 0.401389 0.0164062 0.0527778
