0 0.444922 0.423611 0.0132813 0.0472222
0 0.377344 0.367361 0.00625 0.0541667
1 0.218359 0.465972 0.0101562 0.0513889
1 0.712109 0.227778 0.00859375 0.0361111
1 0.468359 0.277083 0.00859375 0.0402778
1 0.374219 0.422917 0.0125 0.0513889
1 0.605859 0.335417 0.0101562 0.0430556
0 0.517578 0.239583 0.00859375 0.0402778
1 0.756641 0.313889 0.0101562 0.0416667
0 0.639453 0.277083 0.0101562 0.0375
1 0.211719 0.392361 0.0109375 0.0486111
0 0.188672 0.495139 0.0117188 0.0569444
0 0.194141 0.357639 0.0101562 0.0513889
0 0.519531 0.484028 0.0140625 0.0513889
1 0.497656 0.205556 0.0078125 0.0361111
0 0.433203 0.282639 0.00859375 0.0375
1 0.881641 0.477083 0.0132813 0.0569444
0 0.331641 0.252083 0.00859375 0.0375
1 0.517969 0.689583 0.0265625 0.0736111
0 0.698438 0.348611 0.009375 0.0444444
0 0.155078 0.427083 0.0132813 0.0541667
