0 0.451172 0.427778 0.0132813 0.0444444
0 0.636719 0.890972 0.0265625 0.0736111
1 0.663281 0.863889 0.0265625 0.0694444
1 0.544531 0.338889 0.0140625 0.0388889
0 0.551953 0.307639 0.0117188 0.0375
0 0.285937 0.298611 0.009375 0.0361111
1 0.149609 0.477083 0.0117188 0.0486111
1 0.786328 0.390278 0.0148437 0.0472222
1 0.520703 0.786111 0.0226563 0.0777778
1 0.155859 0.340972 0.0117188 0.0458333
0 0.369922 0.458333 0.0148437 0.05
0 0.235547 0.356944 0.0132813 0.0444444
0 0.700391 0.330556 0.0101562 0.0416667
1 0.34375 0.419444 0.0140625 0.0555556
0 0.473437 0.777778 0.025 0.0722222
0 0.2125 0.441667 0.0109375 0.0527778
0 0.389062 0.359722 0.0109375 0.0416667
1 0.427734 0.630556 0.0195312 0.0611111
1 0.790625 0.554861 0.0140625 0.0486111
0 0.141406 0.551389 0.0171875 0.0555556
1 0.541016 0.448611 0.0101562 0.0527778
