0 0.228125 0.346528 0.0140625 0.0458333
0 0.221875 0.340972 0.0140625 0.0430556
1 0.228516 0.350694 0.0132813 0.0430556
1 0.675 0.225694 0.0078125 0.0375
1 0.425 0.213889 0.0078125 0.0305556
1 0.777344 0.247222 0.009375 0.0361111
0 0.288281 0.257639 0.0078125 0.0375
1 0.434375 0.445833 0.0125 0.0638889
0 0.811719 0.279861 0.009375 0.0347222
1 0.396484 0.252083 0.0101562 0.0347222
0 0.710938 0.250694 0.0078125 0.0375
0 0.503125 0.230556 0.00625 0.0361111
1 0.26875 0.400694 0.0125 0.0513889
0 0.419922 0.355556 0.00859375 0.0472222
1 0.650391 0.306944 0.0101562 0.0444444
0 0.198047 0.415278 0.0117188 0.0527778
0 0.180469 0.536111 0.0140625 0.0611111
1 0.901953 0.500694 0.0164062 0.0541667
0 0.528516 0.486111 0.0117188 0.0583333
1 0.365625 0.778472 0.0171875 0.0819444
0 0.489453 0.273611 0.00859375 0.0333333
