1 0.479688 0.352083 0.009375 0.0375
0 0.920313 0.403472 0.0109375 0.0430556
1 0.400391 0.252083 0.00859375 0.0347222
1 0.535156 0.328472 0.009375 0.0291667
1 0.309375 0.308333 0.009375 0.0361111
1 0.526563 0.358333 0.009375 0.0361111
0 0.588281 0.389583 0.009375 0.0458333
0 0.316406 0.35 0.0078125 0.0361111
0 0.434766 0.234722 0.00703125 0.0305556
1 0.348047 0.434028 0.0148437 0.0486111
1 0.2875 0.30625 0.0078125 0.0319444
0 0.223047 0.283333 0.00859375 0.0361111
1 0.621094 0.309028 0.009375 0.0375
0 0.441406 0.428472 0.0109375 0.0513889
0 0.528906 0.25625 0.0078125 0.0347222
0 0.650391 0.446528 0.0101562 0.0402778
1 0.719922 0.386111 0.0101562 0.0472222
1 0.558594 0.273611 0.0078125 0.0361111
0 0.155469 0.357639 0.0109375 0.0430556
1 0.694531 0.556944 0.0140625 0.0555556
0 0.311328 0.555556 0.0132813 0.0611111
0 0.178906 0.461806 0.015625 0.0458333
4 0.89375 0.305556 0.0796875 0.0916667
