0 0.509375 0.253472 0.0125 0.0458333
0 0.138672 0.19375 0.00703125 0.0375
0 0.505078 0.2625 0.0179687 0.0472222
0 0.732813 0.272917 0.0109375 0.0402778
0 0.734766 0.2875 0.0101562 0.05
1 0.510547 0.250694 0.00859375 0.0402778
0 0.638672 0.413889 0.0148437 0.0638889
1 0.734375 0.311806 0.009375 0.0458333
1 0.721094 0.249306 0.0109375 0.0458333
0 0.499609 0.265278 0.0117188 0.0416667
1 0.616016 0.197917 0.0132813 0.0458333
0 0.116797 0.414583 0.0195312 0.0541667
1 0.677344 0.280556 0.009375 0.0444444
1 0.436328 0.235417 0.0101562 0.0375
0 0.603906 0.240972 0.009375 0.0486111
0 0.405859 0.197222 0.00859375 0.0388889
0 0.344531 0.244444 0.0125 0.0472222
1 0.518359 0.314583 0.0117188 0.0513889
1 0.747266 0.403472 0.0132813 0.0652778
1 0.264453 0.380556 0.0164062 0.0527778
1 0.592578 0.520139 0.0195312 0.0625
0 0.453906 0.329167 0.015625 0.0527778
0 0.146484 0.577778 0.0195312 0.075
