3 1 907 199 178 520 -1 -1 -1 -1 
4 1 910 200 176 519 -1 -1 -1 -1 
5 1 911 201 177 518 -1 -1 -1 -1 
6 1 913 202 176 517 -1 -1 -1 -1 
7 1 912 204 181 515 -1 -1 -1 -1 
8 1 915 205 178 514 -1 -1 -1 -1 
9 1 916 204 177 515 -1 -1 -1 -1 
10 1 916 205 178 514 -1 -1 -1 -1 
11 1 917 202 181 517 -1 -1 -1 -1 
12 1 920 203 178 516 -1 -1 -1 -1 
13 1 921 203 176 516 -1 -1 -1 -1 
14 1 923 205 173 514 -1 -1 -1 -1 
15 1 927 211 172 508 -1 -1 -1 -1 
16 1 931 215 169 504 -1 -1 -1 -1 
17 1 934 213 167 506 -1 -1 -1 -1 
18 1 937 211 171 508 -1 -1 -1 -1 
19 1 941 222 170 497 -1 -1 -1 -1 
20 1 943 225 169 494 -1 -1 -1 -1 
21 1 942 211 177 508 -1 -1 -1 -1 
22 1 944 209 177 510 -1 -1 -1 -1 
23 1 943 209 184 510 -1 -1 -1 -1 
24 1 945 208 184 511 -1 -1 -1 -1 
25 1 950 213 179 506 -1 -1 -1 -1 
26 1 953 212 177 507 -1 -1 -1 -1 
27 1 953 212 181 507 -1 -1 -1 -1 
28 1 956 213 179 506 -1 -1 -1 -1 
29 1 955 215 182 504 -1 -1 -1 -1 
30 1 963 218 173 501 -1 -1 -1 -1 
31 1 963 217 172 502 -1 -1 -1 -1 
32 1 967 218 173 501 -1 -1 -1 -1 
33 1 971 216 170 503 -1 -1 -1 -1 
34 1 972 208 172 511 -1 -1 -1 -1 
35 1 972 221 171 498 -1 -1 -1 -1 
36 1 969 209 180 510 -1 -1 -1 -1 
37 1 972 210 181 509 -1 -1 -1 -1 
38 1 970 211 185 508 -1 -1 -1 -1 
39 1 972 214 184 505 -1 -1 -1 -1 
40 1 975 215 180 504 -1 -1 -1 -1 
41 1 976 213 181 506 -1 -1 -1 -1 
42 1 978 213 182 506 -1 -1 -1 -1 
43 1 980 212 182 507 -1 -1 -1 -1 
44 1 985 214 178 505 -1 -1 -1 -1 
45 1 985 214 177 505 -1 -1 -1 -1 
46 1 986 211 178 508 -1 -1 -1 -1 
47 1 984 210 184 509 -1 -1 -1 -1 
48 1 986 210 181 509 -1 -1 -1 -1 
49 1 985 212 182 507 -1 -1 -1 -1 
50 1 986 212 183 507 -1 -1 -1 -1 
51 1 994 215 174 504 -1 -1 -1 -1 
52 1 992 217 176 502 -1 -1 -1 -1 
53 1 992 217 180 502 -1 -1 -1 -1 
54 1 990 218 183 501 -1 -1 -1 -1 
55 1 992 217 182 502 -1 -1 -1 -1 
56 1 991 220 182 499 -1 -1 -1 -1 
57 1 995 218 176 501 -1 -1 -1 -1 
58 1 996 216 173 503 -1 -1 -1 -1 
59 1 997 218 172 501 -1 -1 -1 -1 
60 1 997 219 176 500 -1 -1 -1 -1 
61 1 996 215 180 504 -1 -1 -1 -1 
62 1 996 215 181 504 -1 -1 -1 -1 
63 1 995 212 179 507 -1 -1 -1 -1 
64 1 996 218 182 501 -1 -1 -1 -1 
65 1 994 219 187 500 -1 -1 -1 -1 
66 1 996 221 185 498 -1 -1 -1 -1 
67 1 996 221 185 498 -1 -1 -1 -1 
68 1 1003 219 175 500 -1 -1 -1 -1 
69 1 1005 220 173 499 -1 -1 -1 -1 
70 1 1006 220 171 499 -1 -1 -1 -1 
71 1 1001 227 179 492 -1 -1 -1 -1 
72 1 1006 220 171 499 -1 -1 -1 -1 
73 1 1006 219 174 500 -1 -1 -1 -1 
74 1 1006 219 178 500 -1 -1 -1 -1 
75 1 1008 216 174 503 -1 -1 -1 -1 
76 1 1010 216 174 503 -1 -1 -1 -1 
77 1 1012 216 172 503 -1 -1 -1 -1 
78 1 1012 217 176 502 -1 -1 -1 -1 
79 1 1011 216 179 503 -1 -1 -1 -1 
80 1 1012 215 179 504 -1 -1 -1 -1 
81 1 1013 214 179 505 -1 -1 -1 -1 
82 1 1013 212 181 507 -1 -1 -1 -1 
83 1 1016 214 177 505 -1 -1 -1 -1 
84 1 1018 217 174 502 -1 -1 -1 -1 
85 1 1017 215 178 504 -1 -1 -1 -1 
86 1 1017 215 180 504 -1 -1 -1 -1 
87 1 1017 216 181 503 -1 -1 -1 -1 
88 1 1019 216 180 503 -1 -1 -1 -1 
89 1 1018 220 182 499 -1 -1 -1 -1 
90 1 1017 216 183 503 -1 -1 -1 -1 
91 1 1019 218 182 501 -1 -1 -1 -1 
92 1 1018 215 186 504 -1 -1 -1 -1 
93 1 1025 220 180 499 -1 -1 -1 -1 
94 1 1024 216 180 503 -1 -1 -1 -1 
95 1 1025 218 181 501 -1 -1 -1 -1 
96 1 1025 219 181 500 -1 -1 -1 -1 
97 1 1026 222 180 497 -1 -1 -1 -1 
98 1 1028 221 179 498 -1 -1 -1 -1 
99 1 1027 222 181 497 -1 -1 -1 -1 
100 1 1031 226 176 493 -1 -1 -1 -1 
101 1 1037 221 170 498 -1 -1 -1 -1 
102 1 1037 223 173 496 -1 -1 -1 -1 
103 1 1036 221 175 498 -1 -1 -1 -1 
104 1 1038 223 173 496 -1 -1 -1 -1 
105 1 1039 222 173 497 -1 -1 -1 -1 
106 1 1038 218 175 501 -1 -1 -1 -1 
107 1 1039 220 172 499 -1 -1 -1 -1 
108 1 1039 221 174 498 -1 -1 -1 -1 
109 1 1041 224 170 495 -1 -1 -1 -1 
110 1 1041 222 172 497 -1 -1 -1 -1 
111 1 1040 220 174 499 -1 -1 -1 -1 
112 1 1043 216 173 503 -1 -1 -1 -1 
113 1 1041 216 174 503 -1 -1 -1 -1 
114 1 1042 214 176 505 -1 -1 -1 -1 
115 1 1045 216 172 503 -1 -1 -1 -1 
116 1 1044 215 175 504 -1 -1 -1 -1 
117 1 1046 217 175 502 -1 -1 -1 -1 
118 1 1048 220 174 499 -1 -1 -1 -1 
119 1 1052 219 170 500 -1 -1 -1 -1 
120 1 1051 217 173 502 -1 -1 -1 -1 
121 1 1052 221 176 498 -1 -1 -1 -1 
122 1 1051 220 174 499 -1 -1 -1 -1 
123 1 1053 220 171 499 -1 -1 -1 -1 
124 1 1054 215 170 504 -1 -1 -1 -1 
125 1 1053 213 173 506 -1 -1 -1 -1 
126 1 1055 215 173 504 -1 -1 -1 -1 
127 1 1057 216 171 503 -1 -1 -1 -1 
128 1 1058 217 169 502 -1 -1 -1 -1 
129 1 1058 214 171 505 -1 -1 -1 -1 
130 1 1059 217 169 502 -1 -1 -1 -1 
131 1 1061 219 168 500 -1 -1 -1 -1 
132 1 1063 222 166 497 -1 -1 -1 -1 
133 1 1062 222 167 497 -1 -1 -1 -1 
134 1 1061 222 171 497 -1 -1 -1 -1 
135 1 1065 224 168 495 -1 -1 -1 -1 
136 1 1065 224 169 495 -1 -1 -1 -1 
137 1 1066 223 169 496 -1 -1 -1 -1 
138 1 1067 226 165 493 -1 -1 -1 -1 
139 1 1067 226 166 493 -1 -1 -1 -1 
140 1 1068 223 165 496 -1 -1 -1 -1 
141 1 1068 227 164 492 -1 -1 -1 -1 
142 1 1071 228 160 491 -1 -1 -1 -1 
143 1 1075 236 157 483 -1 -1 -1 -1 
144 1 1078 237 156 482 -1 -1 -1 -1 
145 1 1072 214 172 505 -1 -1 -1 -1 
146 1 1072 213 172 506 -1 -1 -1 -1 
147 1 1073 210 173 509 -1 -1 -1 -1 
148 1 1072 209 175 510 -1 -1 -1 -1 
149 1 1073 208 174 511 -1 -1 -1 -1 
150 1 1074 208 170 511 -1 -1 -1 -1 
151 1 1072 207 173 512 -1 -1 -1 -1 
152 1 1072 207 173 512 -1 -1 -1 -1 
153 1 1072 206 174 513 -1 -1 -1 -1 
154 1 1072 205 174 514 -1 -1 -1 -1 
155 1 1072 202 173 517 -1 -1 -1 -1 
156 1 1074 200 172 519 -1 -1 -1 -1 
157 1 1074 199 176 520 -1 -1 -1 -1 
158 1 1073 199 178 520 -1 -1 -1 -1 
159 1 1072 199 180 520 -1 -1 -1 -1 
160 1 1074 199 178 520 -1 -1 -1 -1 
161 1 1073 199 182 520 -1 -1 -1 -1 
162 1 1073 198 182 521 -1 -1 -1 -1 
163 1 1074 196 179 523 -1 -1 -1 -1 
164 1 1073 196 182 523 -1 -1 -1 -1 
165 1 1076 204 179 515 -1 -1 -1 -1 
166 1 1078 203 179 516 -1 -1 -1 -1 
167 1 1079 203 179 516 -1 -1 -1 -1 
168 1 1077 201 181 518 -1 -1 -1 -1 
169 1 1078 203 182 516 -1 -1 -1 -1 
170 1 1078 200 182 519 -1 -1 -1 -1 
171 1 1080 200 179 519 -1 -1 -1 -1 
172 1 1080 203 179 516 -1 -1 -1 -1 
173 1 1080 203 179 516 -1 -1 -1 -1 
174 1 1080 205 178 514 -1 -1 -1 -1 
175 1 1078 204 182 515 -1 -1 -1 -1 
176 1 1079 203 181 516 -1 -1 -1 -1 
177 1 1078 205 184 514 -1 -1 -1 -1 
178 1 1076 205 188 514 -1 -1 -1 -1 
179 1 1077 205 187 514 -1 -1 -1 -1 
180 1 1078 207 186 512 -1 -1 -1 -1 
181 1 1080 209 184 510 -1 -1 -1 -1 
182 1 1082 212 183 507 -1 -1 -1 -1 
183 1 1086 216 179 503 -1 -1 -1 -1 
184 1 1087 217 179 502 -1 -1 -1 -1 
185 1 1089 217 177 502 -1 -1 -1 -1 
186 1 1089 215 177 504 -1 -1 -1 -1 
187 1 1090 216 176 503 -1 -1 -1 -1 
188 1 1088 214 178 505 -1 -1 -1 -1 
189 1 1092 218 175 501 -1 -1 -1 -1 
190 1 1094 218 172 501 -1 -1 -1 -1 
191 1 1095 221 172 498 -1 -1 -1 -1 
192 1 1093 222 174 497 -1 -1 -1 -1 
193 1 1098 225 170 494 -1 -1 -1 -1 
194 1 1100 226 167 493 -1 -1 -1 -1 
195 1 1099 226 169 493 -1 -1 -1 -1 
196 1 1099 227 169 492 -1 -1 -1 -1 
197 1 1100 227 168 492 -1 -1 -1 -1 
198 1 1101 229 167 490 -1 -1 -1 -1 
199 1 1099 228 168 491 -1 -1 -1 -1 
200 1 1098 227 169 492 -1 -1 -1 -1 
201 1 1098 226 169 493 -1 -1 -1 -1 
202 1 1094 216 182 503 -1 -1 -1 -1 
203 1 1100 224 168 495 -1 -1 -1 -1 
204 1 1101 226 167 493 -1 -1 -1 -1 
205 1 1095 216 182 503 -1 -1 -1 -1 
206 1 1095 217 182 502 -1 -1 -1 -1 
207 1 1095 218 182 501 -1 -1 -1 -1 
208 1 1095 216 183 503 -1 -1 -1 -1 
209 1 1094 216 185 503 -1 -1 -1 -1 
210 1 1094 215 185 504 -1 -1 -1 -1 
211 1 1095 214 184 505 -1 -1 -1 -1 
212 1 1095 215 184 504 -1 -1 -1 -1 
213 1 1095 218 181 501 -1 -1 -1 -1 
214 1 1093 217 185 502 -1 -1 -1 -1 
215 1 1093 215 186 504 -1 -1 -1 -1 
216 1 1094 215 184 504 -1 -1 -1 -1 
217 1 1094 216 185 503 -1 -1 -1 -1 
218 1 1096 219 183 500 -1 -1 -1 -1 
219 1 1097 219 182 500 -1 -1 -1 -1 
220 1 1098 216 181 503 -1 -1 -1 -1 
221 1 1097 214 182 505 -1 -1 -1 -1 
222 1 1097 213 182 506 -1 -1 -1 -1 
223 1 1097 213 182 506 -1 -1 -1 -1 
224 1 1097 214 182 505 -1 -1 -1 -1 
225 1 1097 213 182 506 -1 -1 -1 -1 
226 1 1097 212 182 507 -1 -1 -1 -1 
227 1 1097 211 182 508 -1 -1 -1 -1 
228 1 1097 209 182 510 -1 -1 -1 -1 
229 1 1097 208 182 511 -1 -1 -1 -1 
230 1 1097 207 182 512 -1 -1 -1 -1 
231 1 1097 208 182 511 -1 -1 -1 -1 
232 1 1097 208 182 511 -1 -1 -1 -1 
233 1 1096 207 183 512 -1 -1 -1 -1 
234 1 1095 207 184 512 -1 -1 -1 -1 
235 1 1095 208 184 511 -1 -1 -1 -1 
236 1 1096 209 183 510 -1 -1 -1 -1 
237 1 1095 208 184 511 -1 -1 -1 -1 
238 1 1095 213 184 506 -1 -1 -1 -1 
239 1 1094 212 185 507 -1 -1 -1 -1 
240 1 1094 212 185 507 -1 -1 -1 -1 
241 1 1094 212 185 507 -1 -1 -1 -1 
242 1 1095 211 184 508 -1 -1 -1 -1 
243 1 1099 211 180 508 -1 -1 -1 -1 
244 1 1099 211 180 508 -1 -1 -1 -1 
245 1 1098 211 181 508 -1 -1 -1 -1 
246 1 1098 211 181 508 -1 -1 -1 -1 
247 1 1099 212 180 507 -1 -1 -1 -1 
248 1 1100 213 179 506 -1 -1 -1 -1 
249 1 1097 209 182 510 -1 -1 -1 -1 
250 1 1097 211 182 508 -1 -1 -1 -1 
251 1 1097 211 182 508 -1 -1 -1 -1 
252 1 1097 211 182 508 -1 -1 -1 -1 
253 1 1098 212 181 507 -1 -1 -1 -1 
254 1 1098 213 181 506 -1 -1 -1 -1 
255 1 1099 213 180 506 -1 -1 -1 -1 
256 1 1099 215 180 504 -1 -1 -1 -1 
257 1 1096 210 183 509 -1 -1 -1 -1 
258 1 1096 213 183 506 -1 -1 -1 -1 
259 1 1095 214 184 505 -1 -1 -1 -1 
260 1 1094 215 185 504 -1 -1 -1 -1 
261 1 1093 213 186 506 -1 -1 -1 -1 
262 1 1094 212 185 507 -1 -1 -1 -1 
263 1 1093 209 186 510 -1 -1 -1 -1 
264 1 1092 209 187 510 -1 -1 -1 -1 
265 1 1094 211 185 508 -1 -1 -1 -1 
266 1 1093 211 186 508 -1 -1 -1 -1 
267 1 1105 231 164 488 -1 -1 -1 -1 
268 1 1093 211 186 508 -1 -1 -1 -1 
269 1 1093 210 186 509 -1 -1 -1 -1 
270 1 1094 208 185 511 -1 -1 -1 -1 
271 1 1094 208 185 511 -1 -1 -1 -1 
272 1 1095 208 184 511 -1 -1 -1 -1 
273 1 1096 210 183 509 -1 -1 -1 -1 
274 1 1096 211 183 508 -1 -1 -1 -1 
275 1 1096 212 183 507 -1 -1 -1 -1 
276 1 1109 232 157 487 -1 -1 -1 -1 
277 1 1108 230 157 489 -1 -1 -1 -1 
278 1 1105 228 161 491 -1 -1 -1 -1 
279 1 1104 230 162 489 -1 -1 -1 -1 
280 1 1103 230 162 489 -1 -1 -1 -1 
281 1 1106 234 160 485 -1 -1 -1 -1 
282 1 1105 236 161 483 -1 -1 -1 -1 
283 1 1104 237 163 482 -1 -1 -1 -1 
284 1 1105 236 159 483 -1 -1 -1 -1 
285 1 1105 236 160 483 -1 -1 -1 -1 
286 1 1103 238 164 481 -1 -1 -1 -1 
287 1 1100 235 167 484 -1 -1 -1 -1 
288 1 1096 222 170 497 -1 -1 -1 -1 
289 1 1097 224 171 495 -1 -1 -1 -1 
290 1 1097 226 170 493 -1 -1 -1 -1 
291 1 1096 225 170 494 -1 -1 -1 -1 
292 1 1095 225 171 494 -1 -1 -1 -1 
293 1 1097 225 169 494 -1 -1 -1 -1 
294 1 1097 222 170 497 -1 -1 -1 -1 
295 1 1097 221 171 498 -1 -1 -1 -1 
296 1 1096 221 173 498 -1 -1 -1 -1 
297 1 1092 217 177 502 -1 -1 -1 -1 
298 1 1092 217 177 502 -1 -1 -1 -1 
299 1 1091 217 177 502 -1 -1 -1 -1 
300 1 1090 215 178 504 -1 -1 -1 -1 
301 1 1089 213 178 506 -1 -1 -1 -1 
302 1 1090 215 174 504 -1 -1 -1 -1 
303 1 1090 212 173 507 -1 -1 -1 -1 
304 1 1090 214 174 505 -1 -1 -1 -1 
305 1 1088 212 176 507 -1 -1 -1 -1 
306 1 1087 205 176 514 -1 -1 -1 -1 
307 1 1086 207 176 512 -1 -1 -1 -1 
308 1 1085 208 177 511 -1 -1 -1 -1 
309 1 1081 206 181 513 -1 -1 -1 -1 
310 1 1082 207 180 512 -1 -1 -1 -1 
311 1 1082 206 179 513 -1 -1 -1 -1 
312 1 1080 205 180 514 -1 -1 -1 -1 
313 1 1079 206 183 513 -1 -1 -1 -1 
314 1 1080 208 180 511 -1 -1 -1 -1 
315 1 1078 207 182 512 -1 -1 -1 -1 
316 1 1079 209 181 510 -1 -1 -1 -1 
317 1 1076 203 182 516 -1 -1 -1 -1 
318 1 1079 210 177 509 -1 -1 -1 -1 
319 1 1078 206 178 513 -1 -1 -1 -1 
320 1 1078 204 179 515 -1 -1 -1 -1 
321 1 1079 205 178 514 -1 -1 -1 -1 
322 1 1077 205 179 514 -1 -1 -1 -1 
323 1 1076 203 180 516 -1 -1 -1 -1 
324 1 1075 205 181 514 -1 -1 -1 -1 
325 1 1074 205 182 514 -1 -1 -1 -1 
326 1 1073 204 183 515 -1 -1 -1 -1 
327 1 1074 204 179 515 -1 -1 -1 -1 
328 1 1074 205 175 514 -1 -1 -1 -1 
329 1 1073 204 177 515 -1 -1 -1 -1 
330 1 1071 204 178 515 -1 -1 -1 -1 
331 1 1071 207 177 512 -1 -1 -1 -1 
332 1 1069 209 178 510 -1 -1 -1 -1 
333 1 1067 209 180 510 -1 -1 -1 -1 
334 1 1066 212 181 507 -1 -1 -1 -1 
335 1 1068 228 171 491 -1 -1 -1 -1 
336 1 1066 228 170 491 -1 -1 -1 -1 
337 1 1065 229 170 490 -1 -1 -1 -1 
338 1 1063 225 172 494 -1 -1 -1 -1 
339 1 1062 224 174 495 -1 -1 -1 -1 
340 1 1060 223 177 496 -1 -1 -1 -1 
341 1 1060 226 178 493 -1 -1 -1 -1 
342 1 1056 223 181 496 -1 -1 -1 -1 
343 1 1062 232 172 487 -1 -1 -1 -1 
344 1 1060 230 174 489 -1 -1 -1 -1 
345 1 1056 226 179 493 -1 -1 -1 -1 
346 1 1053 222 183 497 -1 -1 -1 -1 
347 1 1051 222 184 497 -1 -1 -1 -1 
348 1 1048 220 187 499 -1 -1 -1 -1 
349 1 1049 221 184 498 -1 -1 -1 -1 
350 1 1049 221 182 498 -1 -1 -1 -1 
351 1 1047 219 184 500 -1 -1 -1 -1 
352 1 1046 216 184 503 -1 -1 -1 -1 
353 1 1047 219 180 500 -1 -1 -1 -1 
354 1 1046 217 182 502 -1 -1 -1 -1 
355 1 1047 219 182 500 -1 -1 -1 -1 
356 1 1045 221 183 498 -1 -1 -1 -1 
357 1 1041 219 188 500 -1 -1 -1 -1 
358 1 1041 219 187 500 -1 -1 -1 -1 
359 1 1042 220 185 499 -1 -1 -1 -1 
360 1 1042 218 185 501 -1 -1 -1 -1 
361 1 1043 217 180 502 -1 -1 -1 -1 
362 1 1043 215 179 504 -1 -1 -1 -1 
363 1 1040 216 182 503 -1 -1 -1 -1 
364 1 1038 218 184 501 -1 -1 -1 -1 
365 1 1036 217 183 502 -1 -1 -1 -1 
366 1 1038 220 180 499 -1 -1 -1 -1 
367 1 1039 220 178 499 -1 -1 -1 -1 
368 1 1039 220 179 499 -1 -1 -1 -1 
369 1 1041 224 174 495 -1 -1 -1 -1 
370 1 1040 225 172 494 -1 -1 -1 -1 
371 1 1039 226 171 493 -1 -1 -1 -1 
372 1 1038 230 170 489 -1 -1 -1 -1 
373 1 1037 229 170 490 -1 -1 -1 -1 
374 1 1037 230 167 489 -1 -1 -1 -1 
375 1 1024 227 178 492 -1 -1 -1 -1 
376 1 1024 227 176 492 -1 -1 -1 -1 
377 1 1026 226 179 493 -1 -1 -1 -1 
378 1 1025 224 179 495 -1 -1 -1 -1 
379 1 1025 221 176 498 -1 -1 -1 -1 
380 1 1023 217 176 502 -1 -1 -1 -1 
381 1 1019 214 183 505 -1 -1 -1 -1 
382 1 1017 214 184 505 -1 -1 -1 -1 
383 1 1015 213 183 506 -1 -1 -1 -1 
384 1 1013 211 184 508 -1 -1 -1 -1 
385 1 1016 215 177 504 -1 -1 -1 -1 
386 1 1014 215 175 504 -1 -1 -1 -1 
387 1 1009 216 177 503 -1 -1 -1 -1 
388 1 1008 215 173 504 -1 -1 -1 -1 
389 1 1004 216 176 503 -1 -1 -1 -1 
390 1 999 223 181 496 -1 -1 -1 -1 
391 1 995 218 184 501 -1 -1 -1 -1 
392 1 993 216 181 503 -1 -1 -1 -1 
393 1 995 218 183 501 -1 -1 -1 -1 
394 1 989 212 185 507 -1 -1 -1 -1 
395 1 989 216 180 503 -1 -1 -1 -1 
396 1 985 214 188 505 -1 -1 -1 -1 
397 1 986 218 183 501 -1 -1 -1 -1 
398 1 984 218 183 501 -1 -1 -1 -1 
399 1 979 217 191 502 -1 -1 -1 -1 
400 1 979 217 189 502 -1 -1 -1 -1 
401 1 978 212 190 507 -1 -1 -1 -1 
402 1 976 211 186 508 -1 -1 -1 -1 
403 1 975 213 186 506 -1 -1 -1 -1 
404 1 974 212 185 507 -1 -1 -1 -1 
405 1 977 214 177 505 -1 -1 -1 -1 
406 1 975 217 177 502 -1 -1 -1 -1 
407 1 973 216 182 503 -1 -1 -1 -1 
408 1 972 212 182 507 -1 -1 -1 -1 
409 1 971 213 180 506 -1 -1 -1 -1 
410 1 971 210 180 509 -1 -1 -1 -1 
411 1 970 207 178 512 -1 -1 -1 -1 
412 1 975 217 166 502 -1 -1 -1 -1 
413 1 968 215 175 504 -1 -1 -1 -1 
414 1 968 218 170 501 -1 -1 -1 -1 
415 1 963 217 174 502 -1 -1 -1 -1 
416 1 961 220 179 499 -1 -1 -1 -1 
417 1 962 220 177 499 -1 -1 -1 -1 
418 1 962 219 177 500 -1 -1 -1 -1 
419 1 960 216 178 503 -1 -1 -1 -1 
420 1 960 216 174 503 -1 -1 -1 -1 
421 1 953 213 182 506 -1 -1 -1 -1 
422 1 949 211 186 508 -1 -1 -1 -1 
423 1 948 212 182 507 -1 -1 -1 -1 
424 1 946 212 184 507 -1 -1 -1 -1 
425 1 942 212 183 507 -1 -1 -1 -1 
426 1 941 215 180 504 -1 -1 -1 -1 
427 1 938 215 180 504 -1 -1 -1 -1 
428 1 938 222 176 497 -1 -1 -1 -1 
429 1 937 217 172 502 -1 -1 -1 -1 
430 1 936 210 169 509 -1 -1 -1 -1 
431 1 935 207 169 512 -1 -1 -1 -1 
432 1 936 205 168 514 -1 -1 -1 -1 
433 1 933 204 167 515 -1 -1 -1 -1 
434 1 931 208 166 511 -1 -1 -1 -1 
435 1 929 213 166 506 -1 -1 -1 -1 
436 1 926 212 170 507 -1 -1 -1 -1 
437 1 925 210 171 509 -1 -1 -1 -1 
438 1 919 209 175 510 -1 -1 -1 -1 
439 1 920 210 171 509 -1 -1 -1 -1 
440 1 917 209 175 510 -1 -1 -1 -1 
441 1 911 202 181 517 -1 -1 -1 -1 
442 1 912 204 176 515 -1 -1 -1 -1 
443 1 915 208 172 511 -1 -1 -1 -1 
444 1 912 204 174 515 -1 -1 -1 -1 
445 1 910 202 178 517 -1 -1 -1 -1 
446 1 910 204 176 515 -1 -1 -1 -1 
447 1 907 207 179 512 -1 -1 -1 -1 
448 1 906 203 177 516 -1 -1 -1 -1 
449 1 907 201 174 518 -1 -1 -1 -1 
450 1 906 200 174 519 -1 -1 -1 -1 
451 1 903 200 174 519 -1 -1 -1 -1 
452 1 900 196 175 523 -1 -1 -1 -1 
453 1 895 202 181 517 -1 -1 -1 -1 
454 1 892 206 180 513 -1 -1 -1 -1 
455 1 893 205 176 514 -1 -1 -1 -1 
456 1 892 210 177 508 -1 -1 -1 -1 
457 1 888 210 182 508 -1 -1 -1 -1 
458 1 886 211 179 505 -1 -1 -1 -1 
459 1 886 211 176 501 -1 -1 -1 -1 
460 1 886 213 175 496 -1 -1 -1 -1 
461 1 897 195 154 515 -1 -1 -1 -1 
462 1 882 210 176 500 -1 -1 -1 -1 
463 1 880 208 174 505 -1 -1 -1 -1 
464 1 879 207 171 507 -1 -1 -1 -1 
465 1 880 202 168 514 -1 -1 -1 -1 
466 1 878 200 170 516 -1 -1 -1 -1 
467 1 876 197 167 520 -1 -1 -1 -1 
468 1 867 201 171 518 -1 -1 -1 -1 
469 1 865 199 169 520 -1 -1 -1 -1 
470 1 863 199 169 520 -1 -1 -1 -1 
471 1 863 201 168 518 -1 -1 -1 -1 
472 1 860 199 172 520 -1 -1 -1 -1 
473 1 856 197 175 522 -1 -1 -1 -1 
474 1 853 198 177 521 -1 -1 -1 -1 
475 1 852 197 177 522 -1 -1 -1 -1 
476 1 848 197 180 522 -1 -1 -1 -1 
477 1 851 200 173 518 -1 -1 -1 -1 
478 1 847 198 176 521 -1 -1 -1 -1 
479 1 844 201 178 518 -1 -1 -1 -1 
480 1 842 201 178 518 -1 -1 -1 -1 
481 1 841 200 179 519 -1 -1 -1 -1 
482 1 841 198 175 521 -1 -1 -1 -1 
483 1 842 183 166 536 -1 -1 -1 -1 
484 1 841 187 165 532 -1 -1 -1 -1 
485 1 838 189 170 530 -1 -1 -1 -1 
486 1 839 197 167 522 -1 -1 -1 -1 
487 1 836 201 170 518 -1 -1 -1 -1 
488 1 835 202 164 515 -1 -1 -1 -1 
489 1 830 202 171 514 -1 -1 -1 -1 
490 1 844 192 143 519 -1 -1 -1 -1 
491 1 841 186 145 527 -1 -1 -1 -1 
492 1 835 182 151 534 -1 -1 -1 -1 
493 1 838 184 150 531 -1 -1 -1 -1 
494 1 831 179 158 540 -1 -1 -1 -1 
495 1 826 179 164 540 -1 -1 -1 -1 
496 1 823 180 161 537 -1 -1 -1 -1 
497 1 820 186 159 529 -1 -1 -1 -1 
498 1 818 180 160 539 -1 -1 -1 -1 
499 1 812 181 164 538 -1 -1 -1 -1 
500 1 811 182 166 536 -1 -1 -1 -1 
501 1 813 184 161 535 -1 -1 -1 -1 
502 1 809 179 165 540 -1 -1 -1 -1 
503 1 809 177 163 542 -1 -1 -1 -1 
504 1 813 173 154 546 -1 -1 -1 -1 
505 1 811 163 156 556 -1 -1 -1 -1 
506 1 803 164 161 555 -1 -1 -1 -1 
507 1 802 166 162 553 -1 -1 -1 -1 
508 1 803 165 158 554 -1 -1 -1 -1 
509 1 799 167 162 552 -1 -1 -1 -1 
510 1 794 164 166 555 -1 -1 -1 -1 
511 1 789 162 172 557 -1 -1 -1 -1 
512 1 787 157 171 562 -1 -1 -1 -1 
513 1 781 160 176 559 -1 -1 -1 -1 
514 1 779 160 177 559 -1 -1 -1 -1 
515 1 775 163 179 556 -1 -1 -1 -1 
516 1 777 169 174 550 -1 -1 -1 -1 
517 1 778 167 171 552 -1 -1 -1 -1 
518 1 786 179 156 538 -1 -1 -1 -1 
519 1 788 177 154 541 -1 -1 -1 -1 
520 1 788 177 152 542 -1 -1 -1 -1 
521 1 779 162 165 556 -1 -1 -1 -1 
522 1 785 175 154 544 -1 -1 -1 -1 
523 1 783 170 153 549 -1 -1 -1 -1 
524 1 781 169 153 550 -1 -1 -1 -1 
525 1 782 177 149 537 -1 -1 -1 -1 
526 1 779 169 154 548 -1 -1 -1 -1 
527 1 777 168 154 550 -1 -1 -1 -1 
528 1 776 167 154 550 -1 -1 -1 -1 
529 1 772 161 157 558 -1 -1 -1 -1 
530 1 769 154 159 565 -1 -1 -1 -1 
531 1 767 150 160 569 -1 -1 -1 -1 
532 1 766 145 162 574 -1 -1 -1 -1 
533 1 762 140 166 579 -1 -1 -1 -1 
534 1 760 137 166 582 -1 -1 -1 -1 
535 1 761 138 165 581 -1 -1 -1 -1 
536 1 761 137 162 582 -1 -1 -1 -1 
537 1 761 143 161 576 -1 -1 -1 -1 
538 1 756 138 164 581 -1 -1 -1 -1 
539 1 755 138 164 581 -1 -1 -1 -1 
540 1 756 138 159 581 -1 -1 -1 -1 
541 1 756 139 161 580 -1 -1 -1 -1 
542 1 756 138 161 581 -1 -1 -1 -1 
543 1 754 140 167 579 -1 -1 -1 -1 
544 1 753 139 167 580 -1 -1 -1 -1 
545 1 751 139 170 580 -1 -1 -1 -1 
546 1 752 138 170 581 -1 -1 -1 -1 
547 1 751 138 172 581 -1 -1 -1 -1 
548 1 751 140 173 579 -1 -1 -1 -1 
549 1 752 139 168 580 -1 -1 -1 -1 
550 1 751 139 166 580 -1 -1 -1 -1 
551 1 749 137 169 582 -1 -1 -1 -1 
552 1 749 136 168 583 -1 -1 -1 -1 
553 1 750 135 168 584 -1 -1 -1 -1 
554 1 749 134 169 585 -1 -1 -1 -1 
555 1 749 131 167 588 -1 -1 -1 -1 
556 1 749 131 164 588 -1 -1 -1 -1 
557 1 750 133 161 586 -1 -1 -1 -1 
558 1 750 135 159 584 -1 -1 -1 -1 
559 1 754 135 156 584 -1 -1 -1 -1 
560 1 755 134 155 585 -1 -1 -1 -1 
561 1 754 135 156 584 -1 -1 -1 -1 
562 1 755 130 153 589 -1 -1 -1 -1 
563 1 754 133 155 586 -1 -1 -1 -1 
564 1 752 131 156 588 -1 -1 -1 -1 
565 1 749 134 159 585 -1 -1 -1 -1 
566 1 747 137 161 582 -1 -1 -1 -1 
567 1 745 138 161 581 -1 -1 -1 -1 
568 1 748 136 158 583 -1 -1 -1 -1 
569 1 746 135 160 584 -1 -1 -1 -1 
570 1 745 137 158 582 -1 -1 -1 -1 
571 1 745 135 159 584 -1 -1 -1 -1 
572 1 741 139 166 580 -1 -1 -1 -1 
573 1 741 134 167 585 -1 -1 -1 -1 
574 1 740 136 167 583 -1 -1 -1 -1 
575 1 738 132 170 587 -1 -1 -1 -1 
576 1 736 139 170 580 -1 -1 -1 -1 
577 1 735 135 173 584 -1 -1 -1 -1 
578 1 731 133 177 586 -1 -1 -1 -1 
579 1 733 130 173 589 -1 -1 -1 -1 
580 1 728 131 179 588 -1 -1 -1 -1 
581 1 727 133 179 586 -1 -1 -1 -1 
582 1 727 130 178 589 -1 -1 -1 -1 
583 1 724 133 181 586 -1 -1 -1 -1 
584 1 721 132 183 587 -1 -1 -1 -1 
585 1 719 132 184 587 -1 -1 -1 -1 
586 1 715 130 190 589 -1 -1 -1 -1 
587 1 716 130 187 589 -1 -1 -1 -1 
588 1 715 133 187 586 -1 -1 -1 -1 
589 1 718 150 188 558 -1 -1 -1 -1 
590 1 714 130 188 589 -1 -1 -1 -1 
591 1 718 148 185 560 -1 -1 -1 -1 
592 1 717 147 185 561 -1 -1 -1 -1 
593 1 717 130 183 589 -1 -1 -1 -1 
594 1 714 131 183 588 -1 -1 -1 -1 
595 1 713 131 181 588 -1 -1 -1 -1 
596 1 713 149 188 561 -1 -1 -1 -1 
597 1 714 149 186 562 -1 -1 -1 -1 
598 1 712 152 186 560 -1 -1 -1 -1 
599 1 710 149 189 562 -1 -1 -1 -1 
600 1 709 151 191 558 -1 -1 -1 -1 
601 1 709 148 189 563 -1 -1 -1 -1 
602 1 711 149 187 561 -1 -1 -1 -1 
603 1 710 150 187 559 -1 -1 -1 -1 
604 1 709 148 186 562 -1 -1 -1 -1 
605 1 706 146 189 564 -1 -1 -1 -1 
606 1 706 144 186 568 -1 -1 -1 -1 
607 1 706 141 186 571 -1 -1 -1 -1 
608 1 704 159 187 558 -1 -1 -1 -1 
609 1 703 159 186 556 -1 -1 -1 -1 
610 1 704 156 185 561 -1 -1 -1 -1 
611 1 703 154 184 564 -1 -1 -1 -1 
612 1 704 153 183 564 -1 -1 -1 -1 
613 1 703 156 181 557 -1 -1 -1 -1 
614 1 700 132 178 587 -1 -1 -1 -1 
615 1 697 136 178 583 -1 -1 -1 -1 
616 1 693 137 185 582 -1 -1 -1 -1 
617 1 692 136 181 583 -1 -1 -1 -1 
618 1 693 135 188 581 -1 -1 -1 -1 
619 1 693 136 186 579 -1 -1 -1 -1 
620 1 693 136 184 579 -1 -1 -1 -1 
621 1 693 134 184 582 -1 -1 -1 -1 
622 1 695 154 179 556 -1 -1 -1 -1 
623 1 689 133 184 583 -1 -1 -1 -1 
624 1 688 143 178 576 -1 -1 -1 -1 
625 1 686 133 182 583 -1 -1 -1 -1 
626 1 686 151 181 556 -1 -1 -1 -1 
627 1 685 150 181 557 -1 -1 -1 -1 
628 1 685 149 184 560 -1 -1 -1 -1 
629 1 684 147 186 565 -1 -1 -1 -1 
630 1 682 147 190 564 -1 -1 -1 -1 
631 1 679 144 190 569 -1 -1 -1 -1 
632 1 676 154 192 565 -1 -1 -1 -1 
633 1 679 151 185 568 -1 -1 -1 -1 
634 1 678 140 189 572 -1 -1 -1 -1 
635 1 679 142 188 571 -1 -1 -1 -1 
636 1 680 152 182 567 -1 -1 -1 -1 
637 1 681 151 181 568 -1 -1 -1 -1 
638 1 683 151 175 568 -1 -1 -1 -1 
639 1 685 152 171 567 -1 -1 -1 -1 
640 1 683 153 173 566 -1 -1 -1 -1 
641 1 680 149 175 570 -1 -1 -1 -1 
642 1 680 142 175 577 -1 -1 -1 -1 
643 1 678 140 179 579 -1 -1 -1 -1 
644 1 680 143 173 576 -1 -1 -1 -1 
645 1 680 144 172 575 -1 -1 -1 -1 
646 1 678 138 168 581 -1 -1 -1 -1 
647 1 676 139 170 580 -1 -1 -1 -1 
648 1 676 134 169 585 -1 -1 -1 -1 
649 1 680 130 161 589 -1 -1 -1 -1 
650 1 678 130 162 589 -1 -1 -1 -1 
651 1 677 123 158 596 -1 -1 -1 -1 
652 1 672 130 165 589 -1 -1 -1 -1 
653 1 673 132 163 587 -1 -1 -1 -1 
654 1 673 135 163 584 -1 -1 -1 -1 
655 1 674 139 160 580 -1 -1 -1 -1 
656 1 668 138 168 581 -1 -1 -1 -1 
657 1 668 140 163 579 -1 -1 -1 -1 
658 1 665 141 164 578 -1 -1 -1 -1 
659 1 662 144 165 575 -1 -1 -1 -1 
660 1 662 142 163 577 -1 -1 -1 -1 
661 1 663 147 160 572 -1 -1 -1 -1 
662 1 664 149 156 568 -1 -1 -1 -1 
663 1 661 142 176 568 -1 -1 -1 -1 
664 1 660 141 177 568 -1 -1 -1 -1 
665 1 660 142 172 569 -1 -1 -1 -1 
666 1 659 138 171 574 -1 -1 -1 -1 
667 1 657 142 173 569 -1 -1 -1 -1 
668 1 657 141 173 571 -1 -1 -1 -1 
669 1 656 140 172 572 -1 -1 -1 -1 
670 1 655 140 174 571 -1 -1 -1 -1 
671 1 655 140 175 570 -1 -1 -1 -1 
672 1 652 137 178 573 -1 -1 -1 -1 
673 1 650 136 178 575 -1 -1 -1 -1 
674 1 649 134 179 578 -1 -1 -1 -1 
675 1 648 135 178 575 -1 -1 -1 -1 
676 1 648 134 179 578 -1 -1 -1 -1 
677 1 649 135 176 577 -1 -1 -1 -1 
678 1 646 135 178 578 -1 -1 -1 -1 
679 1 643 134 179 581 -1 -1 -1 -1 
680 1 645 147 176 568 -1 -1 -1 -1 
681 1 641 133 180 582 -1 -1 -1 -1 
682 1 642 131 176 585 -1 -1 -1 -1 
683 1 640 133 178 583 -1 -1 -1 -1 
684 1 639 133 179 583 -1 -1 -1 -1 
685 1 654 122 145 597 -1 -1 -1 -1 
686 1 652 120 143 599 -1 -1 -1 -1 
687 1 652 120 142 599 -1 -1 -1 -1 
688 1 636 144 179 568 -1 -1 -1 -1 
689 1 646 126 152 593 -1 -1 -1 -1 
690 1 648 124 149 595 -1 -1 -1 -1 
691 1 645 127 150 592 -1 -1 -1 -1 
692 1 644 126 152 593 -1 -1 -1 -1 
693 1 645 128 150 591 -1 -1 -1 -1 
694 1 646 128 147 591 -1 -1 -1 -1 
695 1 634 147 180 562 -1 -1 -1 -1 
696 1 635 145 177 562 -1 -1 -1 -1 
697 1 636 144 173 563 -1 -1 -1 -1 
698 1 644 129 146 590 -1 -1 -1 -1 
699 1 641 129 149 590 -1 -1 -1 -1 
700 1 640 129 152 590 -1 -1 -1 -1 
701 1 643 132 146 587 -1 -1 -1 -1 
702 1 637 106 161 613 -1 -1 -1 -1 
703 1 642 134 147 585 -1 -1 -1 -1 
704 1 638 136 150 582 -1 -1 -1 -1 
705 1 635 108 160 611 -1 -1 -1 -1 
706 1 636 108 156 611 -1 -1 -1 -1 
707 1 635 107 155 612 -1 -1 -1 -1 
708 1 630 147 171 552 -1 -1 -1 -1 
709 1 635 109 154 610 -1 -1 -1 -1 
710 1 634 110 155 609 -1 -1 -1 -1 
711 1 631 109 160 610 -1 -1 -1 -1 
712 1 632 109 157 610 -1 -1 -1 -1 
713 1 624 147 176 551 -1 -1 -1 -1 
714 1 624 148 175 549 -1 -1 -1 -1 
715 1 628 112 157 607 -1 -1 -1 -1 
716 1 633 134 143 585 -1 -1 -1 -1 
717 1 619 122 170 592 -1 -1 -1 -1 
718 1 627 107 158 612 -1 -1 -1 -1 
719 1 622 118 165 599 -1 -1 -1 -1 
720 1 620 117 169 601 -1 -1 -1 -1 
721 1 620 114 168 605 -1 -1 -1 -1 
722 1 617 115 173 604 -1 -1 -1 -1 
723 1 617 112 171 607 -1 -1 -1 -1 
724 1 618 112 167 607 -1 -1 -1 -1 
725 1 618 117 167 602 -1 -1 -1 -1 
726 1 621 115 160 604 -1 -1 -1 -1 
727 1 622 112 157 607 -1 -1 -1 -1 
728 1 621 111 159 608 -1 -1 -1 -1 
729 1 622 111 157 608 -1 -1 -1 -1 
730 1 621 109 156 610 -1 -1 -1 -1 
731 1 621 107 155 612 -1 -1 -1 -1 
732 1 624 109 149 610 -1 -1 -1 -1 
733 1 623 112 150 607 -1 -1 -1 -1 
734 1 621 112 152 607 -1 -1 -1 -1 
735 1 619 111 155 608 -1 -1 -1 -1 
736 1 621 111 151 608 -1 -1 -1 -1 
737 1 621 109 149 610 -1 -1 -1 -1 
738 1 620 113 149 606 -1 -1 -1 -1 
739 1 616 111 154 608 -1 -1 -1 -1 
740 1 618 110 153 609 -1 -1 -1 -1 
741 1 617 110 155 609 -1 -1 -1 -1 
742 1 616 113 155 606 -1 -1 -1 -1 
743 1 615 109 158 610 -1 -1 -1 -1 
744 1 616 110 154 609 -1 -1 -1 -1 
745 1 612 108 157 611 -1 -1 -1 -1 
746 1 613 108 155 611 -1 -1 -1 -1 
747 1 614 108 154 611 -1 -1 -1 -1 
748 1 613 107 154 612 -1 -1 -1 -1 
749 1 613 107 155 612 -1 -1 -1 -1 
750 1 611 107 158 612 -1 -1 -1 -1 
751 1 609 105 159 614 -1 -1 -1 -1 
752 1 608 102 160 617 -1 -1 -1 -1 
753 1 606 99 163 620 -1 -1 -1 -1 
754 1 603 99 166 620 -1 -1 -1 -1 
755 1 604 101 161 618 -1 -1 -1 -1 
756 1 606 103 157 616 -1 -1 -1 -1 
757 1 606 104 157 615 -1 -1 -1 -1 
758 1 600 131 168 577 -1 -1 -1 -1 
759 1 599 130 170 577 -1 -1 -1 -1 
760 1 598 130 172 578 -1 -1 -1 -1 
761 1 595 130 176 577 -1 -1 -1 -1 
762 1 596 132 173 575 -1 -1 -1 -1 
763 1 595 132 175 575 -1 -1 -1 -1 
764 1 595 133 175 574 -1 -1 -1 -1 
765 1 596 132 174 575 -1 -1 -1 -1 
766 1 595 131 174 578 -1 -1 -1 -1 
767 1 595 132 171 578 -1 -1 -1 -1 
768 1 594 132 173 577 -1 -1 -1 -1 
769 1 594 132 172 578 -1 -1 -1 -1 
770 1 593 133 173 577 -1 -1 -1 -1 
771 1 593 132 174 578 -1 -1 -1 -1 
772 1 593 132 175 576 -1 -1 -1 -1 
773 1 592 132 176 577 -1 -1 -1 -1 
774 1 592 131 175 579 -1 -1 -1 -1 
775 1 592 132 175 577 -1 -1 -1 -1 
776 1 592 131 176 578 -1 -1 -1 -1 
777 1 591 132 176 577 -1 -1 -1 -1 
778 1 591 132 175 578 -1 -1 -1 -1 
779 1 591 134 174 576 -1 -1 -1 -1 
780 1 591 135 174 574 -1 -1 -1 -1 
781 1 590 136 173 574 -1 -1 -1 -1 
782 1 589 135 174 576 -1 -1 -1 -1 
783 1 590 134 173 578 -1 -1 -1 -1 
784 1 590 132 172 581 -1 -1 -1 -1 
785 1 590 132 170 582 -1 -1 -1 -1 
786 1 589 132 170 583 -1 -1 -1 -1 
787 1 589 131 169 584 -1 -1 -1 -1 
788 1 588 133 169 581 -1 -1 -1 -1 
789 1 586 133 169 582 -1 -1 -1 -1 
790 1 583 132 171 583 -1 -1 -1 -1 
791 1 581 130 172 586 -1 -1 -1 -1 
792 1 580 131 173 586 -1 -1 -1 -1 
793 1 581 132 171 584 -1 -1 -1 -1 
794 1 579 133 172 583 -1 -1 -1 -1 
795 1 588 125 149 594 -1 -1 -1 -1 
796 1 588 123 146 596 -1 -1 -1 -1 
797 1 588 120 144 599 -1 -1 -1 -1 
798 1 588 122 144 597 -1 -1 -1 -1 
799 1 586 121 146 598 -1 -1 -1 -1 
800 1 586 120 147 599 -1 -1 -1 -1 
801 1 575 128 174 588 -1 -1 -1 -1 
802 1 575 128 172 587 -1 -1 -1 -1 
803 1 585 119 144 600 -1 -1 -1 -1 
804 1 584 120 145 599 -1 -1 -1 -1 
805 1 582 123 146 596 -1 -1 -1 -1 
806 1 581 122 148 597 -1 -1 -1 -1 
807 1 580 101 152 618 -1 -1 -1 -1 
808 1 580 102 148 617 -1 -1 -1 -1 
809 1 579 103 148 616 -1 -1 -1 -1 
810 1 580 103 146 616 -1 -1 -1 -1 
811 1 579 104 147 615 -1 -1 -1 -1 
812 1 578 106 145 613 -1 -1 -1 -1 
813 1 578 131 141 588 -1 -1 -1 -1 
814 1 576 130 145 589 -1 -1 -1 -1 
815 1 574 130 147 589 -1 -1 -1 -1 
816 1 572 104 149 615 -1 -1 -1 -1 
817 1 572 103 149 616 -1 -1 -1 -1 
818 1 572 102 150 617 -1 -1 -1 -1 
819 1 571 100 151 619 -1 -1 -1 -1 
820 1 569 98 152 621 -1 -1 -1 -1 
821 1 569 98 152 621 -1 -1 -1 -1 
822 1 570 97 150 622 -1 -1 -1 -1 
823 1 572 98 146 621 -1 -1 -1 -1 
824 1 571 130 144 589 -1 -1 -1 -1 
825 1 569 131 146 588 -1 -1 -1 -1 
826 1 569 131 146 588 -1 -1 -1 -1 
827 1 568 130 149 589 -1 -1 -1 -1 
828 1 566 131 149 588 -1 -1 -1 -1 
829 1 570 137 138 582 -1 -1 -1 -1 
830 1 568 114 149 605 -1 -1 -1 -1 
831 1 568 114 148 605 -1 -1 -1 -1 
832 1 562 110 153 609 -1 -1 -1 -1 
833 1 564 114 149 605 -1 -1 -1 -1 
834 1 565 111 143 608 -1 -1 -1 -1 
835 1 565 113 143 606 -1 -1 -1 -1 
836 1 565 110 143 609 -1 -1 -1 -1 
837 1 564 111 142 608 -1 -1 -1 -1 
838 1 563 110 143 609 -1 -1 -1 -1 
839 1 562 112 142 607 -1 -1 -1 -1 
840 1 560 112 145 607 -1 -1 -1 -1 
841 1 557 127 144 592 -1 -1 -1 -1 
842 1 557 126 143 593 -1 -1 -1 -1 
843 1 554 131 143 588 -1 -1 -1 -1 
844 1 555 133 142 586 -1 -1 -1 -1 
845 1 544 134 166 573 -1 -1 -1 -1 
846 1 554 130 142 589 -1 -1 -1 -1 
847 1 552 128 143 591 -1 -1 -1 -1 
848 1 540 135 166 572 -1 -1 -1 -1 
849 1 540 135 165 573 -1 -1 -1 -1 
850 1 539 136 165 573 -1 -1 -1 -1 
851 1 537 135 167 572 -1 -1 -1 -1 
852 1 536 133 168 573 -1 -1 -1 -1 
853 1 535 133 168 573 -1 -1 -1 -1 
854 1 534 134 168 572 -1 -1 -1 -1 
855 1 535 134 167 572 -1 -1 -1 -1 
856 1 532 134 169 575 -1 -1 -1 -1 
857 1 533 138 166 573 -1 -1 -1 -1 
858 1 531 137 167 573 -1 -1 -1 -1 
859 1 531 138 166 571 -1 -1 -1 -1 
860 1 531 136 165 574 -1 -1 -1 -1 
861 1 532 136 162 575 -1 -1 -1 -1 
862 1 530 136 163 576 -1 -1 -1 -1 
863 1 529 136 163 576 -1 -1 -1 -1 
864 1 527 135 166 578 -1 -1 -1 -1 
865 1 525 138 167 574 -1 -1 -1 -1 
866 1 524 136 164 577 -1 -1 -1 -1 
867 1 522 134 163 579 -1 -1 -1 -1 
868 1 522 135 165 579 -1 -1 -1 -1 
869 1 524 133 162 581 -1 -1 -1 -1 
870 1 521 132 161 583 -1 -1 -1 -1 
871 1 521 131 162 583 -1 -1 -1 -1 
872 1 519 131 162 585 -1 -1 -1 -1 
873 1 517 130 162 585 -1 -1 -1 -1 
874 1 518 130 162 584 -1 -1 -1 -1 
875 1 524 109 141 610 -1 -1 -1 -1 
876 1 525 107 136 612 -1 -1 -1 -1 
877 1 524 111 136 608 -1 -1 -1 -1 
878 1 523 111 137 608 -1 -1 -1 -1 
879 1 520 129 136 590 -1 -1 -1 -1 
880 1 520 126 136 593 -1 -1 -1 -1 
881 1 519 123 137 596 -1 -1 -1 -1 
882 1 518 124 135 595 -1 -1 -1 -1 
883 1 517 126 135 593 -1 -1 -1 -1 
884 1 516 126 135 593 -1 -1 -1 -1 
885 1 512 127 140 592 -1 -1 -1 -1 
886 1 510 130 140 589 -1 -1 -1 -1 
887 1 510 133 136 586 -1 -1 -1 -1 
888 1 510 121 139 598 -1 -1 -1 -1 
889 1 509 117 139 602 -1 -1 -1 -1 
890 1 508 125 139 594 -1 -1 -1 -1 
891 1 502 128 141 591 -1 -1 -1 -1 
892 1 502 127 140 592 -1 -1 -1 -1 
893 1 502 127 136 592 -1 -1 -1 -1 
894 1 500 131 136 588 -1 -1 -1 -1 
895 1 499 130 134 589 -1 -1 -1 -1 
896 1 497 127 133 592 -1 -1 -1 -1 
897 1 497 127 133 592 -1 -1 -1 -1 
898 1 495 128 132 591 -1 -1 -1 -1 
899 1 492 131 131 588 -1 -1 -1 -1 
900 1 491 130 132 589 -1 -1 -1 -1 
901 1 489 128 133 591 -1 -1 -1 -1 
902 1 485 128 137 591 -1 -1 -1 -1 
903 1 479 124 145 595 -1 -1 -1 -1 
904 1 478 129 146 590 -1 -1 -1 -1 
905 1 477 128 145 591 -1 -1 -1 -1 
906 1 471 134 156 576 -1 -1 -1 -1 
907 1 467 134 159 577 -1 -1 -1 -1 
908 1 471 126 138 593 -1 -1 -1 -1 
909 1 461 132 157 583 -1 -1 -1 -1 
910 1 459 131 158 584 -1 -1 -1 -1 
911 1 466 129 138 590 -1 -1 -1 -1 
912 1 464 127 138 592 -1 -1 -1 -1 
913 1 466 107 131 612 -1 -1 -1 -1 
914 1 465 120 127 599 -1 -1 -1 -1 
915 1 459 105 135 614 -1 -1 -1 -1 
916 1 462 117 127 602 -1 -1 -1 -1 
917 1 460 117 128 602 -1 -1 -1 -1 
918 1 453 124 135 595 -1 -1 -1 -1 
919 1 450 131 134 588 -1 -1 -1 -1 
920 1 448 129 133 590 -1 -1 -1 -1 
921 1 448 122 132 597 -1 -1 -1 -1 
922 1 444 124 134 595 -1 -1 -1 -1 
923 1 438 128 136 591 -1 -1 -1 -1 
924 1 435 128 135 591 -1 -1 -1 -1 
925 1 434 131 133 588 -1 -1 -1 -1 
926 1 432 132 130 587 -1 -1 -1 -1 
927 1 430 135 127 584 -1 -1 -1 -1 
928 1 429 133 125 586 -1 -1 -1 -1 
929 1 427 132 126 587 -1 -1 -1 -1 
930 1 422 131 130 588 -1 -1 -1 -1 
931 1 422 134 125 585 -1 -1 -1 -1 
932 1 416 137 129 581 -1 -1 -1 -1 
933 1 414 143 126 576 -1 -1 -1 -1 
934 1 411 145 126 574 -1 -1 -1 -1 
935 1 409 142 127 577 -1 -1 -1 -1 
936 1 406 139 127 580 -1 -1 -1 -1 
937 1 403 140 126 579 -1 -1 -1 -1 
938 1 403 122 123 597 -1 -1 -1 -1 
939 1 404 123 117 596 -1 -1 -1 -1 
940 1 402 125 118 594 -1 -1 -1 -1 
941 1 401 128 116 591 -1 -1 -1 -1 
942 1 397 126 121 593 -1 -1 -1 -1 
943 1 392 129 121 590 -1 -1 -1 -1 
944 1 389 130 123 589 -1 -1 -1 -1 
945 1 388 123 126 596 -1 -1 -1 -1 
946 1 385 124 128 595 -1 -1 -1 -1 
947 1 383 125 125 594 -1 -1 -1 -1 
948 1 379 129 123 590 -1 -1 -1 -1 
949 1 375 133 123 586 -1 -1 -1 -1 
950 1 376 131 117 588 -1 -1 -1 -1 
951 1 377 127 111 592 -1 -1 -1 -1 
952 1 377 123 110 596 -1 -1 -1 -1 
953 1 374 129 112 590 -1 -1 -1 -1 
954 1 373 134 110 585 -1 -1 -1 -1 
955 1 369 127 114 592 -1 -1 -1 -1 
956 1 361 134 119 585 -1 -1 -1 -1 
957 1 359 135 112 584 -1 -1 -1 -1 
958 1 357 153 112 566 -1 -1 -1 -1 
959 1 353 128 125 591 -1 -1 -1 -1 
960 1 353 124 118 595 -1 -1 -1 -1 
961 1 350 125 117 594 -1 -1 -1 -1 
962 1 348 126 116 593 -1 -1 -1 -1 
963 1 348 122 114 597 -1 -1 -1 -1 
964 1 348 122 108 597 -1 -1 -1 -1 
965 1 347 125 109 594 -1 -1 -1 -1 
966 1 348 129 105 590 -1 -1 -1 -1 
967 1 349 131 102 588 -1 -1 -1 -1 
968 1 342 139 106 580 -1 -1 -1 -1 
969 1 339 140 107 579 -1 -1 -1 -1 
970 1 336 143 105 576 -1 -1 -1 -1 
971 1 331 144 108 575 -1 -1 -1 -1 
972 1 329 145 105 574 -1 -1 -1 -1 
973 1 331 131 109 588 -1 -1 -1 -1 
974 1 328 135 109 584 -1 -1 -1 -1 
975 1 324 138 113 581 -1 -1 -1 -1 
976 1 322 140 108 579 -1 -1 -1 -1 
977 1 320 144 105 575 -1 -1 -1 -1 
978 1 319 144 103 575 -1 -1 -1 -1 
979 1 317 147 102 572 -1 -1 -1 -1 
