3 1 1082 356 15 42 -1 -1 -1 -1 
4 1 1082 356 15 42 -1 -1 -1 -1 
5 1 1082 356 15 42 -1 -1 -1 -1 
6 1 1082 356 15 42 -1 -1 -1 -1 
7 1 1082 356 15 42 -1 -1 -1 -1 
8 1 1082 356 15 42 -1 -1 -1 -1 
9 1 1082 356 15 42 -1 -1 -1 -1 
10 1 1082 356 15 42 -1 -1 -1 -1 
11 1 1082 356 15 42 -1 -1 -1 -1 
12 1 1082 356 15 42 -1 -1 -1 -1 
13 1 1082 356 15 42 -1 -1 -1 -1 
14 1 1082 356 15 42 -1 -1 -1 -1 
15 1 1082 356 15 42 -1 -1 -1 -1 
16 1 1082 356 15 42 -1 -1 -1 -1 
17 1 1082 356 15 42 -1 -1 -1 -1 
18 1 1082 356 15 42 -1 -1 -1 -1 
19 1 1082 356 15 42 -1 -1 -1 -1 
20 1 1082 356 15 42 -1 -1 -1 -1 
21 1 1082 356 15 42 -1 -1 -1 -1 
22 1 1082 356 15 42 -1 -1 -1 -1 
23 1 1082 356 15 42 -1 -1 -1 -1 
24 1 1082 356 15 42 -1 -1 -1 -1 
25 1 1082 356 15 42 -1 -1 -1 -1 
26 1 1082 356 15 42 -1 -1 -1 -1 
27 1 1082 356 15 42 -1 -1 -1 -1 
28 1 1082 356 15 42 -1 -1 -1 -1 
29 1 1082 356 15 42 -1 -1 -1 -1 
30 1 1082 356 15 42 -1 -1 -1 -1 
31 1 1082 356 15 42 -1 -1 -1 -1 
32 1 1082 356 15 42 -1 -1 -1 -1 
33 1 1082 356 15 42 -1 -1 -1 -1 
34 1 1082 356 15 42 -1 -1 -1 -1 
35 1 1082 356 15 42 -1 -1 -1 -1 
36 1 1082 355 14 43 -1 -1 -1 -1 
73 2 1082 356 15 42 -1 -1 -1 -1 
73 3 774 263 18 44 -1 -1 -1 -1 
74 2 1082 356 15 42 -1 -1 -1 -1 
74 3 775 263 16 44 -1 -1 -1 -1 
75 2 1082 356 15 42 -1 -1 -1 -1 
76 2 1082 356 15 42 -1 -1 -1 -1 
77 2 1082 356 15 42 -1 -1 -1 -1 
78 2 1082 356 15 42 -1 -1 -1 -1 
79 2 1082 356 15 42 -1 -1 -1 -1 
80 2 1082 356 15 42 -1 -1 -1 -1 
81 2 1082 356 15 42 -1 -1 -1 -1 
82 2 1082 356 15 42 -1 -1 -1 -1 
83 2 1082 356 15 42 -1 -1 -1 -1 
84 2 1082 356 15 42 -1 -1 -1 -1 
85 2 1082 356 15 42 -1 -1 -1 -1 
86 2 1082 356 15 42 -1 -1 -1 -1 
87 2 1082 356 15 42 -1 -1 -1 -1 
88 2 1082 356 15 42 -1 -1 -1 -1 
89 2 1082 356 15 42 -1 -1 -1 -1 
90 2 1082 355 14 42 -1 -1 -1 -1 
91 2 1082 355 14 42 -1 -1 -1 -1 
92 2 1081 355 16 43 -1 -1 -1 -1 
93 2 1081 355 16 43 -1 -1 -1 -1 
94 2 1081 355 16 43 -1 -1 -1 -1 
95 2 1081 355 16 43 -1 -1 -1 -1 
96 2 1082 356 14 42 -1 -1 -1 -1 
97 2 1082 356 14 42 -1 -1 -1 -1 
98 2 1082 356 14 42 -1 -1 -1 -1 
99 2 1082 356 14 42 -1 -1 -1 -1 
100 2 1082 356 14 42 -1 -1 -1 -1 
101 2 1082 356 14 42 -1 -1 -1 -1 
102 2 1082 356 14 42 -1 -1 -1 -1 
103 2 1082 356 14 42 -1 -1 -1 -1 
104 2 1082 356 14 42 -1 -1 -1 -1 
105 2 1082 356 14 42 -1 -1 -1 -1 
106 2 1082 356 14 42 -1 -1 -1 -1 
107 2 1082 356 14 42 -1 -1 -1 -1 
108 2 1082 356 14 42 -1 -1 -1 -1 
109 2 1082 356 14 42 -1 -1 -1 -1 
110 2 1082 356 14 42 -1 -1 -1 -1 
111 2 1082 356 14 42 -1 -1 -1 -1 
112 2 1082 356 14 42 -1 -1 -1 -1 
137 2 1082 355 14 43 -1 -1 -1 -1 
138 2 1082 355 14 42 -1 -1 -1 -1 
139 2 1082 355 14 42 -1 -1 -1 -1 
140 2 1081 354 16 43 -1 -1 -1 -1 
141 2 1081 354 16 44 -1 -1 -1 -1 
142 2 1081 354 16 44 -1 -1 -1 -1 
143 2 1081 354 16 44 -1 -1 -1 -1 
144 2 1081 354 16 44 -1 -1 -1 -1 
145 2 1081 354 16 44 -1 -1 -1 -1 
146 2 1081 354 16 44 -1 -1 -1 -1 
147 2 1081 354 16 44 -1 -1 -1 -1 
148 2 1081 354 16 44 -1 -1 -1 -1 
149 2 1081 354 16 44 -1 -1 -1 -1 
150 2 1081 354 16 44 -1 -1 -1 -1 
151 2 1081 354 16 44 -1 -1 -1 -1 
152 2 1081 354 16 44 -1 -1 -1 -1 
153 2 1081 354 16 44 -1 -1 -1 -1 
154 2 1081 354 16 44 -1 -1 -1 -1 
155 2 1081 354 16 44 -1 -1 -1 -1 
156 2 1081 354 16 44 -1 -1 -1 -1 
157 2 1081 354 16 44 -1 -1 -1 -1 
158 2 1081 354 16 44 -1 -1 -1 -1 
159 2 1081 354 16 44 -1 -1 -1 -1 
160 2 1081 354 16 44 -1 -1 -1 -1 
161 2 1081 354 16 44 -1 -1 -1 -1 
162 2 1081 354 16 44 -1 -1 -1 -1 
163 2 1081 354 16 44 -1 -1 -1 -1 
